site_path_timestamp,floor,x,y
5a0546857ecc773753327266_046cfa46be49fc10834815c6_0000000000009,0,85.36019,99.07578
5a0546857ecc773753327266_046cfa46be49fc10834815c6_0000000009017,0,79.662285,102.766754
5a0546857ecc773753327266_046cfa46be49fc10834815c6_0000000015326,0,80.7184,107.19711
5a0546857ecc773753327266_046cfa46be49fc10834815c6_0000000018763,0,81.65774,110.50909
5a0546857ecc773753327266_046cfa46be49fc10834815c6_0000000022328,0,81.65774,110.50909
5a0546857ecc773753327266_046cfa46be49fc10834815c6_0000000029946,0,75.20755,115.304756
5a0546857ecc773753327266_046cfa46be49fc10834815c6_0000000040283,0,81.65774,110.50909
5a0546857ecc773753327266_046cfa46be49fc10834815c6_0000000051343,0,80.7184,107.19711
5a0546857ecc773753327266_046cfa46be49fc10834815c6_0000000064014,0,85.36019,99.07578
5a0546857ecc773753327266_05d052dde78384b0c543d89c_0000000000012,0,83.8521,13.329343
5a0546857ecc773753327266_05d052dde78384b0c543d89c_0000000005748,0,90.2409,15.865253
5a0546857ecc773753327266_05d052dde78384b0c543d89c_0000000014654,0,83.8521,13.329343
5a0546857ecc773753327266_05d052dde78384b0c543d89c_0000000019316,0,78.233154,12.855333
5a0546857ecc773753327266_05d052dde78384b0c543d89c_0000000027660,0,83.375114,18.09601
5a0546857ecc773753327266_05d052dde78384b0c543d89c_0000000034445,0,89.63533000000001,19.018911
5a0546857ecc773753327266_05d052dde78384b0c543d89c_0000000045583,0,90.2409,15.865253
5a0546857ecc773753327266_05d052dde78384b0c543d89c_0000000058977,0,83.375114,18.09601
5a0546857ecc773753327266_0c06cc9f21d172618d74c6c8_0000000000011,-1,157.16997,136.42146
5a0546857ecc773753327266_0c06cc9f21d172618d74c6c8_0000000011818,-1,157.20146,144.33165
5a0546857ecc773753327266_0c06cc9f21d172618d74c6c8_0000000019825,-1,158.62456,150.17136000000002
5a0546857ecc773753327266_0c06cc9f21d172618d74c6c8_0000000027199,-1,160.19351,156.03638
5a0546857ecc773753327266_0c06cc9f21d172618d74c6c8_0000000033660,-1,160.7603,164.57616000000002
5a0546857ecc773753327266_0c06cc9f21d172618d74c6c8_0000000043214,-1,167.19789,163.88925
5a0546857ecc773753327266_0c06cc9f21d172618d74c6c8_0000000053320,-1,164.5828,155.53607
5a0546857ecc773753327266_0c06cc9f21d172618d74c6c8_0000000059671,-1,163.4463,149.63315
5a0546857ecc773753327266_0c06cc9f21d172618d74c6c8_0000000064822,-1,162.76183,143.48042
5a0546857ecc773753327266_0c06cc9f21d172618d74c6c8_0000000072018,-1,161.38523999999998,135.60426
5a0546857ecc773753327266_0c06cc9f21d172618d74c6c8_0000000084546,-1,157.20146,144.33165
5a0546857ecc773753327266_0c06cc9f21d172618d74c6c8_0000000094486,-1,163.4463,149.63315
5a0546857ecc773753327266_0c06cc9f21d172618d74c6c8_0000000103491,-1,160.19351,156.03638
5a0546857ecc773753327266_0c06cc9f21d172618d74c6c8_0000000112216,-1,167.19789,163.88925
5a0546857ecc773753327266_146035943a1482883ed98570_0000000000011,-1,109.42748,141.38824
5a0546857ecc773753327266_146035943a1482883ed98570_0000000004535,-1,110.75577,136.80379
5a0546857ecc773753327266_146035943a1482883ed98570_0000000011498,-1,113.00673,132.10338000000002
5a0546857ecc773753327266_146035943a1482883ed98570_0000000019249,-1,115.98437,125.18158
5a0546857ecc773753327266_146035943a1482883ed98570_0000000026531,-1,119.89201,126.65633400000002
5a0546857ecc773753327266_146035943a1482883ed98570_0000000035158,-1,113.00673,132.10338000000002
5a0546857ecc773753327266_146035943a1482883ed98570_0000000040966,-1,116.463806,133.03621
5a0546857ecc773753327266_146035943a1482883ed98570_0000000049330,-1,114.58752,137.88801999999998
5a0546857ecc773753327266_146035943a1482883ed98570_0000000055485,-1,113.25124,142.41754
5a0546857ecc773753327266_146035943a1482883ed98570_0000000063866,-1,112.23156000000002,148.27546999999998
5a0546857ecc773753327266_1ef2771dfea25d508142ba06_0000000000009,0,85.68334,60.998093
5a0546857ecc773753327266_1ef2771dfea25d508142ba06_0000000012833,0,89.44682,53.63541800000001
5a0546857ecc773753327266_1ef2771dfea25d508142ba06_0000000021759,0,95.36641,59.9246
5a0546857ecc773753327266_1ef2771dfea25d508142ba06_0000000035154,0,84.32223,54.582897
5a0546857ecc773753327266_1ef2771dfea25d508142ba06_0000000043072,0,78.749794,56.190468
5a0546857ecc773753327266_1ef2771dfea25d508142ba06_0000000050947,0,79.88181,60.645687
5a0546857ecc773753327266_1ef2771dfea25d508142ba06_0000000064333,0,84.32223,54.582897
5a0546857ecc773753327266_1ef2771dfea25d508142ba06_0000000071770,0,89.44682,53.63541800000001
5a0546857ecc773753327266_3506b3b626f494b0f0b934ca_0000000000010,0,46.544464000000005,116.09933999999998
5a0546857ecc773753327266_3506b3b626f494b0f0b934ca_0000000006961,0,53.489666,112.05311
5a0546857ecc773753327266_3506b3b626f494b0f0b934ca_0000000013051,0,61.397137,113.81311
5a0546857ecc773753327266_3506b3b626f494b0f0b934ca_0000000019370,0,60.881638,110.81951
5a0546857ecc773753327266_3506b3b626f494b0f0b934ca_0000000027427,0,53.489666,112.05311
5a0546857ecc773753327266_3506b3b626f494b0f0b934ca_0000000033372,0,46.544464000000005,116.09933999999998
5a0546857ecc773753327266_3506b3b626f494b0f0b934ca_0000000046249,0,46.146442,112.24871
5a0546857ecc773753327266_3506b3b626f494b0f0b934ca_0000000055236,0,53.489666,112.05311
5a0546857ecc773753327266_3506b3b626f494b0f0b934ca_0000000062606,0,60.881638,110.81951
5a0546857ecc773753327266_3506b3b626f494b0f0b934ca_0000000071831,0,59.998547,106.71289
5a0546857ecc773753327266_3506b3b626f494b0f0b934ca_0000000080815,0,52.858997,107.81212
5a0546857ecc773753327266_3506b3b626f494b0f0b934ca_0000000087232,0,45.537014,109.046074
5a0546857ecc773753327266_3e0aebb66ef39150bbc27c24_0000000000009,0,19.62018,121.281136
5a0546857ecc773753327266_3e0aebb66ef39150bbc27c24_0000000007022,0,23.793947,120.53243
5a0546857ecc773753327266_3e0aebb66ef39150bbc27c24_0000000012073,0,27.262962,119.99679
5a0546857ecc773753327266_3e0aebb66ef39150bbc27c24_0000000016344,0,30.971437,121.873634
5a0546857ecc773753327266_3e0aebb66ef39150bbc27c24_0000000021335,0,34.941309999999994,121.28076
5a0546857ecc773753327266_3e0aebb66ef39150bbc27c24_0000000029226,0,30.971437,121.873634
5a0546857ecc773753327266_3e0aebb66ef39150bbc27c24_0000000035850,0,30.971437,121.873634
5a0546857ecc773753327266_3e0aebb66ef39150bbc27c24_0000000043355,0,24.006405,122.65151000000002
5a0546857ecc773753327266_3e0aebb66ef39150bbc27c24_0000000049672,0,24.494143,124.38962
5a0546857ecc773753327266_3e0aebb66ef39150bbc27c24_0000000057036,0,20.012032,123.33088
5a0546857ecc773753327266_3e0aebb66ef39150bbc27c24_0000000061607,0,22.416666,124.656975
5a0546857ecc773753327266_3e1d46017fbfcc8136bd1e9b_0000000000010,0,94.558044,110.211555
5a0546857ecc773753327266_3e1d46017fbfcc8136bd1e9b_0000000006597,0,96.38958,112.475685
5a0546857ecc773753327266_3e1d46017fbfcc8136bd1e9b_0000000012043,0,107.48259,112.09248999999998
5a0546857ecc773753327266_3e1d46017fbfcc8136bd1e9b_0000000016388,0,107.48259,112.09248999999998
5a0546857ecc773753327266_3e1d46017fbfcc8136bd1e9b_0000000022345,0,112.11086,115.46303
5a0546857ecc773753327266_3e1d46017fbfcc8136bd1e9b_0000000029746,0,118.80491,112.71748
5a0546857ecc773753327266_3e1d46017fbfcc8136bd1e9b_0000000041215,0,110.54808,107.762535
5a0546857ecc773753327266_3e1d46017fbfcc8136bd1e9b_0000000057771,0,110.54808,107.762535
5a0546857ecc773753327266_3e1d46017fbfcc8136bd1e9b_0000000065216,0,107.48259,112.09248999999998
5a0546857ecc773753327266_3e1d46017fbfcc8136bd1e9b_0000000074453,0,112.11086,115.46303
5a0546857ecc773753327266_3e1d46017fbfcc8136bd1e9b_0000000080138,0,108.574104,118.1345
5a0546857ecc773753327266_3e1d46017fbfcc8136bd1e9b_0000000088849,0,117.602684,119.55194
5a0546857ecc773753327266_412da1891c4780f6f0f7f4bc_0000000000012,0,97.13713,81.38282
5a0546857ecc773753327266_412da1891c4780f6f0f7f4bc_0000000010362,0,92.68435,71.180305
5a0546857ecc773753327266_412da1891c4780f6f0f7f4bc_0000000016791,0,91.84893,67.7045
5a0546857ecc773753327266_412da1891c4780f6f0f7f4bc_0000000021695,0,91.84893,67.7045
5a0546857ecc773753327266_412da1891c4780f6f0f7f4bc_0000000035250,0,91.84893,67.7045
5a0546857ecc773753327266_412da1891c4780f6f0f7f4bc_0000000042252,0,92.68435,71.180305
5a0546857ecc773753327266_412da1891c4780f6f0f7f4bc_0000000050072,0,96.20914,74.4394
5a0546857ecc773753327266_412da1891c4780f6f0f7f4bc_0000000057094,0,92.15355,74.64198
5a0546857ecc773753327266_412da1891c4780f6f0f7f4bc_0000000063488,0,97.13713,81.38282
5a0546857ecc773753327266_412da1891c4780f6f0f7f4bc_0000000072612,0,98.92425,73.77937
5a0546857ecc773753327266_6d89334316127640cff99800_0000000000012,-1,111.60718,108.26413
5a0546857ecc773753327266_6d89334316127640cff99800_0000000008432,-1,117.6351,102.007095
5a0546857ecc773753327266_6d89334316127640cff99800_0000000017044,-1,121.42007,106.42164
5a0546857ecc773753327266_6d89334316127640cff99800_0000000027938,-1,116.420204,112.66697
5a0546857ecc773753327266_6d89334316127640cff99800_0000000034373,-1,118.15209,118.69217
5a0546857ecc773753327266_6d89334316127640cff99800_0000000043333,-1,121.27577,113.63772
5a0546857ecc773753327266_6d89334316127640cff99800_0000000050678,-1,121.42007,106.42164
5a0546857ecc773753327266_6d89334316127640cff99800_0000000059402,-1,125.81195,110.23525
5a0546857ecc773753327266_6d89334316127640cff99800_0000000069531,-1,121.27577,113.63772
5a0546857ecc773753327266_6d89334316127640cff99800_0000000075470,-1,122.56028,121.78888
5a0546857ecc773753327266_6d89334316127640cff99800_0000000081216,-1,126.30325,117.014626
5a0546857ecc773753327266_6d89334316127640cff99800_0000000086153,-1,131.37482,119.5726
5a0546857ecc773753327266_6d89334316127640cff99800_0000000092213,-1,131.26186,114.58519
5a0546857ecc773753327266_6d89334316127640cff99800_0000000099654,-1,131.37482,119.5726
5a0546857ecc773753327266_6d89334316127640cff99800_0000000105397,-1,126.30325,117.014626
5a0546857ecc773753327266_6d89334316127640cff99800_0000000111847,-1,131.37482,119.5726
5a0546857ecc773753327266_72963a8c7eb520c56f88a536_0000000000014,-1,153.59499,117.09577
5a0546857ecc773753327266_72963a8c7eb520c56f88a536_0000000006406,-1,159.3829,124.66329
5a0546857ecc773753327266_72963a8c7eb520c56f88a536_0000000011418,-1,159.3829,124.66329
5a0546857ecc773753327266_72963a8c7eb520c56f88a536_0000000019036,-1,161.38523999999998,135.60426
5a0546857ecc773753327266_72963a8c7eb520c56f88a536_0000000023914,-1,161.38523999999998,135.60426
5a0546857ecc773753327266_72963a8c7eb520c56f88a536_0000000030256,-1,161.38523999999998,135.60426
5a0546857ecc773753327266_72963a8c7eb520c56f88a536_0000000036389,-1,161.38523999999998,135.60426
5a0546857ecc773753327266_72963a8c7eb520c56f88a536_0000000044694,-1,159.3829,124.66329
5a0546857ecc773753327266_72963a8c7eb520c56f88a536_0000000051411,-1,159.21483,120.76055
5a0546857ecc773753327266_72963a8c7eb520c56f88a536_0000000055875,-1,158.1727,116.04856
5a0546857ecc773753327266_72963a8c7eb520c56f88a536_0000000059765,-1,157.5664,112.47201
5a0546857ecc773753327266_72963a8c7eb520c56f88a536_0000000065408,-1,152.71268999999998,112.88844
5a0546857ecc773753327266_7d2d723a30cce824aad9915b_0000000000009,-1,157.5664,112.47201
5a0546857ecc773753327266_7d2d723a30cce824aad9915b_0000000006159,-1,158.1727,116.04856
5a0546857ecc773753327266_7d2d723a30cce824aad9915b_0000000011244,-1,158.1727,116.04856
5a0546857ecc773753327266_7d2d723a30cce824aad9915b_0000000019681,-1,165.24812,122.21746
5a0546857ecc773753327266_7d2d723a30cce824aad9915b_0000000026834,-1,159.3829,124.66329
5a0546857ecc773753327266_7d2d723a30cce824aad9915b_0000000034295,-1,159.3829,124.66329
5a0546857ecc773753327266_7d2d723a30cce824aad9915b_0000000040360,-1,159.3829,124.66329
5a0546857ecc773753327266_7d2d723a30cce824aad9915b_0000000048661,-1,161.38523999999998,135.60426
5a0546857ecc773753327266_7d2d723a30cce824aad9915b_0000000054360,-1,157.16997,136.42146
5a0546857ecc773753327266_7d2d723a30cce824aad9915b_0000000060622,-1,162.76183,143.48042
5a0546857ecc773753327266_947e17f82dbddfbdb4cb2447_0000000000014,0,44.431755,62.92395
5a0546857ecc773753327266_947e17f82dbddfbdb4cb2447_0000000017454,0,37.9915,63.68824
5a0546857ecc773753327266_947e17f82dbddfbdb4cb2447_0000000031033,0,36.78489,56.88805
5a0546857ecc773753327266_947e17f82dbddfbdb4cb2447_0000000038874,0,29.539827,57.65637
5a0546857ecc773753327266_947e17f82dbddfbdb4cb2447_0000000047679,0,28.659544,52.6036
5a0546857ecc773753327266_947e17f82dbddfbdb4cb2447_0000000059489,0,25.288015,56.02956999999999
5a0546857ecc773753327266_947e17f82dbddfbdb4cb2447_0000000071022,0,36.78489,56.88805
5a0546857ecc773753327266_947e17f82dbddfbdb4cb2447_0000000079845,0,37.9915,63.68824
5a0546857ecc773753327266_947e17f82dbddfbdb4cb2447_0000000088039,0,41.07576,59.885334
5a0546857ecc773753327266_947e17f82dbddfbdb4cb2447_0000000096648,0,41.40894,67.44742
5a0546857ecc773753327266_947e17f82dbddfbdb4cb2447_0000000103974,0,41.40894,67.44742
5a0546857ecc773753327266_986924433ab01afa81a59e7a_0000000000009,0,71.0,113.5
5a0546857ecc773753327266_986924433ab01afa81a59e7a_0000000005541,0,71.5,116.0
5a0546857ecc773753327266_986924433ab01afa81a59e7a_0000000014942,0,74.88362,119.25385
5a0546857ecc773753327266_986924433ab01afa81a59e7a_0000000023532,0,76.0,123.5
5a0546857ecc773753327266_986924433ab01afa81a59e7a_0000000030858,0,73.5,124.0
5a0546857ecc773753327266_986924433ab01afa81a59e7a_0000000036111,0,72.42186,119.3397
5a0546857ecc773753327266_986924433ab01afa81a59e7a_0000000043969,0,74.88362,119.25385
5a0546857ecc773753327266_986924433ab01afa81a59e7a_0000000054654,0,68.79678,116.095894
5a0546857ecc773753327266_986924433ab01afa81a59e7a_0000000063637,0,71.5,116.0
5a0546857ecc773753327266_986924433ab01afa81a59e7a_0000000071393,0,72.42186,119.3397
5a0546857ecc773753327266_986924433ab01afa81a59e7a_0000000080377,0,76.0,123.5
5a0546857ecc773753327266_986924433ab01afa81a59e7a_0000000086270,0,73.5,124.0
5a0546857ecc773753327266_986924433ab01afa81a59e7a_0000000094748,0,74.88362,119.25385
5a0546857ecc773753327266_986924433ab01afa81a59e7a_0000000103194,0,72.42186,119.3397
5a0546857ecc773753327266_986924433ab01afa81a59e7a_0000000110714,0,71.5,116.0
5a0546857ecc773753327266_986924433ab01afa81a59e7a_0000000120283,0,68.261925,113.6984
5a0546857ecc773753327266_a3c5aadf824a220327e9cdc6_0000000000008,1,96.81088,78.51514399999999
5a0546857ecc773753327266_a3c5aadf824a220327e9cdc6_0000000009704,1,99.80796,77.59949
5a0546857ecc773753327266_a3c5aadf824a220327e9cdc6_0000000018259,1,106.0,77.5
5a0546857ecc773753327266_a3c5aadf824a220327e9cdc6_0000000022280,1,106.0,77.5
5a0546857ecc773753327266_a3c5aadf824a220327e9cdc6_0000000032917,1,99.80796,77.59949
5a0546857ecc773753327266_a3c5aadf824a220327e9cdc6_0000000042729,1,96.81088,78.51514399999999
5a0546857ecc773753327266_a3c5aadf824a220327e9cdc6_0000000049490,1,93.0488,73.09106
5a0546857ecc773753327266_a3c5aadf824a220327e9cdc6_0000000061558,1,99.80796,77.59949
5a0546857ecc773753327266_a3c5aadf824a220327e9cdc6_0000000070467,1,106.0,77.5
5a0546857ecc773753327266_a3c5aadf824a220327e9cdc6_0000000074332,1,106.0,77.5
5a0546857ecc773753327266_a3c5aadf824a220327e9cdc6_0000000083845,1,99.80796,77.59949
5a0546857ecc773753327266_a3c5aadf824a220327e9cdc6_0000000095063,1,96.81088,78.51514399999999
5a0546857ecc773753327266_ac1a2e8f11ab64d729199969_0000000000014,-1,161.38523999999998,135.60426
5a0546857ecc773753327266_ac1a2e8f11ab64d729199969_0000000006516,-1,161.38523999999998,135.60426
5a0546857ecc773753327266_ac1a2e8f11ab64d729199969_0000000020203,-1,161.38523999999998,135.60426
5a0546857ecc773753327266_ac1a2e8f11ab64d729199969_0000000029020,-1,165.24812,122.21746
5a0546857ecc773753327266_ac1a2e8f11ab64d729199969_0000000036434,-1,159.3829,124.66329
5a0546857ecc773753327266_ac1a2e8f11ab64d729199969_0000000043124,-1,165.24812,122.21746
5a0546857ecc773753327266_ac1a2e8f11ab64d729199969_0000000049516,-1,159.3829,124.66329
5a0546857ecc773753327266_ac1a2e8f11ab64d729199969_0000000057694,-1,164.34431,119.4901
5a0546857ecc773753327266_ac1a2e8f11ab64d729199969_0000000063266,-1,159.21483,120.76055
5a0546857ecc773753327266_ac1a2e8f11ab64d729199969_0000000070593,-1,163.38687,115.33085
5a0546857ecc773753327266_bb84ab5e77fc9f5fdbd52827_0000000000008,0,87.31409000000001,71.79303
5a0546857ecc773753327266_bb84ab5e77fc9f5fdbd52827_0000000006034,0,86.71601,68.52682
5a0546857ecc773753327266_bb84ab5e77fc9f5fdbd52827_0000000014821,0,85.68334,60.998093
5a0546857ecc773753327266_bb84ab5e77fc9f5fdbd52827_0000000023631,0,90.57245,60.509937
5a0546857ecc773753327266_bb84ab5e77fc9f5fdbd52827_0000000030734,0,95.36641,59.9246
5a0546857ecc773753327266_bb84ab5e77fc9f5fdbd52827_0000000039714,0,96.86609,66.91944000000001
5a0546857ecc773753327266_bb84ab5e77fc9f5fdbd52827_0000000047119,0,92.68435,71.180305
5a0546857ecc773753327266_bb84ab5e77fc9f5fdbd52827_0000000063173,0,86.71601,68.52682
5a0546857ecc773753327266_bb84ab5e77fc9f5fdbd52827_0000000073171,0,91.84893,67.7045
5a0546857ecc773753327266_bb84ab5e77fc9f5fdbd52827_0000000081482,0,96.20914,74.4394
5a0546857ecc773753327266_bd0f2c8626679895f3338ca5_0000000000007,-1,116.57181,168.49146000000002
5a0546857ecc773753327266_bd0f2c8626679895f3338ca5_0000000011251,-1,109.09635,170.25496
5a0546857ecc773753327266_bd0f2c8626679895f3338ca5_0000000021023,-1,109.09635,170.25496
5a0546857ecc773753327266_bd0f2c8626679895f3338ca5_0000000030227,-1,116.57181,168.49146000000002
5a0546857ecc773753327266_bd0f2c8626679895f3338ca5_0000000043595,-1,115.2423,160.89748
5a0546857ecc773753327266_bd0f2c8626679895f3338ca5_0000000052351,-1,114.33501,156.84224
5a0546857ecc773753327266_bd0f2c8626679895f3338ca5_0000000064054,-1,120.47334,155.73494
5a0546857ecc773753327266_bd5921cd1008382e2f537b53_0000000000007,-1,206.10878,167.22223
5a0546857ecc773753327266_bd5921cd1008382e2f537b53_0000000018454,-1,210.61441,172.55766
5a0546857ecc773753327266_bd5921cd1008382e2f537b53_0000000030106,-1,212.72125,177.8522
5a0546857ecc773753327266_bd5921cd1008382e2f537b53_0000000040085,-1,213.95227000000003,183.3943
5a0546857ecc773753327266_bd5921cd1008382e2f537b53_0000000046791,-1,213.95227000000003,183.3943
5a0546857ecc773753327266_bd5921cd1008382e2f537b53_0000000055058,-1,212.72125,177.8522
5a0546857ecc773753327266_bd5921cd1008382e2f537b53_0000000066192,-1,208.54877,173.30847
5a0546857ecc773753327266_bd5921cd1008382e2f537b53_0000000074724,-1,206.10878,167.22223
5a0546857ecc773753327266_ce80c08d743f15e6586741f6_0000000000011,0,83.99041,24.344387
5a0546857ecc773753327266_ce80c08d743f15e6586741f6_0000000006627,0,82.68305,31.692677000000003
5a0546857ecc773753327266_ce80c08d743f15e6586741f6_0000000011295,0,82.68305,31.692677000000003
5a0546857ecc773753327266_ce80c08d743f15e6586741f6_0000000019588,0,86.14994,41.185394
5a0546857ecc773753327266_ce80c08d743f15e6586741f6_0000000026291,0,87.31953,46.4268
5a0546857ecc773753327266_ce80c08d743f15e6586741f6_0000000036677,0,91.7962,40.257015
5a0546857ecc773753327266_ce80c08d743f15e6586741f6_0000000045313,0,86.14994,41.185394
5a0546857ecc773753327266_ce80c08d743f15e6586741f6_0000000054032,0,86.33054,37.311512
5a0546857ecc773753327266_ce80c08d743f15e6586741f6_0000000066037,0,91.7962,40.257015
5a0546857ecc773753327266_d592885af4e6e380c376dc55_0000000000010,-1,154.84944,75.82124
5a0546857ecc773753327266_d592885af4e6e380c376dc55_0000000007487,-1,151.99818,81.02271
5a0546857ecc773753327266_d592885af4e6e380c376dc55_0000000023127,-1,146.07811,76.74492
5a0546857ecc773753327266_d592885af4e6e380c376dc55_0000000031641,-1,146.07811,76.74492
5a0546857ecc773753327266_d592885af4e6e380c376dc55_0000000046308,-1,141.20386000000002,78.13503
5a0546857ecc773753327266_d592885af4e6e380c376dc55_0000000056118,-1,141.20386000000002,78.13503
5a0546857ecc773753327266_d592885af4e6e380c376dc55_0000000067500,-1,146.07811,76.74492
5a0546857ecc773753327266_d6e09245089299ec8e5173e7_0000000000015,0,44.431755,62.92395
5a0546857ecc773753327266_d6e09245089299ec8e5173e7_0000000009598,0,41.07576,59.885334
5a0546857ecc773753327266_d6e09245089299ec8e5173e7_0000000013911,0,36.78489,56.88805
5a0546857ecc773753327266_d6e09245089299ec8e5173e7_0000000018324,0,32.132465,54.73741999999999
5a0546857ecc773753327266_d6e09245089299ec8e5173e7_0000000023100,0,32.132465,54.73741999999999
5a0546857ecc773753327266_d6e09245089299ec8e5173e7_0000000029638,0,29.539827,57.65637
5a0546857ecc773753327266_d6e09245089299ec8e5173e7_0000000035233,0,29.539827,57.65637
5a0546857ecc773753327266_d6e09245089299ec8e5173e7_0000000039284,0,34.200024,60.750465000000005
5a0546857ecc773753327266_d6e09245089299ec8e5173e7_0000000043133,0,37.9915,63.68824
5a0546857ecc773753327266_d6e09245089299ec8e5173e7_0000000046927,0,39.87389,66.49670400000001
5a0546857ecc773753327266_d6e09245089299ec8e5173e7_0000000058470,0,41.07576,59.885334
5a0546857ecc773753327266_d6e09245089299ec8e5173e7_0000000069418,0,34.200024,60.750465000000005
5a0546857ecc773753327266_d6e09245089299ec8e5173e7_0000000078684,0,32.132465,54.73741999999999
5a0546857ecc773753327266_d6e09245089299ec8e5173e7_0000000087361,0,29.539827,57.65637
5a0546857ecc773753327266_dd4cbd69218f610f27cf33c8_0000000000007,2,92.845024,75.71048
5a0546857ecc773753327266_dd4cbd69218f610f27cf33c8_0000000009273,2,99.69652,79.89361
5a0546857ecc773753327266_dd4cbd69218f610f27cf33c8_0000000016807,2,104.5,79.5
5a0546857ecc773753327266_dd4cbd69218f610f27cf33c8_0000000021095,2,104.5,79.5
5a0546857ecc773753327266_dd4cbd69218f610f27cf33c8_0000000031208,2,99.69652,79.89361
5a0546857ecc773753327266_dd4cbd69218f610f27cf33c8_0000000043065,2,92.845024,75.71048
5a0546857ecc773753327266_dd4cbd69218f610f27cf33c8_0000000049875,2,92.845024,75.71048
5a0546857ecc773753327266_dd4cbd69218f610f27cf33c8_0000000061525,2,99.77094,82.163605
5a0546857ecc773753327266_dd4cbd69218f610f27cf33c8_0000000071823,2,108.33333333333334,78.66666666666667
5a0546857ecc773753327266_dd4cbd69218f610f27cf33c8_0000000077276,2,108.5,80.83333333333334
5a0546857ecc773753327266_dd4cbd69218f610f27cf33c8_0000000091751,2,99.77094,82.163605
5a0546857ecc773753327266_dd4cbd69218f610f27cf33c8_0000000121855,2,95.42299,88.94103
5a0546857ecc773753327266_de9cef0d69383e47bd74a64c_0000000000012,0,73.931564,108.37669
5a0546857ecc773753327266_de9cef0d69383e47bd74a64c_0000000008101,0,74.53447,112.694176
5a0546857ecc773753327266_de9cef0d69383e47bd74a64c_0000000016625,0,68.261925,113.6984
5a0546857ecc773753327266_de9cef0d69383e47bd74a64c_0000000027280,0,62.069416,117.01872
5a0546857ecc773753327266_de9cef0d69383e47bd74a64c_0000000034508,0,60.881638,110.81951
5a0546857ecc773753327266_de9cef0d69383e47bd74a64c_0000000043179,0,67.42981,109.07856
5a0546857ecc773753327266_de9cef0d69383e47bd74a64c_0000000049848,0,68.261925,113.6984
5a0546857ecc773753327266_de9cef0d69383e47bd74a64c_0000000058825,0,74.53447,112.694176
5a0546857ecc773753327266_de9cef0d69383e47bd74a64c_0000000072373,0,81.65774,110.50909
5a0546857ecc773753327266_e91afaba9603500e8e28a454_0000000000011,0,22.910563,91.456406
5a0546857ecc773753327266_e91afaba9603500e8e28a454_0000000009111,0,31.547926,99.100555
5a0546857ecc773753327266_e91afaba9603500e8e28a454_0000000016739,0,24.605448000000003,99.25056
5a0546857ecc773753327266_e91afaba9603500e8e28a454_0000000025749,0,31.613089,103.04288
5a0546857ecc773753327266_e91afaba9603500e8e28a454_0000000036143,0,25.401049,103.911095
5a0546857ecc773753327266_e91afaba9603500e8e28a454_0000000046340,0,29.691235,111.12607
5a0546857ecc773753327266_e91afaba9603500e8e28a454_0000000057355,0,30.053185,114.55136
5a0546857ecc773753327266_e91afaba9603500e8e28a454_0000000063272,0,25.321028,111.482285
5a0546857ecc773753327266_ea777463a91a1293fc79fc52_0000000000008,0,59.998547,106.71289
5a0546857ecc773753327266_ea777463a91a1293fc79fc52_0000000004710,0,59.998547,106.71289
5a0546857ecc773753327266_ea777463a91a1293fc79fc52_0000000014996,0,53.489666,112.05311
5a0546857ecc773753327266_ea777463a91a1293fc79fc52_0000000019825,0,53.489666,112.05311
5a0546857ecc773753327266_ea777463a91a1293fc79fc52_0000000030158,0,46.544464000000005,116.09933999999998
5a0546857ecc773753327266_ea777463a91a1293fc79fc52_0000000037609,0,46.146442,112.24871
5a0546857ecc773753327266_ea777463a91a1293fc79fc52_0000000047305,0,53.489666,112.05311
5a0546857ecc773753327266_ea777463a91a1293fc79fc52_0000000054645,0,53.489666,112.05311
5a0546857ecc773753327266_ea777463a91a1293fc79fc52_0000000065212,0,62.069416,117.01872
5a0546857ecc773753327266_ec9aee8ee72b1902bd83edf5_0000000000010,0,59.998547,106.71289
5a0546857ecc773753327266_ec9aee8ee72b1902bd83edf5_0000000009321,0,66.75473000000001,105.76608
5a0546857ecc773753327266_ec9aee8ee72b1902bd83edf5_0000000017696,0,73.14168000000001,104.414894
5a0546857ecc773753327266_ec9aee8ee72b1902bd83edf5_0000000025072,0,79.662285,102.766754
5a0546857ecc773753327266_ec9aee8ee72b1902bd83edf5_0000000033604,0,80.7184,107.19711
5a0546857ecc773753327266_ec9aee8ee72b1902bd83edf5_0000000038147,0,81.65774,110.50909
5a0546857ecc773753327266_ec9aee8ee72b1902bd83edf5_0000000042442,0,81.65774,110.50909
5a0546857ecc773753327266_ec9aee8ee72b1902bd83edf5_0000000052892,0,75.20755,115.304756
5a0546857ecc773753327266_ec9aee8ee72b1902bd83edf5_0000000059258,0,74.53447,112.694176
5a0546857ecc773753327266_ec9aee8ee72b1902bd83edf5_0000000068965,0,81.65774,110.50909
5a0546857ecc773753327266_ed77f28aeaf89b317bc380fa_0000000000001,2,104.56646,107.32127
5a0546857ecc773753327266_ed77f28aeaf89b317bc380fa_0000000010178,2,97.53,113.36276
5a0546857ecc773753327266_ed77f28aeaf89b317bc380fa_0000000026417,2,89.0,111.0
5a0546857ecc773753327266_ed77f28aeaf89b317bc380fa_0000000034801,2,84.5,112.0
5a0546857ecc773753327266_ed77f28aeaf89b317bc380fa_0000000048504,2,74.98673000000001,118.04358
5a0546857ecc773753327266_ed77f28aeaf89b317bc380fa_0000000059101,2,67.23491999999999,116.2293
5a0546857ecc773753327266_ffcd9524c80c0fa5bb859eaf_0000000000007,-1,126.358284,170.22458
5a0546857ecc773753327266_ffcd9524c80c0fa5bb859eaf_0000000009294,-1,127.13033,174.04752
5a0546857ecc773753327266_ffcd9524c80c0fa5bb859eaf_0000000019971,-1,129.17273,179.81265
5a0546857ecc773753327266_ffcd9524c80c0fa5bb859eaf_0000000026997,-1,129.17273,179.81265
5a0546857ecc773753327266_ffcd9524c80c0fa5bb859eaf_0000000035117,-1,133.57469,186.1963
5a0546857ecc773753327266_ffcd9524c80c0fa5bb859eaf_0000000041230,-1,130.5573,186.97527
5a0546857ecc773753327266_ffcd9524c80c0fa5bb859eaf_0000000051634,-1,133.57469,186.1963
5a0546857ecc773753327266_ffcd9524c80c0fa5bb859eaf_0000000060483,-1,131.95853,179.4169
5a0546857ecc773753327266_ffcd9524c80c0fa5bb859eaf_0000000067146,-1,132.51923,173.33536999999998
5c3c44b80379370013e0fd2b_627d97e6be0e2f1f630bdb37_0000000000012,0,249.22311,62.630936
5c3c44b80379370013e0fd2b_627d97e6be0e2f1f630bdb37_0000000009366,0,255.67618,69.95331999999999
5c3c44b80379370013e0fd2b_627d97e6be0e2f1f630bdb37_0000000017391,0,264.05548,73.2448
5c3c44b80379370013e0fd2b_627d97e6be0e2f1f630bdb37_0000000021288,0,264.05548,73.2448
5c3c44b80379370013e0fd2b_627d97e6be0e2f1f630bdb37_0000000030484,0,255.67618,69.95331999999999
5c3c44b80379370013e0fd2b_627d97e6be0e2f1f630bdb37_0000000041175,0,249.22311,62.630936
5c3c44b80379370013e0fd2b_627d97e6be0e2f1f630bdb37_0000000075100,0,255.67618,69.95331999999999
5c3c44b80379370013e0fd2b_627d97e6be0e2f1f630bdb37_0000000084164,0,264.05548,73.2448
5c3c44b80379370013e0fd2b_7bc4213a6a76c5cb03de2d69_0000000000013,1,288.51733,86.81658
5c3c44b80379370013e0fd2b_7bc4213a6a76c5cb03de2d69_0000000012108,1,276.99734,77.79997
5c3c44b80379370013e0fd2b_7bc4213a6a76c5cb03de2d69_0000000020982,1,270.82196,69.65666999999999
5c3c44b80379370013e0fd2b_7bc4213a6a76c5cb03de2d69_0000000024600,1,269.39462000000003,71.28761999999999
5c3c44b80379370013e0fd2b_7bc4213a6a76c5cb03de2d69_0000000035765,1,276.16208,78.04981
5c3c44b80379370013e0fd2b_7bc4213a6a76c5cb03de2d69_0000000041050,1,279.16187,81.11632
5c3c44b80379370013e0fd2b_7bc4213a6a76c5cb03de2d69_0000000049479,1,285.66003,83.60293
5c3c44b80379370013e0fd2b_7bc4213a6a76c5cb03de2d69_0000000055701,1,285.761,83.08187
5c3c44b80379370013e0fd2b_7bc4213a6a76c5cb03de2d69_0000000063911,1,279.2791,80.732414
5c3c44b80379370013e0fd2b_7bc4213a6a76c5cb03de2d69_0000000069773,1,277.52853,75.48060600000001
5c3c44b80379370013e0fd2b_7bc4213a6a76c5cb03de2d69_0000000077387,1,269.39462000000003,71.28761999999999
5c3c44b80379370013e0fd2b_b1b61e500f46136f8ee8e94f_0000000000008,-1,248.12297,121.31262
5c3c44b80379370013e0fd2b_b1b61e500f46136f8ee8e94f_0000000013285,-1,241.94762000000003,131.07701
5c3c44b80379370013e0fd2b_b1b61e500f46136f8ee8e94f_0000000022274,-1,238.48709,129.86215
5c3c44b80379370013e0fd2b_b1b61e500f46136f8ee8e94f_0000000028321,-1,238.9055,133.57886000000002
5c3c44b80379370013e0fd2b_b1b61e500f46136f8ee8e94f_0000000044229,-1,229.52043,127.30571
5c3c44b80379370013e0fd2b_b1b61e500f46136f8ee8e94f_0000000053364,-1,232.83163,123.506905
5c3c44b80379370013e0fd2b_b1b61e500f46136f8ee8e94f_0000000065083,-1,239.36148,114.742325
5d27075f03f801723c2e360f_108d983b84def2bd48bdca36_0000000000010,2,67.63762,22.320812
5d27075f03f801723c2e360f_108d983b84def2bd48bdca36_0000000003439,2,60.957985,22.43558
5d27075f03f801723c2e360f_108d983b84def2bd48bdca36_0000000012526,2,64.89244000000001,14.174518
5d27075f03f801723c2e360f_108d983b84def2bd48bdca36_0000000016915,2,62.977978,13.593229999999998
5d27075f03f801723c2e360f_108d983b84def2bd48bdca36_0000000025641,2,60.957985,22.43558
5d27075f03f801723c2e360f_108d983b84def2bd48bdca36_0000000031577,2,60.957985,22.43558
5d27075f03f801723c2e360f_108d983b84def2bd48bdca36_0000000041289,2,64.89244000000001,14.174518
5d27075f03f801723c2e360f_108d983b84def2bd48bdca36_0000000052042,2,67.63762,22.320812
5d27075f03f801723c2e360f_108d983b84def2bd48bdca36_0000000058156,2,65.51140600000001,27.921204
5d27075f03f801723c2e360f_108d983b84def2bd48bdca36_0000000065076,2,63.044113,36.251
5d27075f03f801723c2e360f_108d983b84def2bd48bdca36_0000000072471,2,65.51140600000001,27.921204
5d27075f03f801723c2e360f_58a7b7d31f5e8898403d1607_0000000000018,1,64.35956999999999,23.368595000000003
5d27075f03f801723c2e360f_58a7b7d31f5e8898403d1607_0000000004682,1,61.80072,22.417185
5d27075f03f801723c2e360f_58a7b7d31f5e8898403d1607_0000000011620,1,59.23483,21.360643
5d27075f03f801723c2e360f_58a7b7d31f5e8898403d1607_0000000017342,1,55.443226,20.510685
5d27075f03f801723c2e360f_58a7b7d31f5e8898403d1607_0000000025989,1,55.443226,20.510685
5d27075f03f801723c2e360f_58a7b7d31f5e8898403d1607_0000000043094,1,52.25632,30.943369
5d27075f03f801723c2e360f_58a7b7d31f5e8898403d1607_0000000075244,1,44.840565000000005,36.31054
5d27075f03f801723c2e360f_58a7b7d31f5e8898403d1607_0000000093481,1,44.76932,40.090702
5d27075f03f801723c2e360f_76f7af4eeffffde457d018bb_0000000000006,-1,139.95293,129.95525
5d27075f03f801723c2e360f_76f7af4eeffffde457d018bb_0000000011370,-1,142.86348,136.7384
5d27075f03f801723c2e360f_76f7af4eeffffde457d018bb_0000000020133,-1,151.34203,139.15385
5d27075f03f801723c2e360f_76f7af4eeffffde457d018bb_0000000029003,-1,152.80603,139.36263
5d27075f03f801723c2e360f_76f7af4eeffffde457d018bb_0000000041447,-1,159.12592,141.35886000000002
5d27075f03f801723c2e360f_76f7af4eeffffde457d018bb_0000000058084,-1,168.1615,144.22073
5d27075f03f801723c2e360f_76f7af4eeffffde457d018bb_0000000071167,-1,183.01918,147.74605
5d27075f03f801723c2e360f_76f7af4eeffffde457d018bb_0000000082086,-1,186.3566,149.39108000000002
5d27075f03f801723c2e360f_76f7af4eeffffde457d018bb_0000000093251,-1,193.00536,151.86665
5d27075f03f801723c2e360f_76f7af4eeffffde457d018bb_0000000103581,-1,199.38948,153.95766
5d27075f03f801723c2e360f_9cc4412ff73ec37e30be9d9f_0000000000008,-1,142.86348,136.7384
5d27075f03f801723c2e360f_9cc4412ff73ec37e30be9d9f_0000000007406,-1,151.34203,139.15385
5d27075f03f801723c2e360f_9cc4412ff73ec37e30be9d9f_0000000012121,-1,152.80603,139.36263
5d27075f03f801723c2e360f_9cc4412ff73ec37e30be9d9f_0000000023325,-1,161.07826,141.6076
5d27075f03f801723c2e360f_9cc4412ff73ec37e30be9d9f_0000000034174,-1,168.1615,144.22073
5d27075f03f801723c2e360f_9cc4412ff73ec37e30be9d9f_0000000045665,-1,176.43918,149.76439
5d27075f03f801723c2e360f_9cc4412ff73ec37e30be9d9f_0000000059112,-1,186.3566,149.39108000000002
5d27075f03f801723c2e360f_bfcb651b80df271b79d344dd_0000000000007,-1,183.01918,147.74605
5d27075f03f801723c2e360f_bfcb651b80df271b79d344dd_0000000010644,-1,176.43918,149.76439
5d27075f03f801723c2e360f_bfcb651b80df271b79d344dd_0000000027349,-1,165.26096,142.9788
5d27075f03f801723c2e360f_bfcb651b80df271b79d344dd_0000000035429,-1,161.07826,141.6076
5d27075f03f801723c2e360f_bfcb651b80df271b79d344dd_0000000040785,-1,159.12592,141.35886000000002
5d27075f03f801723c2e360f_bfcb651b80df271b79d344dd_0000000050762,-1,152.80603,139.36263
5d27075f03f801723c2e360f_bfcb651b80df271b79d344dd_0000000055293,-1,151.34203,139.15385
5d27075f03f801723c2e360f_bfcb651b80df271b79d344dd_0000000062655,-1,142.86348,136.7384
5d27075f03f801723c2e360f_bfcb651b80df271b79d344dd_0000000073546,-1,138.98709,135.53989
5d27075f03f801723c2e360f_bfcb651b80df271b79d344dd_0000000085104,-1,129.5531,132.65923999999998
5d27075f03f801723c2e360f_bfcb651b80df271b79d344dd_0000000095775,-1,122.89447,130.99292
5d27096c03f801723c31e5e0_0884650b5640ded8c63750fc_0000000000009,3,43.874123,79.74903
5d27096c03f801723c31e5e0_0884650b5640ded8c63750fc_0000000006383,3,48.38221,75.42745
5d27096c03f801723c31e5e0_0884650b5640ded8c63750fc_0000000014158,3,42.03987,70.15491999999999
5d27096c03f801723c31e5e0_0884650b5640ded8c63750fc_0000000021127,3,51.585438,71.69314
5d27096c03f801723c31e5e0_0884650b5640ded8c63750fc_0000000027772,3,45.27349,66.356926
5d27096c03f801723c31e5e0_0884650b5640ded8c63750fc_0000000035685,3,55.542175,67.615555
5d27096c03f801723c31e5e0_0884650b5640ded8c63750fc_0000000042357,3,45.27349,66.356926
5d27096c03f801723c31e5e0_0884650b5640ded8c63750fc_0000000052128,3,54.15339300000001,56.49685699999999
5d27096c03f801723c31e5e0_0884650b5640ded8c63750fc_0000000059107,3,54.15339300000001,56.49685699999999
5d27096c03f801723c31e5e0_0d4d75060f346ce93d416d01_0000000000009,1,46.992508,100.384575
5d27096c03f801723c31e5e0_0d4d75060f346ce93d416d01_0000000007824,1,54.791344,97.495605
5d27096c03f801723c31e5e0_0d4d75060f346ce93d416d01_0000000018558,1,50.64334,93.76624
5d27096c03f801723c31e5e0_0d4d75060f346ce93d416d01_0000000029161,1,57.55501999999999,94.546486
5d27096c03f801723c31e5e0_0d4d75060f346ce93d416d01_0000000043626,1,49.28381,88.39856
5d27096c03f801723c31e5e0_0d4d75060f346ce93d416d01_0000000053264,1,43.478867,87.36286
5d27096c03f801723c31e5e0_0d4d75060f346ce93d416d01_0000000071880,1,43.51192,75.65415
5d27096c03f801723c31e5e0_0d4d75060f346ce93d416d01_0000000077286,1,48.871128000000006,72.09629
5d27096c03f801723c31e5e0_0d4d75060f346ce93d416d01_0000000087419,1,55.148014,65.01975999999999
5d27096c03f801723c31e5e0_0d4d75060f346ce93d416d01_0000000093655,1,59.067130000000006,63.056282
5d27096c03f801723c31e5e0_0d4d75060f346ce93d416d01_0000000101327,1,62.381927000000005,59.49943
5d27096c03f801723c31e5e0_0d4d75060f346ce93d416d01_0000000109532,1,67.128784,53.48723
5d27096c03f801723c31e5e0_0d4d75060f346ce93d416d01_0000000117838,1,73.07054000000001,46.185314
5d27096c03f801723c31e5e0_0eeb9f6b6d4c8f39fb34b577_0000000000006,5,77.75059,106.917336
5d27096c03f801723c31e5e0_0eeb9f6b6d4c8f39fb34b577_0000000008102,5,73.33513,102.501915
5d27096c03f801723c31e5e0_0eeb9f6b6d4c8f39fb34b577_0000000015819,5,69.03936,97.75211
5d27096c03f801723c31e5e0_0eeb9f6b6d4c8f39fb34b577_0000000024732,5,65.1566,92.7474
5d27096c03f801723c31e5e0_0eeb9f6b6d4c8f39fb34b577_0000000031791,5,61.095177,98.24481
5d27096c03f801723c31e5e0_0eeb9f6b6d4c8f39fb34b577_0000000043311,5,56.872658,94.60599
5d27096c03f801723c31e5e0_0eeb9f6b6d4c8f39fb34b577_0000000050294,5,50.054565,88.4676
5d27096c03f801723c31e5e0_0eeb9f6b6d4c8f39fb34b577_0000000061778,5,54.582546,83.93222
5d27096c03f801723c31e5e0_0eeb9f6b6d4c8f39fb34b577_0000000070896,5,50.054565,88.4676
5d27096c03f801723c31e5e0_0eeb9f6b6d4c8f39fb34b577_0000000078819,5,51.662792,80.95626999999999
5d27096c03f801723c31e5e0_0eeb9f6b6d4c8f39fb34b577_0000000090160,5,45.66305,83.23119
5d27096c03f801723c31e5e0_13d970ab11b767d7ae3e4ee6_0000000000013,-1,73.32212,84.066895
5d27096c03f801723c31e5e0_13d970ab11b767d7ae3e4ee6_0000000007794,-1,70.21632,87.00782
5d27096c03f801723c31e5e0_13d970ab11b767d7ae3e4ee6_0000000012974,-1,68.104614,90.45405
5d27096c03f801723c31e5e0_13d970ab11b767d7ae3e4ee6_0000000019662,-1,65.69622,93.1771
5d27096c03f801723c31e5e0_13d970ab11b767d7ae3e4ee6_0000000027775,-1,68.104614,90.45405
5d27096c03f801723c31e5e0_13d970ab11b767d7ae3e4ee6_0000000036525,-1,73.32212,84.066895
5d27096c03f801723c31e5e0_13d970ab11b767d7ae3e4ee6_0000000044718,-1,73.32212,84.066895
5d27096c03f801723c31e5e0_13d970ab11b767d7ae3e4ee6_0000000052882,-1,68.104614,90.45405
5d27096c03f801723c31e5e0_13d970ab11b767d7ae3e4ee6_0000000060753,-1,68.104614,90.45405
5d27096c03f801723c31e5e0_13d970ab11b767d7ae3e4ee6_0000000073125,-1,73.32212,84.066895
5d27096c03f801723c31e5e0_14f45baa63b4d3a700126af6_0000000000009,1,65.97834,33.824486
5d27096c03f801723c31e5e0_14f45baa63b4d3a700126af6_0000000007156,1,61.342834,38.86471
5d27096c03f801723c31e5e0_14f45baa63b4d3a700126af6_0000000017720,1,55.831253,44.678097
5d27096c03f801723c31e5e0_14f45baa63b4d3a700126af6_0000000037909,1,49.7457,57.829273
5d27096c03f801723c31e5e0_14f45baa63b4d3a700126af6_0000000046200,1,44.493107,63.00161
5d27096c03f801723c31e5e0_14f45baa63b4d3a700126af6_0000000055560,1,44.493107,63.00161
5d27096c03f801723c31e5e0_15a04a78926385821aa96a62_0000000000016,3,59.764957,44.409042
5d27096c03f801723c31e5e0_15a04a78926385821aa96a62_0000000010002,3,51.913532,38.940933
5d27096c03f801723c31e5e0_15a04a78926385821aa96a62_0000000015725,3,48.210285,35.94635
5d27096c03f801723c31e5e0_15a04a78926385821aa96a62_0000000021339,3,44.871025,39.64755
5d27096c03f801723c31e5e0_15a04a78926385821aa96a62_0000000026471,3,41.71917,43.549812
5d27096c03f801723c31e5e0_15a04a78926385821aa96a62_0000000033068,3,44.871025,39.64755
5d27096c03f801723c31e5e0_15a04a78926385821aa96a62_0000000040060,3,48.210285,35.94635
5d27096c03f801723c31e5e0_15a04a78926385821aa96a62_0000000049523,3,45.079903,32.2975
5d27096c03f801723c31e5e0_15a04a78926385821aa96a62_0000000056361,3,48.210285,35.94635
5d27096c03f801723c31e5e0_15a04a78926385821aa96a62_0000000062266,3,51.913532,38.940933
5d27096c03f801723c31e5e0_15a04a78926385821aa96a62_0000000071979,3,59.764957,44.409042
5d27096c03f801723c31e5e0_1747b3e80ba80910158c0cef_0000000000006,2,44.10065,87.823944
5d27096c03f801723c31e5e0_1747b3e80ba80910158c0cef_0000000005023,2,38.761086,82.58349
5d27096c03f801723c31e5e0_1747b3e80ba80910158c0cef_0000000021845,2,46.743683,73.77412
5d27096c03f801723c31e5e0_1747b3e80ba80910158c0cef_0000000029815,2,50.078136,70.20704
5d27096c03f801723c31e5e0_1747b3e80ba80910158c0cef_0000000042263,2,48.920788,58.199627
5d27096c03f801723c31e5e0_1747b3e80ba80910158c0cef_0000000049059,2,50.749275,51.001396
5d27096c03f801723c31e5e0_1747b3e80ba80910158c0cef_0000000054062,2,53.33651999999999,47.98842
5d27096c03f801723c31e5e0_1747b3e80ba80910158c0cef_0000000061716,2,55.5,45.0
5d27096c03f801723c31e5e0_1747b3e80ba80910158c0cef_0000000072617,2,45.23991,35.6563
5d27096c03f801723c31e5e0_1747b3e80ba80910158c0cef_0000000078026,2,44.15801,36.717690000000005
5d27096c03f801723c31e5e0_1747b3e80ba80910158c0cef_0000000085295,2,39.982635,31.535723
5d27096c03f801723c31e5e0_17540fdca1dd0b3d5620336d_0000000000010,4,72.79347,86.13323000000001
5d27096c03f801723c31e5e0_17540fdca1dd0b3d5620336d_0000000011033,4,65.99427,92.74807
5d27096c03f801723c31e5e0_17540fdca1dd0b3d5620336d_0000000017146,4,62.576653,96.30355
5d27096c03f801723c31e5e0_17540fdca1dd0b3d5620336d_0000000026038,4,62.576653,96.30355
5d27096c03f801723c31e5e0_17540fdca1dd0b3d5620336d_0000000045806,4,72.767075,109.05229
5d27096c03f801723c31e5e0_17540fdca1dd0b3d5620336d_0000000055835,4,81.947136,117.13273
5d27096c03f801723c31e5e0_17540fdca1dd0b3d5620336d_0000000070188,4,77.96289,123.48625
5d27096c03f801723c31e5e0_17540fdca1dd0b3d5620336d_0000000080400,4,70.99443000000001,130.70633
5d27096c03f801723c31e5e0_19bf3d9c5236d0f7429baa6a_0000000000009,2,86.42411,81.51486
5d27096c03f801723c31e5e0_19bf3d9c5236d0f7429baa6a_0000000006451,2,86.42411,81.51486
5d27096c03f801723c31e5e0_19bf3d9c5236d0f7429baa6a_0000000018288,2,78.65769,90.703606
5d27096c03f801723c31e5e0_19bf3d9c5236d0f7429baa6a_0000000026930,2,78.65769,90.703606
5d27096c03f801723c31e5e0_19bf3d9c5236d0f7429baa6a_0000000034784,2,78.65769,90.703606
5d27096c03f801723c31e5e0_19bf3d9c5236d0f7429baa6a_0000000046016,2,70.16946999999999,97.65715
5d27096c03f801723c31e5e0_19bf3d9c5236d0f7429baa6a_0000000054038,2,70.16946999999999,97.65715
5d27096c03f801723c31e5e0_19bf3d9c5236d0f7429baa6a_0000000060993,2,66.77291,101.40983
5d27096c03f801723c31e5e0_19bf3d9c5236d0f7429baa6a_0000000069149,2,66.77291,101.40983
5d27096c03f801723c31e5e0_19bf3d9c5236d0f7429baa6a_0000000077715,2,66.77291,101.40983
5d27096c03f801723c31e5e0_19bf3d9c5236d0f7429baa6a_0000000085428,2,65.2027,106.72302
5d27096c03f801723c31e5e0_1b9fb13726d1030612228aeb_0000000000007,3,47.69993,105.87887
5d27096c03f801723c31e5e0_1b9fb13726d1030612228aeb_0000000016452,3,59.75903,96.97452
5d27096c03f801723c31e5e0_1b9fb13726d1030612228aeb_0000000026260,3,56.45639,94.919785
5d27096c03f801723c31e5e0_1b9fb13726d1030612228aeb_0000000044243,3,49.750023,88.226166
5d27096c03f801723c31e5e0_1b9fb13726d1030612228aeb_0000000052166,3,44.97926,83.90786
5d27096c03f801723c31e5e0_1b9fb13726d1030612228aeb_0000000064116,3,36.485664,76.87031
5d27096c03f801723c31e5e0_1b9fb13726d1030612228aeb_0000000070438,3,38.796936,73.99049000000001
5d27096c03f801723c31e5e0_1b9fb13726d1030612228aeb_0000000083804,3,44.97926,83.90786
5d27096c03f801723c31e5e0_1b9fb13726d1030612228aeb_0000000094585,3,48.284718,83.67004
5d27096c03f801723c31e5e0_1b9fb13726d1030612228aeb_0000000101753,3,48.66906,79.821815
5d27096c03f801723c31e5e0_1b9fb13726d1030612228aeb_0000000110888,3,44.97926,83.90786
5d27096c03f801723c31e5e0_238a279ef92528dd92aeb2e3_0000000000008,1,34.625164,78.9453
5d27096c03f801723c31e5e0_238a279ef92528dd92aeb2e3_0000000013878,1,34.642944,89.41129000000001
5d27096c03f801723c31e5e0_238a279ef92528dd92aeb2e3_0000000024621,1,29.384672,94.66756
5d27096c03f801723c31e5e0_238a279ef92528dd92aeb2e3_0000000032356,1,32.057095000000004,97.17356
5d27096c03f801723c31e5e0_238a279ef92528dd92aeb2e3_0000000046262,1,35.894496999999994,90.61521
5d27096c03f801723c31e5e0_238a279ef92528dd92aeb2e3_0000000059309,1,39.747223,84.36069499999999
5d27096c03f801723c31e5e0_23b4c8eb4b41d75946285461_0000000000009,2,96.08231,80.34595999999999
5d27096c03f801723c31e5e0_23b4c8eb4b41d75946285461_0000000006830,2,91.56459,80.339134
5d27096c03f801723c31e5e0_23b4c8eb4b41d75946285461_0000000018646,2,86.42411,81.51486
5d27096c03f801723c31e5e0_23b4c8eb4b41d75946285461_0000000029199,2,78.65769,90.703606
5d27096c03f801723c31e5e0_23b4c8eb4b41d75946285461_0000000040952,2,78.65769,90.703606
5d27096c03f801723c31e5e0_23b4c8eb4b41d75946285461_0000000047243,2,73.01151999999999,98.08385
5d27096c03f801723c31e5e0_23b4c8eb4b41d75946285461_0000000059055,2,70.16946999999999,97.65715
5d27096c03f801723c31e5e0_23b4c8eb4b41d75946285461_0000000065907,2,66.77291,101.40983
5d27096c03f801723c31e5e0_23b4c8eb4b41d75946285461_0000000074899,2,65.2027,106.72302
5d27096c03f801723c31e5e0_25a8bb2034f511717c46e536_0000000000009,2,68.5,36.0
5d27096c03f801723c31e5e0_25a8bb2034f511717c46e536_0000000009191,2,71.09093,28.009312
5d27096c03f801723c31e5e0_25a8bb2034f511717c46e536_0000000025022,2,77.0,38.5
5d27096c03f801723c31e5e0_25a8bb2034f511717c46e536_0000000035992,2,80.238014,34.909817
5d27096c03f801723c31e5e0_25a8bb2034f511717c46e536_0000000044458,2,80.238014,34.909817
5d27096c03f801723c31e5e0_25a8bb2034f511717c46e536_0000000063929,2,68.5,36.0
5d27096c03f801723c31e5e0_25a8bb2034f511717c46e536_0000000073055,2,66.365685,33.444862
5d27096c03f801723c31e5e0_25a8bb2034f511717c46e536_0000000081614,2,65.0,40.0
5d27096c03f801723c31e5e0_25a8bb2034f511717c46e536_0000000089886,2,61.734695,38.12911
5d27096c03f801723c31e5e0_25a8bb2034f511717c46e536_0000000096493,2,58.0,48.0
5d27096c03f801723c31e5e0_25a8bb2034f511717c46e536_0000000106860,2,53.33651999999999,47.98842
5d27096c03f801723c31e5e0_25a8bb2034f511717c46e536_0000000114204,2,56.236057,50.115673
5d27096c03f801723c31e5e0_2db317d8880522bb060d0819_0000000000008,3,36.5,71.5
5d27096c03f801723c31e5e0_2db317d8880522bb060d0819_0000000011297,3,42.03987,70.15491999999999
5d27096c03f801723c31e5e0_2db317d8880522bb060d0819_0000000026913,3,55.542175,67.615555
5d27096c03f801723c31e5e0_2db317d8880522bb060d0819_0000000037783,3,54.15339300000001,56.49685699999999
5d27096c03f801723c31e5e0_2db317d8880522bb060d0819_0000000043945,3,56.794445,54.53112
5d27096c03f801723c31e5e0_2db317d8880522bb060d0819_0000000056306,3,62.409584,48.214615
5d27096c03f801723c31e5e0_2db317d8880522bb060d0819_0000000073090,3,59.764957,44.409042
5d27096c03f801723c31e5e0_2db317d8880522bb060d0819_0000000079643,3,51.913532,38.940933
5d27096c03f801723c31e5e0_2db317d8880522bb060d0819_0000000085492,3,48.210285,35.94635
5d27096c03f801723c31e5e0_2db317d8880522bb060d0819_0000000096230,3,51.913532,38.940933
5d27096c03f801723c31e5e0_2f33560940ba465c8226c951_0000000000011,0,78.9404,85.3594
5d27096c03f801723c31e5e0_2f33560940ba465c8226c951_0000000006627,0,74.72718,89.86846
5d27096c03f801723c31e5e0_2f33560940ba465c8226c951_0000000008730,0,74.72718,89.86846
5d27096c03f801723c31e5e0_2f33560940ba465c8226c951_0000000013971,0,70.737335,94.214325
5d27096c03f801723c31e5e0_2f33560940ba465c8226c951_0000000022564,0,74.834595,96.49326
5d27096c03f801723c31e5e0_2f33560940ba465c8226c951_0000000036000,0,81.54471600000001,88.54913
5d27096c03f801723c31e5e0_2f33560940ba465c8226c951_0000000045767,0,74.72718,89.86846
5d27096c03f801723c31e5e0_2f33560940ba465c8226c951_0000000054905,0,74.834595,96.49326
5d27096c03f801723c31e5e0_2f33560940ba465c8226c951_0000000065895,0,70.737335,94.214325
5d27096c03f801723c31e5e0_2f33560940ba465c8226c951_0000000083470,0,81.5369,88.546555
5d27096c03f801723c31e5e0_30ed8393bd1d301cd380c06b_0000000000007,0,61.06466999999999,95.803535
5d27096c03f801723c31e5e0_30ed8393bd1d301cd380c06b_0000000002975,0,59.50446,94.53142
5d27096c03f801723c31e5e0_30ed8393bd1d301cd380c06b_0000000009202,0,56.618984,96.82541
5d27096c03f801723c31e5e0_30ed8393bd1d301cd380c06b_0000000017085,0,60.325962,100.53276
5d27096c03f801723c31e5e0_30ed8393bd1d301cd380c06b_0000000025281,0,66.46284,106.0395
5d27096c03f801723c31e5e0_30ed8393bd1d301cd380c06b_0000000031696,0,68.61697,103.092964
5d27096c03f801723c31e5e0_30ed8393bd1d301cd380c06b_0000000039345,0,73.543594,98.58063
5d27096c03f801723c31e5e0_30ed8393bd1d301cd380c06b_0000000049937,0,70.75862,95.39436
5d27096c03f801723c31e5e0_30ed8393bd1d301cd380c06b_0000000060402,0,68.61697,103.092964
5d27096c03f801723c31e5e0_30ed8393bd1d301cd380c06b_0000000069764,0,64.40442,98.83853
5d27096c03f801723c31e5e0_30ed8393bd1d301cd380c06b_0000000079539,0,70.75862,95.39436
5d27096c03f801723c31e5e0_3dbf5c79cfcc18eaca1a7d3b_0000000000007,2,70.16946999999999,97.65715
5d27096c03f801723c31e5e0_3dbf5c79cfcc18eaca1a7d3b_0000000006341,2,65.2027,106.72302
5d27096c03f801723c31e5e0_3dbf5c79cfcc18eaca1a7d3b_0000000032989,2,54.098755,96.61481
5d27096c03f801723c31e5e0_3dbf5c79cfcc18eaca1a7d3b_0000000042419,2,51.56224,94.73859
5d27096c03f801723c31e5e0_3dbf5c79cfcc18eaca1a7d3b_0000000056182,2,51.56224,94.73859
5d27096c03f801723c31e5e0_3dbf5c79cfcc18eaca1a7d3b_0000000066170,2,44.10065,87.823944
5d27096c03f801723c31e5e0_3dbf5c79cfcc18eaca1a7d3b_0000000089583,2,38.761086,82.58349
5d27096c03f801723c31e5e0_3e6892787428117fb4b061d7_0000000000008,3,80.660484,95.509445
5d27096c03f801723c31e5e0_3e6892787428117fb4b061d7_0000000006989,3,87.36459,100.37987
5d27096c03f801723c31e5e0_3e6892787428117fb4b061d7_0000000013968,3,92.515114,105.18483
5d27096c03f801723c31e5e0_3e6892787428117fb4b061d7_0000000023053,3,87.40997,111.77336
5d27096c03f801723c31e5e0_3e6892787428117fb4b061d7_0000000031874,3,82.08534,119.15079
5d27096c03f801723c31e5e0_3e6892787428117fb4b061d7_0000000039621,3,75.78626,125.47166
5d27096c03f801723c31e5e0_3e6892787428117fb4b061d7_0000000045630,3,75.78626,125.47166
5d27096c03f801723c31e5e0_3e6892787428117fb4b061d7_0000000053574,3,75.78626,125.47166
5d27096c03f801723c31e5e0_3e6892787428117fb4b061d7_0000000062434,3,82.08534,119.15079
5d27096c03f801723c31e5e0_3e6892787428117fb4b061d7_0000000073334,3,88.513176,112.69201
5d27096c03f801723c31e5e0_3e6892787428117fb4b061d7_0000000079887,3,89.56584000000001,111.2007
5d27096c03f801723c31e5e0_3f815bfeee94086f60be0d09_0000000000008,1,91.8204,64.2375
5d27096c03f801723c31e5e0_3f815bfeee94086f60be0d09_0000000006863,1,85.7819,67.43814
5d27096c03f801723c31e5e0_3f815bfeee94086f60be0d09_0000000022044,1,78.44957,74.26815
5d27096c03f801723c31e5e0_3f815bfeee94086f60be0d09_0000000036008,1,85.93826999999999,78.82032
5d27096c03f801723c31e5e0_3f815bfeee94086f60be0d09_0000000044496,1,82.58071,83.9151
5d27096c03f801723c31e5e0_3f815bfeee94086f60be0d09_0000000051801,1,85.77546,85.95097
5d27096c03f801723c31e5e0_3f815bfeee94086f60be0d09_0000000064672,1,77.403824,89.56130999999999
5d27096c03f801723c31e5e0_3f815bfeee94086f60be0d09_0000000079808,1,80.27323,91.97044
5d27096c03f801723c31e5e0_3fc0e68775cde4a5fce6cf2d_0000000000009,0,80.72038,114.76858500000002
5d27096c03f801723c31e5e0_3fc0e68775cde4a5fce6cf2d_0000000010718,0,87.17468000000001,120.15198999999998
5d27096c03f801723c31e5e0_3fc0e68775cde4a5fce6cf2d_0000000018094,0,87.5214,119.96098
5d27096c03f801723c31e5e0_3fc0e68775cde4a5fce6cf2d_0000000033634,0,80.72038,114.76858500000002
5d27096c03f801723c31e5e0_3fc0e68775cde4a5fce6cf2d_0000000060549,0,85.8234,109.76112
5d27096c03f801723c31e5e0_3fc0e68775cde4a5fce6cf2d_0000000072002,0,91.22238,115.037605
5d27096c03f801723c31e5e0_4339bf75463dd4e25aa84758_0000000000007,3,55.542175,67.615555
5d27096c03f801723c31e5e0_4339bf75463dd4e25aa84758_0000000007080,3,51.585438,71.69314
5d27096c03f801723c31e5e0_4339bf75463dd4e25aa84758_0000000013225,3,48.38221,75.42745
5d27096c03f801723c31e5e0_4339bf75463dd4e25aa84758_0000000020549,3,43.874123,79.74903
5d27096c03f801723c31e5e0_4339bf75463dd4e25aa84758_0000000026421,3,44.97926,83.90786
5d27096c03f801723c31e5e0_4339bf75463dd4e25aa84758_0000000032100,3,48.66906,79.821815
5d27096c03f801723c31e5e0_4339bf75463dd4e25aa84758_0000000040688,3,48.38221,75.42745
5d27096c03f801723c31e5e0_4339bf75463dd4e25aa84758_0000000046821,3,43.874123,79.74903
5d27096c03f801723c31e5e0_4339bf75463dd4e25aa84758_0000000054544,3,48.284718,83.67004
5d27096c03f801723c31e5e0_4339bf75463dd4e25aa84758_0000000061799,3,53.558376,88.67891999999999
5d27096c03f801723c31e5e0_4339bf75463dd4e25aa84758_0000000067767,3,49.750023,88.226166
5d27096c03f801723c31e5e0_4339bf75463dd4e25aa84758_0000000074122,3,44.97926,83.90786
5d27096c03f801723c31e5e0_4339bf75463dd4e25aa84758_0000000083583,3,43.874123,79.74903
5d27096c03f801723c31e5e0_4339bf75463dd4e25aa84758_0000000092868,3,48.66906,79.821815
5d27096c03f801723c31e5e0_4339bf75463dd4e25aa84758_0000000101164,3,48.284718,83.67004
5d27096c03f801723c31e5e0_4339bf75463dd4e25aa84758_0000000106148,3,44.97926,83.90786
5d27096c03f801723c31e5e0_4339bf75463dd4e25aa84758_0000000111355,3,43.874123,79.74903
5d27096c03f801723c31e5e0_4339bf75463dd4e25aa84758_0000000121937,3,38.796936,73.99049000000001
5d27096c03f801723c31e5e0_4339bf75463dd4e25aa84758_0000000131576,3,43.874123,79.74903
5d27096c03f801723c31e5e0_4339bf75463dd4e25aa84758_0000000140252,3,48.38221,75.42745
5d27096c03f801723c31e5e0_4339bf75463dd4e25aa84758_0000000145282,3,51.585438,71.69314
5d27096c03f801723c31e5e0_4339bf75463dd4e25aa84758_0000000152184,3,55.542175,67.615555
5d27096c03f801723c31e5e0_43b5cb4125a03434d3ee065d_0000000000008,-1,72.42274,61.223232
5d27096c03f801723c31e5e0_43b5cb4125a03434d3ee065d_0000000004577,-1,74.195206,62.957886
5d27096c03f801723c31e5e0_43b5cb4125a03434d3ee065d_0000000011247,-1,82.071075,64.34543000000001
5d27096c03f801723c31e5e0_43b5cb4125a03434d3ee065d_0000000019543,-1,86.79545,68.29276
5d27096c03f801723c31e5e0_43b5cb4125a03434d3ee065d_0000000025038,-1,91.20266,72.50014499999999
5d27096c03f801723c31e5e0_43b5cb4125a03434d3ee065d_0000000034818,-1,85.043335,77.465515
5d27096c03f801723c31e5e0_43b5cb4125a03434d3ee065d_0000000043740,-1,76.668274,71.801796
5d27096c03f801723c31e5e0_43b5cb4125a03434d3ee065d_0000000049570,-1,71.59000999999999,68.24895500000001
5d27096c03f801723c31e5e0_43b5cb4125a03434d3ee065d_0000000059664,-1,70.0308,65.844444
5d27096c03f801723c31e5e0_43b5cb4125a03434d3ee065d_0000000064661,-1,70.0308,65.844444
5d27096c03f801723c31e5e0_43b5cb4125a03434d3ee065d_0000000077788,-1,75.23692,58.0038
5d27096c03f801723c31e5e0_43b5cb4125a03434d3ee065d_0000000096096,-1,71.59000999999999,68.24895500000001
5d27096c03f801723c31e5e0_43b5cb4125a03434d3ee065d_0000000104945,-1,78.47245,62.22174
5d27096c03f801723c31e5e0_43b5cb4125a03434d3ee065d_0000000116591,-1,76.668274,71.801796
5d27096c03f801723c31e5e0_43b5cb4125a03434d3ee065d_0000000125798,-1,86.79545,68.29276
5d27096c03f801723c31e5e0_4b3c36b97204adfe690ccb00_0000000000010,1,62.9878,88.25513000000001
5d27096c03f801723c31e5e0_4b3c36b97204adfe690ccb00_0000000008493,1,69.39594,84.59505
5d27096c03f801723c31e5e0_4b3c36b97204adfe690ccb00_0000000028254,1,72.3385,79.08234
5d27096c03f801723c31e5e0_4b3c36b97204adfe690ccb00_0000000040262,1,72.56636,75.717316
5d27096c03f801723c31e5e0_4b3c36b97204adfe690ccb00_0000000051297,1,72.56636,75.717316
5d27096c03f801723c31e5e0_4b3c36b97204adfe690ccb00_0000000055939,1,72.56636,75.717316
5d27096c03f801723c31e5e0_4b3c36b97204adfe690ccb00_0000000070164,1,78.69948000000001,71.79921999999999
5d27096c03f801723c31e5e0_4b3c36b97204adfe690ccb00_0000000080308,1,82.17934,67.16775
5d27096c03f801723c31e5e0_4b3c36b97204adfe690ccb00_0000000087037,1,85.7819,67.43814
5d27096c03f801723c31e5e0_4b3c36b97204adfe690ccb00_0000000108292,1,85.53121,72.94386
5d27096c03f801723c31e5e0_4d4315146c8acfc8f7a20550_0000000000010,1,30.299337,61.4877
5d27096c03f801723c31e5e0_4d4315146c8acfc8f7a20550_0000000009416,1,37.33746,65.85884
5d27096c03f801723c31e5e0_4d4315146c8acfc8f7a20550_0000000036357,1,34.544975,74.37527
5d27096c03f801723c31e5e0_4d4315146c8acfc8f7a20550_0000000044985,1,34.625164,78.9453
5d27096c03f801723c31e5e0_4d4315146c8acfc8f7a20550_0000000051101,1,23.50084,81.89451
5d27096c03f801723c31e5e0_4d4315146c8acfc8f7a20550_0000000059770,1,23.50084,81.89451
5d27096c03f801723c31e5e0_4d4315146c8acfc8f7a20550_0000000068386,1,20.44796,84.88753
5d27096c03f801723c31e5e0_4d51d8913e1c785e0a1dddef_0000000000007,5,59.08951,59.804092
5d27096c03f801723c31e5e0_4d51d8913e1c785e0a1dddef_0000000007773,5,52.38849,55.95624
5d27096c03f801723c31e5e0_4d51d8913e1c785e0a1dddef_0000000016241,5,46.077892,50.567085
5d27096c03f801723c31e5e0_4d51d8913e1c785e0a1dddef_0000000029977,5,52.38849,55.95624
5d27096c03f801723c31e5e0_4d51d8913e1c785e0a1dddef_0000000040449,5,56.821247,62.564125
5d27096c03f801723c31e5e0_4d51d8913e1c785e0a1dddef_0000000055521,5,59.08951,59.804092
5d27096c03f801723c31e5e0_4d51d8913e1c785e0a1dddef_0000000073203,5,64.30802,54.176506
5d27096c03f801723c31e5e0_4d51d8913e1c785e0a1dddef_0000000083347,5,69.5277,49.25433
5d27096c03f801723c31e5e0_4dcb3e9d10defbea8e8007c2_0000000000009,2,44.10065,87.823944
5d27096c03f801723c31e5e0_4dcb3e9d10defbea8e8007c2_0000000012820,2,45.813858,80.27926
5d27096c03f801723c31e5e0_4dcb3e9d10defbea8e8007c2_0000000026351,2,46.743683,73.77412
5d27096c03f801723c31e5e0_4dcb3e9d10defbea8e8007c2_0000000038725,2,50.078136,70.20704
5d27096c03f801723c31e5e0_4dcb3e9d10defbea8e8007c2_0000000054818,2,52.542934,66.485085
5d27096c03f801723c31e5e0_4dcb3e9d10defbea8e8007c2_0000000062194,2,57.5,61.0
5d27096c03f801723c31e5e0_4dcb3e9d10defbea8e8007c2_0000000071369,2,62.5,55.5
5d27096c03f801723c31e5e0_4dcb3e9d10defbea8e8007c2_0000000086631,2,69.16666666666667,53.5
5d27096c03f801723c31e5e0_4dcb3e9d10defbea8e8007c2_0000000093862,2,65.83333333333333,51.16666666666667
5d27096c03f801723c31e5e0_4dcb3e9d10defbea8e8007c2_0000000106078,2,71.5,45.0
5d27096c03f801723c31e5e0_4dcb3e9d10defbea8e8007c2_0000000114469,2,74.5,41.5
5d27096c03f801723c31e5e0_4dcb3e9d10defbea8e8007c2_0000000122272,2,80.238014,34.909817
5d27096c03f801723c31e5e0_4dcb3e9d10defbea8e8007c2_0000000133224,2,80.238014,34.909817
5d27096c03f801723c31e5e0_4dcb3e9d10defbea8e8007c2_0000000141316,2,77.0,38.5
5d27096c03f801723c31e5e0_4dcb3e9d10defbea8e8007c2_0000000149522,2,77.75628,43.57943
5d27096c03f801723c31e5e0_4dcb3e9d10defbea8e8007c2_0000000156416,2,74.44123,47.718822
5d27096c03f801723c31e5e0_4dcb3e9d10defbea8e8007c2_0000000163098,2,69.16666666666667,53.5
5d27096c03f801723c31e5e0_4dcb3e9d10defbea8e8007c2_0000000175570,2,66.33333333333334,56.5
5d27096c03f801723c31e5e0_4dcb3e9d10defbea8e8007c2_0000000188321,2,63.16666666666667,54.333333333333336
5d27096c03f801723c31e5e0_4dcb3e9d10defbea8e8007c2_0000000196453,2,65.83333333333333,51.16666666666667
5d27096c03f801723c31e5e0_4dcb3e9d10defbea8e8007c2_0000000205876,2,74.44123,47.718822
5d27096c03f801723c31e5e0_4dcb3e9d10defbea8e8007c2_0000000211846,2,71.5,45.0
5d27096c03f801723c31e5e0_4dcb3e9d10defbea8e8007c2_0000000220366,2,74.44123,47.718822
5d27096c03f801723c31e5e0_4dcb3e9d10defbea8e8007c2_0000000227336,2,75.5,40.5
5d27096c03f801723c31e5e0_4dcb3e9d10defbea8e8007c2_0000000235755,2,77.0,38.5
5d27096c03f801723c31e5e0_4dcb3e9d10defbea8e8007c2_0000000242885,2,80.238014,34.909817
5d27096c03f801723c31e5e0_4dcb3e9d10defbea8e8007c2_0000000260472,2,74.44123,47.718822
5d27096c03f801723c31e5e0_4dcb3e9d10defbea8e8007c2_0000000272193,2,68.5,48.0
5d27096c03f801723c31e5e0_4dcb3e9d10defbea8e8007c2_0000000285011,2,69.16666666666667,53.5
5d27096c03f801723c31e5e0_4e2aedb331c566b0e7684ffc_0000000000008,3,44.871025,39.64755
5d27096c03f801723c31e5e0_4e2aedb331c566b0e7684ffc_0000000006400,3,48.210285,35.94635
5d27096c03f801723c31e5e0_4e2aedb331c566b0e7684ffc_0000000018854,3,51.913532,38.940933
5d27096c03f801723c31e5e0_4e2aedb331c566b0e7684ffc_0000000029714,3,59.764957,44.409042
5d27096c03f801723c31e5e0_4e2aedb331c566b0e7684ffc_0000000047931,3,65.8479,38.27369
5d27096c03f801723c31e5e0_4e2aedb331c566b0e7684ffc_0000000064744,3,70.328766,41.397343
5d27096c03f801723c31e5e0_50b0a8d77c8c34368ea4bfc7_0000000000008,4,49.064995,108.07183
5d27096c03f801723c31e5e0_50b0a8d77c8c34368ea4bfc7_0000000005265,4,46.254353,105.11548
5d27096c03f801723c31e5e0_50b0a8d77c8c34368ea4bfc7_0000000022892,4,55.921696,95.19459
5d27096c03f801723c31e5e0_50b0a8d77c8c34368ea4bfc7_0000000035083,4,50.60965,89.19960999999999
5d27096c03f801723c31e5e0_50b0a8d77c8c34368ea4bfc7_0000000042134,4,48.72168,81.89023
5d27096c03f801723c31e5e0_50b0a8d77c8c34368ea4bfc7_0000000054640,4,45.86626,78.31179
5d27096c03f801723c31e5e0_50b0a8d77c8c34368ea4bfc7_0000000074349,4,35.15917,86.5132
5d27096c03f801723c31e5e0_50b0a8d77c8c34368ea4bfc7_0000000087541,4,35.15917,86.5132
5d27096c03f801723c31e5e0_50b0a8d77c8c34368ea4bfc7_0000000095542,4,35.15917,86.5132
5d27096c03f801723c31e5e0_50f24c8ed539bdc44ebf1dd8_0000000000009,4,65.890335,88.15928000000001
5d27096c03f801723c31e5e0_50f24c8ed539bdc44ebf1dd8_0000000007910,4,65.99427,92.74807
5d27096c03f801723c31e5e0_50f24c8ed539bdc44ebf1dd8_0000000022151,4,64.69539,87.11774
5d27096c03f801723c31e5e0_50f24c8ed539bdc44ebf1dd8_0000000031240,4,65.99427,92.74807
5d27096c03f801723c31e5e0_50f24c8ed539bdc44ebf1dd8_0000000047044,4,65.740486,100.3411
5d27096c03f801723c31e5e0_50f24c8ed539bdc44ebf1dd8_0000000061889,4,72.767075,109.05229
5d27096c03f801723c31e5e0_50f24c8ed539bdc44ebf1dd8_0000000075190,4,81.947136,117.13273
5d27096c03f801723c31e5e0_50f24c8ed539bdc44ebf1dd8_0000000083633,4,77.96289,123.48625
5d27096c03f801723c31e5e0_50f24c8ed539bdc44ebf1dd8_0000000093183,4,70.99443000000001,130.70633
5d27096c03f801723c31e5e0_5258ce6a8b63b1f30d04a2d5_0000000000012,1,73.3692,123.84637
5d27096c03f801723c31e5e0_5258ce6a8b63b1f30d04a2d5_0000000012622,1,67.512245,130.11847
5d27096c03f801723c31e5e0_5258ce6a8b63b1f30d04a2d5_0000000036079,1,75.542694,121.398415
5d27096c03f801723c31e5e0_5258ce6a8b63b1f30d04a2d5_0000000042207,1,75.542694,121.398415
5d27096c03f801723c31e5e0_5258ce6a8b63b1f30d04a2d5_0000000054439,1,78.47776,119.5253
5d27096c03f801723c31e5e0_5258ce6a8b63b1f30d04a2d5_0000000062674,1,79.72075,115.7304
5d27096c03f801723c31e5e0_5258ce6a8b63b1f30d04a2d5_0000000077608,1,83.25059,113.628815
5d27096c03f801723c31e5e0_59cf31f3a5cd8a048a3167d5_0000000000015,2,83.42893000000001,77.281
5d27096c03f801723c31e5e0_59cf31f3a5cd8a048a3167d5_0000000007495,2,82.405075,71.12181
5d27096c03f801723c31e5e0_59cf31f3a5cd8a048a3167d5_0000000017588,2,82.4604,66.128395
5d27096c03f801723c31e5e0_59cf31f3a5cd8a048a3167d5_0000000028578,2,82.4604,66.128395
5d27096c03f801723c31e5e0_59cf31f3a5cd8a048a3167d5_0000000050546,2,86.0152,70.094086
5d27096c03f801723c31e5e0_59cf31f3a5cd8a048a3167d5_0000000061078,2,82.405075,71.12181
5d27096c03f801723c31e5e0_5f58ff915fb692e2507cfdd5_0000000000007,0,37.308674,56.682426
5d27096c03f801723c31e5e0_5f58ff915fb692e2507cfdd5_0000000005973,0,33.991714,65.245316
5d27096c03f801723c31e5e0_5f58ff915fb692e2507cfdd5_0000000015234,0,38.155094,65.72895
5d27096c03f801723c31e5e0_5f58ff915fb692e2507cfdd5_0000000026357,0,40.128815,59.433437
5d27096c03f801723c31e5e0_5f58ff915fb692e2507cfdd5_0000000036070,0,43.54921,59.04046
5d27096c03f801723c31e5e0_5f58ff915fb692e2507cfdd5_0000000046602,0,44.60902,54.824886
5d27096c03f801723c31e5e0_5f58ff915fb692e2507cfdd5_0000000055199,0,49.689285,53.02407
5d27096c03f801723c31e5e0_5f58ff915fb692e2507cfdd5_0000000061860,0,50.501698,48.409256
5d27096c03f801723c31e5e0_5f58ff915fb692e2507cfdd5_0000000071209,0,55.722126,48.631935
5d27096c03f801723c31e5e0_5f58ff915fb692e2507cfdd5_0000000078963,0,54.42638,43.245728
5d27096c03f801723c31e5e0_5f58ff915fb692e2507cfdd5_0000000088026,0,59.21116,44.892990000000005
5d27096c03f801723c31e5e0_5f58ff915fb692e2507cfdd5_0000000097098,0,60.429726,37.01828
5d27096c03f801723c31e5e0_5f58ff915fb692e2507cfdd5_0000000127302,0,66.10779000000001,45.81818
5d27096c03f801723c31e5e0_5f58ff915fb692e2507cfdd5_0000000139207,0,71.87579000000001,48.098495
5d27096c03f801723c31e5e0_60e0899d24db2cbaa927abcd_0000000000008,3,19.98465,80.380615
5d27096c03f801723c31e5e0_60e0899d24db2cbaa927abcd_0000000005407,3,25.682528,85.87905
5d27096c03f801723c31e5e0_60e0899d24db2cbaa927abcd_0000000014748,3,31.841240000000003,91.34478
5d27096c03f801723c31e5e0_60e0899d24db2cbaa927abcd_0000000025894,3,34.0,79.5
5d27096c03f801723c31e5e0_60e0899d24db2cbaa927abcd_0000000032889,3,36.485664,76.87031
5d27096c03f801723c31e5e0_60e0899d24db2cbaa927abcd_0000000039862,3,43.874123,79.74903
5d27096c03f801723c31e5e0_60e0899d24db2cbaa927abcd_0000000050731,3,30.5,83.0
5d27096c03f801723c31e5e0_60e0899d24db2cbaa927abcd_0000000059118,3,31.841240000000003,91.34478
5d27096c03f801723c31e5e0_60e0899d24db2cbaa927abcd_0000000071017,3,34.0,79.5
5d27096c03f801723c31e5e0_60e0899d24db2cbaa927abcd_0000000078471,3,36.485664,76.87031
5d27096c03f801723c31e5e0_60e0899d24db2cbaa927abcd_0000000090923,3,42.03987,70.15491999999999
5d27096c03f801723c31e5e0_60e0899d24db2cbaa927abcd_0000000104470,3,36.5,65.0
5d27096c03f801723c31e5e0_60e0899d24db2cbaa927abcd_0000000119299,3,27.5,61.0
5d27096c03f801723c31e5e0_60e0899d24db2cbaa927abcd_0000000132048,3,36.5,65.0
5d27096c03f801723c31e5e0_673bee9ae2df0a2d44d178ec_0000000000007,0,42.76147,70.63534
5d27096c03f801723c31e5e0_673bee9ae2df0a2d44d178ec_0000000007383,0,47.545296,75.25656
5d27096c03f801723c31e5e0_673bee9ae2df0a2d44d178ec_0000000022340,0,42.76147,70.63534
5d27096c03f801723c31e5e0_673bee9ae2df0a2d44d178ec_0000000043895,0,43.3849,80.61031
5d27096c03f801723c31e5e0_673bee9ae2df0a2d44d178ec_0000000059834,0,35.681515000000005,77.48194000000001
5d27096c03f801723c31e5e0_673bee9ae2df0a2d44d178ec_0000000075353,0,43.3849,80.61031
5d27096c03f801723c31e5e0_673bee9ae2df0a2d44d178ec_0000000087946,0,50.225403,86.3187
5d27096c03f801723c31e5e0_673bee9ae2df0a2d44d178ec_0000000100917,0,56.780983,92.64984
5d27096c03f801723c31e5e0_673bee9ae2df0a2d44d178ec_0000000110005,0,59.50446,94.53142
5d27096c03f801723c31e5e0_673bee9ae2df0a2d44d178ec_0000000122713,0,62.32439,97.19628
5d27096c03f801723c31e5e0_673bee9ae2df0a2d44d178ec_0000000129338,0,64.58202,99.0719
5d27096c03f801723c31e5e0_689ac374ec67d0f0b0fe4b0a_0000000000009,0,28.86398,49.256176
5d27096c03f801723c31e5e0_689ac374ec67d0f0b0fe4b0a_0000000004730,0,30.48798,50.927124
5d27096c03f801723c31e5e0_689ac374ec67d0f0b0fe4b0a_0000000014028,0,34.629856,46.090042
5d27096c03f801723c31e5e0_689ac374ec67d0f0b0fe4b0a_0000000031226,0,37.59942,42.905304
5d27096c03f801723c31e5e0_689ac374ec67d0f0b0fe4b0a_0000000041662,0,40.502045,39.575592
5d27096c03f801723c31e5e0_689ac374ec67d0f0b0fe4b0a_0000000048586,0,44.43997,35.259609999999995
5d27096c03f801723c31e5e0_689ac374ec67d0f0b0fe4b0a_0000000051949,0,43.86432,32.72664
5d27096c03f801723c31e5e0_689ac374ec67d0f0b0fe4b0a_0000000057176,0,43.86432,32.72664
5d27096c03f801723c31e5e0_689ac374ec67d0f0b0fe4b0a_0000000061738,0,41.18792,31.105017
5d27096c03f801723c31e5e0_6913609ad03d8092c8b5b822_0000000000007,0,59.057568,94.43374
5d27096c03f801723c31e5e0_6913609ad03d8092c8b5b822_0000000006531,0,56.27654,96.83118
5d27096c03f801723c31e5e0_6913609ad03d8092c8b5b822_0000000014079,0,48.513393,103.429184
5d27096c03f801723c31e5e0_6913609ad03d8092c8b5b822_0000000021209,0,44.49632,108.45832
5d27096c03f801723c31e5e0_6913609ad03d8092c8b5b822_0000000029610,0,52.299828000000005,99.193474
5d27096c03f801723c31e5e0_6913609ad03d8092c8b5b822_0000000038224,0,56.27654,96.83118
5d27096c03f801723c31e5e0_6913609ad03d8092c8b5b822_0000000044684,0,56.780983,92.64984
5d27096c03f801723c31e5e0_6913609ad03d8092c8b5b822_0000000060999,0,50.225403,86.3187
5d27096c03f801723c31e5e0_6913609ad03d8092c8b5b822_0000000081400,0,43.3849,80.61031
5d27096c03f801723c31e5e0_6913609ad03d8092c8b5b822_0000000090433,0,35.681515000000005,77.48194000000001
5d27096c03f801723c31e5e0_6913609ad03d8092c8b5b822_0000000105914,0,33.991714,65.245316
5d27096c03f801723c31e5e0_6913609ad03d8092c8b5b822_0000000114563,0,33.991714,65.245316
5d27096c03f801723c31e5e0_6913609ad03d8092c8b5b822_0000000119399,0,33.991714,65.245316
5d27096c03f801723c31e5e0_6b61e3eb48c15f554f18de21_0000000000016,0,93.37178,97.92554
5d27096c03f801723c31e5e0_6b61e3eb48c15f554f18de21_0000000018227,0,85.03244000000001,105.73971
5d27096c03f801723c31e5e0_6b61e3eb48c15f554f18de21_0000000027132,0,83.726616,107.67498
5d27096c03f801723c31e5e0_6b61e3eb48c15f554f18de21_0000000035830,0,79.82515,112.48817
5d27096c03f801723c31e5e0_6b61e3eb48c15f554f18de21_0000000041274,0,81.08755,113.64333
5d27096c03f801723c31e5e0_6b61e3eb48c15f554f18de21_0000000049071,0,84.85283000000001,110.003365
5d27096c03f801723c31e5e0_6b61e3eb48c15f554f18de21_0000000057739,0,79.82515,112.48817
5d27096c03f801723c31e5e0_6b61e3eb48c15f554f18de21_0000000063822,0,81.08755,113.64333
5d27096c03f801723c31e5e0_6b61e3eb48c15f554f18de21_0000000071815,0,83.726616,107.67498
5d27096c03f801723c31e5e0_7241824cc3075197e0ded020_0000000000006,5,49.291393,71.61454
5d27096c03f801723c31e5e0_7241824cc3075197e0ded020_0000000009395,5,38.754284000000006,67.75424
5d27096c03f801723c31e5e0_7241824cc3075197e0ded020_0000000016515,5,34.066998,63.219875
5d27096c03f801723c31e5e0_7241824cc3075197e0ded020_0000000021964,5,36.539536,60.953384
5d27096c03f801723c31e5e0_7241824cc3075197e0ded020_0000000029625,5,41.594353000000005,65.56663
5d27096c03f801723c31e5e0_7241824cc3075197e0ded020_0000000038876,5,49.291393,71.61454
5d27096c03f801723c31e5e0_7241824cc3075197e0ded020_0000000051024,5,38.754284000000006,67.75424
5d27096c03f801723c31e5e0_7241824cc3075197e0ded020_0000000057076,5,41.594353000000005,65.56663
5d27096c03f801723c31e5e0_7241824cc3075197e0ded020_0000000066721,5,34.066998,63.219875
5d27096c03f801723c31e5e0_760075793d3822dd8bf1bf31_0000000000009,2,82.405075,71.12181
5d27096c03f801723c31e5e0_760075793d3822dd8bf1bf31_0000000005302,2,79.29120999999999,70.84415
5d27096c03f801723c31e5e0_760075793d3822dd8bf1bf31_0000000017605,2,79.650246,73.64323399999999
5d27096c03f801723c31e5e0_760075793d3822dd8bf1bf31_0000000038134,2,83.42893000000001,77.281
5d27096c03f801723c31e5e0_760075793d3822dd8bf1bf31_0000000046881,2,83.42893000000001,77.281
5d27096c03f801723c31e5e0_760075793d3822dd8bf1bf31_0000000056190,2,86.334785,79.27709
5d27096c03f801723c31e5e0_760075793d3822dd8bf1bf31_0000000067783,2,83.42893000000001,77.281
5d27096c03f801723c31e5e0_7e1432b1a371d5d3e8ae34d3_0000000000007,2,67.48068,130.53021
5d27096c03f801723c31e5e0_7e1432b1a371d5d3e8ae34d3_0000000012307,2,71.846756,125.465965
5d27096c03f801723c31e5e0_7e1432b1a371d5d3e8ae34d3_0000000021393,2,77.966965,118.64603
5d27096c03f801723c31e5e0_7e1432b1a371d5d3e8ae34d3_0000000032951,2,85.44318,110.89374
5d27096c03f801723c31e5e0_7e1432b1a371d5d3e8ae34d3_0000000049528,2,91.0481,102.613846
5d27096c03f801723c31e5e0_7e1432b1a371d5d3e8ae34d3_0000000062005,2,84.01394,98.34126
5d27096c03f801723c31e5e0_7e1432b1a371d5d3e8ae34d3_0000000072499,2,78.65769,90.703606
5d27096c03f801723c31e5e0_8304231d833d5427ff4f4da1_0000000000007,-1,78.47245,62.22174
5d27096c03f801723c31e5e0_8304231d833d5427ff4f4da1_0000000008135,-1,74.195206,62.957886
5d27096c03f801723c31e5e0_8304231d833d5427ff4f4da1_0000000013041,-1,72.42274,61.223232
5d27096c03f801723c31e5e0_8304231d833d5427ff4f4da1_0000000032176,-1,70.287796,67.11583
5d27096c03f801723c31e5e0_8304231d833d5427ff4f4da1_0000000041238,-1,64.62216,71.45481
5d27096c03f801723c31e5e0_8304231d833d5427ff4f4da1_0000000050298,-1,59.82345600000001,77.32948
5d27096c03f801723c31e5e0_8304231d833d5427ff4f4da1_0000000061878,-1,56.98721999999999,79.95952
5d27096c03f801723c31e5e0_833d0a5609a088d7c15d2031_0000000000008,0,62.987576,54.77393299999999
5d27096c03f801723c31e5e0_833d0a5609a088d7c15d2031_0000000007853,0,68.27029,52.93151
5d27096c03f801723c31e5e0_833d0a5609a088d7c15d2031_0000000015473,0,73.0288,48.765335
5d27096c03f801723c31e5e0_833d0a5609a088d7c15d2031_0000000027151,0,63.371483,48.839752
5d27096c03f801723c31e5e0_833d0a5609a088d7c15d2031_0000000044774,0,60.41845,37.270657
5d27096c03f801723c31e5e0_833d0a5609a088d7c15d2031_0000000070543,0,63.371483,48.839752
5d27096c03f801723c31e5e0_833d0a5609a088d7c15d2031_0000000087852,0,65.8815,55.947227000000005
5d27096c03f801723c31e5e0_833d0a5609a088d7c15d2031_0000000111827,0,66.10779000000001,45.81818
5d27096c03f801723c31e5e0_833d0a5609a088d7c15d2031_0000000122665,0,55.722126,48.631935
5d27096c03f801723c31e5e0_833d0a5609a088d7c15d2031_0000000140455,0,60.06306,52.199837
5d27096c03f801723c31e5e0_833d0a5609a088d7c15d2031_0000000149766,0,55.017315,57.91311
5d27096c03f801723c31e5e0_833d0a5609a088d7c15d2031_0000000161227,0,47.17198,57.16143
5d27096c03f801723c31e5e0_833d0a5609a088d7c15d2031_0000000171253,0,43.54921,59.04046
5d27096c03f801723c31e5e0_833d0a5609a088d7c15d2031_0000000182519,0,48.831140000000005,63.787155000000006
5d27096c03f801723c31e5e0_833d0a5609a088d7c15d2031_0000000192274,0,55.017315,57.91311
5d27096c03f801723c31e5e0_833d0a5609a088d7c15d2031_0000000206406,0,48.831140000000005,63.787155000000006
5d27096c03f801723c31e5e0_833d0a5609a088d7c15d2031_0000000214267,0,53.67377,67.75171999999999
5d27096c03f801723c31e5e0_833d0a5609a088d7c15d2031_0000000223404,0,58.905426,61.46054
5d27096c03f801723c31e5e0_8545d8808a11f6b48d112310_0000000000010,4,99.51539,79.92881
5d27096c03f801723c31e5e0_8545d8808a11f6b48d112310_0000000009370,4,92.60868,80.18003
5d27096c03f801723c31e5e0_8545d8808a11f6b48d112310_0000000019968,4,84.00107,79.73309
5d27096c03f801723c31e5e0_8545d8808a11f6b48d112310_0000000032604,4,74.94703,82.02503
5d27096c03f801723c31e5e0_8545d8808a11f6b48d112310_0000000038992,4,80.334755,83.117065
5d27096c03f801723c31e5e0_8545d8808a11f6b48d112310_0000000049054,4,72.79347,86.13323000000001
5d27096c03f801723c31e5e0_8545d8808a11f6b48d112310_0000000055002,4,74.59175,90.23549
5d27096c03f801723c31e5e0_8545d8808a11f6b48d112310_0000000066232,4,82.75636,95.8647
5d27096c03f801723c31e5e0_8545d8808a11f6b48d112310_0000000075436,4,88.015114,101.25644
5d27096c03f801723c31e5e0_8545d8808a11f6b48d112310_0000000084774,4,83.50975,108.26841
5d27096c03f801723c31e5e0_8545d8808a11f6b48d112310_0000000095999,4,90.691376,112.88158
5d27096c03f801723c31e5e0_8545d8808a11f6b48d112310_0000000103130,4,94.482346,117.698235
5d27096c03f801723c31e5e0_949b5f7dd5469b2b7c4d57b4_0000000000010,2,91.33451,23.699848
5d27096c03f801723c31e5e0_949b5f7dd5469b2b7c4d57b4_0000000006311,2,85.873535,28.433767
5d27096c03f801723c31e5e0_949b5f7dd5469b2b7c4d57b4_0000000014066,2,85.03656,29.11732
5d27096c03f801723c31e5e0_949b5f7dd5469b2b7c4d57b4_0000000021955,2,80.238014,34.909817
5d27096c03f801723c31e5e0_949b5f7dd5469b2b7c4d57b4_0000000034712,2,80.238014,34.909817
5d27096c03f801723c31e5e0_949b5f7dd5469b2b7c4d57b4_0000000045329,2,85.03656,29.11732
5d27096c03f801723c31e5e0_949b5f7dd5469b2b7c4d57b4_0000000058618,2,80.238014,34.909817
5d27096c03f801723c31e5e0_949b5f7dd5469b2b7c4d57b4_0000000077531,2,77.75628,43.57943
5d27096c03f801723c31e5e0_949b5f7dd5469b2b7c4d57b4_0000000087261,2,81.31164,47.5321
5d27096c03f801723c31e5e0_949b5f7dd5469b2b7c4d57b4_0000000092891,2,85.06446,50.84253
5d27096c03f801723c31e5e0_949b5f7dd5469b2b7c4d57b4_0000000100708,2,85.49320999999999,56.655598
5d27096c03f801723c31e5e0_949b5f7dd5469b2b7c4d57b4_0000000106937,2,85.639725,62.070896
5d27096c03f801723c31e5e0_9b97a70dcbae27c225bd36f9_0000000000009,1,73.16368,94.10843
5d27096c03f801723c31e5e0_9b97a70dcbae27c225bd36f9_0000000009850,1,69.63150999999999,98.097885
5d27096c03f801723c31e5e0_9b97a70dcbae27c225bd36f9_0000000022086,1,65.97397600000001,102.05645
5d27096c03f801723c31e5e0_9b97a70dcbae27c225bd36f9_0000000027717,1,65.97397600000001,102.05645
5d27096c03f801723c31e5e0_9b97a70dcbae27c225bd36f9_0000000040566,1,62.35361999999999,99.1144
5d27096c03f801723c31e5e0_9b97a70dcbae27c225bd36f9_0000000047389,1,62.35361999999999,99.1144
5d27096c03f801723c31e5e0_9b97a70dcbae27c225bd36f9_0000000056715,1,57.55501999999999,94.546486
5d27096c03f801723c31e5e0_9b97a70dcbae27c225bd36f9_0000000069819,1,57.55501999999999,94.546486
5d27096c03f801723c31e5e0_9b97a70dcbae27c225bd36f9_0000000090912,1,58.979744,96.07097
5d27096c03f801723c31e5e0_9b97a70dcbae27c225bd36f9_0000000097625,1,62.35361999999999,99.1144
5d27096c03f801723c31e5e0_9b97a70dcbae27c225bd36f9_0000000102607,1,65.97397600000001,102.05645
5d27096c03f801723c31e5e0_9b97a70dcbae27c225bd36f9_0000000114387,1,69.63150999999999,98.097885
5d27096c03f801723c31e5e0_9b97a70dcbae27c225bd36f9_0000000125998,1,66.78314,95.700645
5d27096c03f801723c31e5e0_9b97a70dcbae27c225bd36f9_0000000133034,1,63.082848,92.38791
5d27096c03f801723c31e5e0_9b97a70dcbae27c225bd36f9_0000000144282,1,61.393784,90.626816
5d27096c03f801723c31e5e0_9b97a70dcbae27c225bd36f9_0000000174238,1,63.71639,85.44794
5d27096c03f801723c31e5e0_a7e5d323e7ba3df29a4bb918_0000000000010,1,35.270153,46.19686
5d27096c03f801723c31e5e0_a7e5d323e7ba3df29a4bb918_0000000011690,1,39.18674,41.963463
5d27096c03f801723c31e5e0_a7e5d323e7ba3df29a4bb918_0000000021756,1,44.083508,36.604187
5d27096c03f801723c31e5e0_a7e5d323e7ba3df29a4bb918_0000000028513,1,44.083508,36.604187
5d27096c03f801723c31e5e0_a7e5d323e7ba3df29a4bb918_0000000037286,1,47.500782,39.618496
5d27096c03f801723c31e5e0_a7e5d323e7ba3df29a4bb918_0000000050953,1,47.500782,39.618496
5d27096c03f801723c31e5e0_a7e5d323e7ba3df29a4bb918_0000000064503,1,59.967503,45.509518
5d27096c03f801723c31e5e0_a7e5d323e7ba3df29a4bb918_0000000080194,1,55.831253,44.678097
5d27096c03f801723c31e5e0_a7e5d323e7ba3df29a4bb918_0000000091376,1,44.083508,36.604187
5d27096c03f801723c31e5e0_aec3b618b191da96f0eb2c10_0000000000007,5,36.529964,96.81048
5d27096c03f801723c31e5e0_aec3b618b191da96f0eb2c10_0000000005768,5,41.98644,97.806435
5d27096c03f801723c31e5e0_aec3b618b191da96f0eb2c10_0000000011609,5,42.478905,101.82285
5d27096c03f801723c31e5e0_aec3b618b191da96f0eb2c10_0000000022519,5,50.331627000000005,105.58661
5d27096c03f801723c31e5e0_aec3b618b191da96f0eb2c10_0000000032621,5,43.963528,99.346504
5d27096c03f801723c31e5e0_aec3b618b191da96f0eb2c10_0000000040440,5,47.42996,95.27272
5d27096c03f801723c31e5e0_aec3b618b191da96f0eb2c10_0000000046318,5,57.68717,86.66458
5d27096c03f801723c31e5e0_aec3b618b191da96f0eb2c10_0000000050661,5,50.054565,88.4676
5d27096c03f801723c31e5e0_aec3b618b191da96f0eb2c10_0000000056048,5,50.054565,88.4676
5d27096c03f801723c31e5e0_aec3b618b191da96f0eb2c10_0000000062570,5,47.42996,95.27272
5d27096c03f801723c31e5e0_c06224bdefec4d102f001601_0000000000011,3,90.62785,76.44083
5d27096c03f801723c31e5e0_c06224bdefec4d102f001601_0000000007171,3,88.10449,76.266754
5d27096c03f801723c31e5e0_c06224bdefec4d102f001601_0000000015451,3,86.30481999999999,70.99331
5d27096c03f801723c31e5e0_c06224bdefec4d102f001601_0000000024510,3,86.91263000000001,66.661705
5d27096c03f801723c31e5e0_c06224bdefec4d102f001601_0000000031757,3,86.74815,60.60839
5d27096c03f801723c31e5e0_c06224bdefec4d102f001601_0000000038371,3,85.82030999999999,54.23618
5d27096c03f801723c31e5e0_c06224bdefec4d102f001601_0000000045485,3,79.01675999999999,48.331207
5d27096c03f801723c31e5e0_c06224bdefec4d102f001601_0000000056472,3,75.80245,45.624386
5d27096c03f801723c31e5e0_c06224bdefec4d102f001601_0000000065127,3,84.9455,38.698048
5d27096c03f801723c31e5e0_c06224bdefec4d102f001601_0000000072729,3,90.728455,32.683895
5d27096c03f801723c31e5e0_c61792dc8a5208a73bfea103_0000000000007,2,60.5,57.5
5d27096c03f801723c31e5e0_c61792dc8a5208a73bfea103_0000000007018,2,57.0,61.5
5d27096c03f801723c31e5e0_c61792dc8a5208a73bfea103_0000000018937,2,52.542934,66.485085
5d27096c03f801723c31e5e0_c61792dc8a5208a73bfea103_0000000025405,2,49.13691,65.619934
5d27096c03f801723c31e5e0_c61792dc8a5208a73bfea103_0000000034832,2,48.920788,58.199627
5d27096c03f801723c31e5e0_c61792dc8a5208a73bfea103_0000000050524,2,56.236057,50.115673
5d27096c03f801723c31e5e0_c61792dc8a5208a73bfea103_0000000060222,2,62.5,55.5
5d27096c03f801723c31e5e0_c61792dc8a5208a73bfea103_0000000067201,2,64.0,53.0
5d27096c03f801723c31e5e0_c61792dc8a5208a73bfea103_0000000076250,2,58.0,48.0
5d27096c03f801723c31e5e0_c61792dc8a5208a73bfea103_0000000086970,2,63.16666666666667,54.333333333333336
5d27096c03f801723c31e5e0_c61792dc8a5208a73bfea103_0000000098606,2,58.0,48.0
5d27096c03f801723c31e5e0_c61792dc8a5208a73bfea103_0000000111713,2,65.0,40.0
5d27096c03f801723c31e5e0_c61792dc8a5208a73bfea103_0000000120431,2,68.5,36.0
5d27096c03f801723c31e5e0_c61792dc8a5208a73bfea103_0000000128672,2,71.09093,28.009312
5d27096c03f801723c31e5e0_c61792dc8a5208a73bfea103_0000000138456,2,80.238014,34.909817
5d27096c03f801723c31e5e0_c61792dc8a5208a73bfea103_0000000148733,2,80.238014,34.909817
5d27096c03f801723c31e5e0_c61792dc8a5208a73bfea103_0000000164773,2,80.238014,34.909817
5d27096c03f801723c31e5e0_c61792dc8a5208a73bfea103_0000000171550,2,71.09093,28.009312
5d27096c03f801723c31e5e0_c7c9d2f5113d91afa2b7e94d_0000000000006,4,40.365364,80.74965999999999
5d27096c03f801723c31e5e0_c7c9d2f5113d91afa2b7e94d_0000000011363,4,35.15917,86.5132
5d27096c03f801723c31e5e0_c7c9d2f5113d91afa2b7e94d_0000000018973,4,32.663162,90.25587
5d27096c03f801723c31e5e0_c7c9d2f5113d91afa2b7e94d_0000000026313,4,34.847733000000005,94.33253
5d27096c03f801723c31e5e0_c7c9d2f5113d91afa2b7e94d_0000000038190,4,30.84583,90.88694
5d27096c03f801723c31e5e0_c7c9d2f5113d91afa2b7e94d_0000000048689,4,23.946898,84.29276
5d27096c03f801723c31e5e0_c7c9d2f5113d91afa2b7e94d_0000000059167,4,16.830696,78.07689
5d27096c03f801723c31e5e0_ca363c1b30692cf0598bea76_0000000000010,2,39.982635,31.535723
5d27096c03f801723c31e5e0_ca363c1b30692cf0598bea76_0000000005729,2,44.15801,36.717690000000005
5d27096c03f801723c31e5e0_ca363c1b30692cf0598bea76_0000000012528,2,40.843403,40.08841
5d27096c03f801723c31e5e0_ca363c1b30692cf0598bea76_0000000018298,2,37.143616,44.138245
5d27096c03f801723c31e5e0_ca363c1b30692cf0598bea76_0000000025217,2,40.843403,40.08841
5d27096c03f801723c31e5e0_ca363c1b30692cf0598bea76_0000000031668,2,44.15801,36.717690000000005
5d27096c03f801723c31e5e0_ca363c1b30692cf0598bea76_0000000038221,2,45.23991,35.6563
5d27096c03f801723c31e5e0_ca363c1b30692cf0598bea76_0000000047393,2,55.5,45.0
5d27096c03f801723c31e5e0_ca363c1b30692cf0598bea76_0000000060971,2,61.734695,38.12911
5d27096c03f801723c31e5e0_ca363c1b30692cf0598bea76_0000000067432,2,66.365685,33.444862
5d27096c03f801723c31e5e0_cc23760c1abbefee0791b1f2_0000000000010,4,76.14968,47.468643
5d27096c03f801723c31e5e0_cc23760c1abbefee0791b1f2_0000000008417,4,79.50793,41.096455
5d27096c03f801723c31e5e0_cc23760c1abbefee0791b1f2_0000000029307,4,76.14968,47.468643
5d27096c03f801723c31e5e0_cc23760c1abbefee0791b1f2_0000000041776,4,79.27826999999999,53.62903000000001
5d27096c03f801723c31e5e0_cc23760c1abbefee0791b1f2_0000000055993,4,72.45284000000001,50.638626
5d27096c03f801723c31e5e0_cc23760c1abbefee0791b1f2_0000000064185,4,69.5903,53.966717
5d27096c03f801723c31e5e0_cc23760c1abbefee0791b1f2_0000000075788,4,64.52382,59.92122
5d27096c03f801723c31e5e0_cc23760c1abbefee0791b1f2_0000000085968,4,59.486046,65.98153
5d27096c03f801723c31e5e0_cc23760c1abbefee0791b1f2_0000000097898,4,51.357403000000005,75.66056999999999
5d27096c03f801723c31e5e0_d148573a2b01245f06e1de50_0000000000006,0,66.02595,81.64650999999999
5d27096c03f801723c31e5e0_d148573a2b01245f06e1de50_0000000005506,0,66.02595,81.64650999999999
5d27096c03f801723c31e5e0_d148573a2b01245f06e1de50_0000000027797,0,60.569237,87.25506
5d27096c03f801723c31e5e0_d148573a2b01245f06e1de50_0000000037809,0,56.780983,92.64984
5d27096c03f801723c31e5e0_d148573a2b01245f06e1de50_0000000043454,0,56.780983,92.64984
5d27096c03f801723c31e5e0_d148573a2b01245f06e1de50_0000000051118,0,56.27654,96.83118
5d27096c03f801723c31e5e0_d148573a2b01245f06e1de50_0000000064424,0,52.299828000000005,99.193474
5d27096c03f801723c31e5e0_d148573a2b01245f06e1de50_0000000071261,0,48.513393,103.429184
5d27096c03f801723c31e5e0_d7c936e862946ca5f6926512_0000000000006,0,67.70510999999999,83.4678
5d27096c03f801723c31e5e0_d7c936e862946ca5f6926512_0000000015119,0,75.303635,75.17489
5d27096c03f801723c31e5e0_d7c936e862946ca5f6926512_0000000027869,0,79.87448,68.6349
5d27096c03f801723c31e5e0_d7c936e862946ca5f6926512_0000000045178,0,85.20536,70.230644
5d27096c03f801723c31e5e0_d7c936e862946ca5f6926512_0000000066712,0,75.303635,75.17489
5d27096c03f801723c31e5e0_d7c936e862946ca5f6926512_0000000082231,0,78.65859,77.59342
5d27096c03f801723c31e5e0_d7c936e862946ca5f6926512_0000000090688,0,78.60693,79.80054
5d27096c03f801723c31e5e0_d7c936e862946ca5f6926512_0000000104434,0,70.89224,86.616936
5d27096c03f801723c31e5e0_d7c936e862946ca5f6926512_0000000115182,0,68.65075999999999,94.37203
5d27096c03f801723c31e5e0_d7c936e862946ca5f6926512_0000000126212,0,64.58202,99.0719
5d27096c03f801723c31e5e0_d7c936e862946ca5f6926512_0000000143605,0,68.65075999999999,94.37203
5d27096c03f801723c31e5e0_d7c936e862946ca5f6926512_0000000152500,0,70.89224,86.616936
5d27096c03f801723c31e5e0_d7c936e862946ca5f6926512_0000000171227,0,77.66402,77.17889
5d27096c03f801723c31e5e0_d7c936e862946ca5f6926512_0000000183107,0,79.41033,85.08533
5d27096c03f801723c31e5e0_d7c936e862946ca5f6926512_0000000199133,0,74.834595,96.49326
5d27096c03f801723c31e5e0_d7c936e862946ca5f6926512_0000000214596,0,74.72718,89.86846
5d27096c03f801723c31e5e0_d7c936e862946ca5f6926512_0000000221331,0,70.89224,86.616936
5d27096c03f801723c31e5e0_d7c936e862946ca5f6926512_0000000260839,0,78.60693,79.80054
5d27096c03f801723c31e5e0_d7c936e862946ca5f6926512_0000000273081,0,77.20521,71.90748599999999
5d27096c03f801723c31e5e0_d7c936e862946ca5f6926512_0000000284763,0,77.00256999999999,65.93894
5d27096c03f801723c31e5e0_d7c936e862946ca5f6926512_0000000298044,0,79.81098,63.13006
5d27096c03f801723c31e5e0_d7c936e862946ca5f6926512_0000000314837,0,84.52619,66.14616
5d27096c03f801723c31e5e0_d7c936e862946ca5f6926512_0000000328362,0,77.00256999999999,65.93894
5d27096c03f801723c31e5e0_d7c936e862946ca5f6926512_0000000341753,0,85.20536,70.230644
5d27096c03f801723c31e5e0_d7c936e862946ca5f6926512_0000000366210,0,82.051285,59.953228
5d27096c03f801723c31e5e0_d905d9e3a421b0ad31a8a7c0_0000000000009,2,65.2027,106.72302
5d27096c03f801723c31e5e0_d905d9e3a421b0ad31a8a7c0_0000000006848,2,66.77291,101.40983
5d27096c03f801723c31e5e0_d905d9e3a421b0ad31a8a7c0_0000000023939,2,60.04351,96.13712
5d27096c03f801723c31e5e0_d905d9e3a421b0ad31a8a7c0_0000000050356,2,63.469604,91.23704
5d27096c03f801723c31e5e0_d905d9e3a421b0ad31a8a7c0_0000000060742,2,73.01151999999999,98.08385
5d27096c03f801723c31e5e0_d905d9e3a421b0ad31a8a7c0_0000000066661,2,78.65769,90.703606
5d27096c03f801723c31e5e0_d905d9e3a421b0ad31a8a7c0_0000000080148,2,86.42411,81.51486
5d27096c03f801723c31e5e0_d905d9e3a421b0ad31a8a7c0_0000000088875,2,83.42893000000001,77.281
5d27096c03f801723c31e5e0_d905d9e3a421b0ad31a8a7c0_0000000098936,2,79.650246,73.64323399999999
5d27096c03f801723c31e5e0_d905d9e3a421b0ad31a8a7c0_0000000146385,2,79.650246,73.64323399999999
5d27096c03f801723c31e5e0_d905d9e3a421b0ad31a8a7c0_0000000153857,2,79.29120999999999,70.84415
5d27096c03f801723c31e5e0_d905d9e3a421b0ad31a8a7c0_0000000162983,2,82.4604,66.128395
5d27096c03f801723c31e5e0_d905d9e3a421b0ad31a8a7c0_0000000176435,2,85.8311,64.41333
5d27096c03f801723c31e5e0_d905d9e3a421b0ad31a8a7c0_0000000189614,2,82.405075,71.12181
5d27096c03f801723c31e5e0_d905d9e3a421b0ad31a8a7c0_0000000196609,2,79.650246,73.64323399999999
5d27096c03f801723c31e5e0_d905d9e3a421b0ad31a8a7c0_0000000208668,2,86.334785,79.27709
5d27096c03f801723c31e5e0_d905d9e3a421b0ad31a8a7c0_0000000218160,2,82.405075,71.12181
5d27096c03f801723c31e5e0_d905d9e3a421b0ad31a8a7c0_0000000225057,2,79.29120999999999,70.84415
5d27096c03f801723c31e5e0_d905d9e3a421b0ad31a8a7c0_0000000237421,2,79.650246,73.64323399999999
5d27096c03f801723c31e5e0_d905d9e3a421b0ad31a8a7c0_0000000252716,2,73.86367,76.875435
5d27096c03f801723c31e5e0_d905d9e3a421b0ad31a8a7c0_0000000263291,2,69.80544,84.16515
5d27096c03f801723c31e5e0_d905d9e3a421b0ad31a8a7c0_0000000272896,2,63.469604,91.23704
5d27096c03f801723c31e5e0_d905d9e3a421b0ad31a8a7c0_0000000281480,2,62.442417000000006,88.94632
5d27096c03f801723c31e5e0_d905d9e3a421b0ad31a8a7c0_0000000293107,2,60.04351,96.13712
5d27096c03f801723c31e5e0_d905d9e3a421b0ad31a8a7c0_0000000303885,2,63.469604,91.23704
5d27096c03f801723c31e5e0_dc641944142a65f5ddf845bb_0000000000009,3,85.078186,25.258638
5d27096c03f801723c31e5e0_dc641944142a65f5ddf845bb_0000000005744,3,90.662415,29.50995
5d27096c03f801723c31e5e0_dc641944142a65f5ddf845bb_0000000014542,3,96.30147,23.516426
5d27096c03f801723c31e5e0_dc641944142a65f5ddf845bb_0000000026796,3,90.662415,29.50995
5d27096c03f801723c31e5e0_dc641944142a65f5ddf845bb_0000000032508,3,90.728455,32.683895
5d27096c03f801723c31e5e0_dc641944142a65f5ddf845bb_0000000042262,3,84.9455,38.698048
5d27096c03f801723c31e5e0_dc641944142a65f5ddf845bb_0000000051497,3,80.45818,43.89059
5d27096c03f801723c31e5e0_dc641944142a65f5ddf845bb_0000000062168,3,74.911026,38.803265
5d27096c03f801723c31e5e0_dc641944142a65f5ddf845bb_0000000073867,3,69.950264,34.865757
5d27096c03f801723c31e5e0_dc641944142a65f5ddf845bb_0000000079441,3,69.950264,34.865757
5d27096c03f801723c31e5e0_decc9a540ad050e541a897c3_0000000000009,3,59.764957,44.409042
5d27096c03f801723c31e5e0_decc9a540ad050e541a897c3_0000000006646,3,66.5705,42.490105
5d27096c03f801723c31e5e0_decc9a540ad050e541a897c3_0000000020899,3,58.81286600000001,46.49949
5d27096c03f801723c31e5e0_decc9a540ad050e541a897c3_0000000031617,3,66.5705,42.490105
5d27096c03f801723c31e5e0_decc9a540ad050e541a897c3_0000000049513,3,75.80245,45.624386
5d27096c03f801723c31e5e0_decc9a540ad050e541a897c3_0000000087755,3,84.82675,53.91693000000001
5d27096c03f801723c31e5e0_decc9a540ad050e541a897c3_0000000100186,3,86.74815,60.60839
5d27096c03f801723c31e5e0_decc9a540ad050e541a897c3_0000000110991,3,86.91263000000001,66.661705
5d27096c03f801723c31e5e0_ed7d88f09de7395a7de74ce4_0000000000008,3,98.74835,100.23742
5d27096c03f801723c31e5e0_ed7d88f09de7395a7de74ce4_0000000007875,3,94.57549,103.39554
5d27096c03f801723c31e5e0_ed7d88f09de7395a7de74ce4_0000000021623,3,88.81294,98.38774
5d27096c03f801723c31e5e0_ed7d88f09de7395a7de74ce4_0000000033379,3,80.86744,91.27782
5d27096c03f801723c31e5e0_ed7d88f09de7395a7de74ce4_0000000043091,3,80.86744,91.27782
5d27096c03f801723c31e5e0_ed7d88f09de7395a7de74ce4_0000000051377,3,83.930504,88.17258000000001
5d27096c03f801723c31e5e0_ed7d88f09de7395a7de74ce4_0000000058135,3,88.18804,83.02215600000001
5d27096c03f801723c31e5e0_ed7d88f09de7395a7de74ce4_0000000063702,3,88.10449,76.266754
5d27096c03f801723c31e5e0_ed7d88f09de7395a7de74ce4_0000000070102,3,90.62785,76.44083
5d27096c03f801723c31e5e0_ed7d88f09de7395a7de74ce4_0000000075294,3,90.62785,76.44083
5d27096c03f801723c31e5e0_ed7d88f09de7395a7de74ce4_0000000081478,3,90.62785,76.44083
5d27096c03f801723c31e5e0_f043e6ddf42667290fa8b239_0000000000009,4,85.14264,66.95297
5d27096c03f801723c31e5e0_f043e6ddf42667290fa8b239_0000000012403,4,98.33422,65.665634
5d27096c03f801723c31e5e0_f043e6ddf42667290fa8b239_0000000023155,4,88.52828000000001,67.615746
5d27096c03f801723c31e5e0_f043e6ddf42667290fa8b239_0000000032635,4,85.59222,69.6399
5d27096c03f801723c31e5e0_f043e6ddf42667290fa8b239_0000000037638,4,83.837944,72.79503000000001
5d27096c03f801723c31e5e0_f043e6ddf42667290fa8b239_0000000044409,4,88.10206,73.99251
5d27096c03f801723c31e5e0_f043e6ddf42667290fa8b239_0000000054741,4,80.22306999999999,77.60645
5d27096c03f801723c31e5e0_f043e6ddf42667290fa8b239_0000000061325,4,84.00107,79.73309
5d27096c03f801723c31e5e0_f043e6ddf42667290fa8b239_0000000072149,4,92.60868,80.18003
5d27096c03f801723c31e5e0_f043e6ddf42667290fa8b239_0000000080747,4,99.51539,79.92881
5d27096c03f801723c31e5e0_f31f1f8ec42e10d23cb54ec4_0000000000010,5,56.821247,62.564125
5d27096c03f801723c31e5e0_f31f1f8ec42e10d23cb54ec4_0000000010685,5,59.08951,59.804092
5d27096c03f801723c31e5e0_f31f1f8ec42e10d23cb54ec4_0000000023070,5,52.38849,55.95624
5d27096c03f801723c31e5e0_f31f1f8ec42e10d23cb54ec4_0000000032552,5,46.077892,50.567085
5d27096c03f801723c31e5e0_f31f1f8ec42e10d23cb54ec4_0000000043381,5,40.254986,46.037975
5d27096c03f801723c31e5e0_f31f1f8ec42e10d23cb54ec4_0000000056731,5,45.11321,40.288063
5d27096c03f801723c31e5e0_f31f1f8ec42e10d23cb54ec4_0000000064969,5,45.11321,40.288063
5d27097f03f801723c320d97_18ab7e85351d03d1cd691a73_0000000000012,3,139.40115,78.06111
5d27097f03f801723c320d97_18ab7e85351d03d1cd691a73_0000000008303,3,146.5,63.0
5d27097f03f801723c320d97_18ab7e85351d03d1cd691a73_0000000011403,3,146.5,63.0
5d27097f03f801723c320d97_18ab7e85351d03d1cd691a73_0000000017372,3,152.85367,56.2647
5d27097f03f801723c320d97_18ab7e85351d03d1cd691a73_0000000020008,3,152.18175,54.422028000000005
5d27097f03f801723c320d97_18ab7e85351d03d1cd691a73_0000000022564,3,152.18175,54.422028000000005
5d27097f03f801723c320d97_18ab7e85351d03d1cd691a73_0000000027100,3,152.18175,54.422028000000005
5d27097f03f801723c320d97_18ab7e85351d03d1cd691a73_0000000033056,3,152.18175,54.422028000000005
5d27097f03f801723c320d97_18ab7e85351d03d1cd691a73_0000000036198,3,148.84062,60.13845
5d27097f03f801723c320d97_18ab7e85351d03d1cd691a73_0000000039711,3,148.84062,60.13845
5d27097f03f801723c320d97_18ab7e85351d03d1cd691a73_0000000049989,3,144.34085,70.72865999999999
5d27097f03f801723c320d97_18ab7e85351d03d1cd691a73_0000000057111,3,144.5,76.0
5d27097f03f801723c320d97_18ab7e85351d03d1cd691a73_0000000062766,3,144.34085,70.72865999999999
5d27097f03f801723c320d97_18ab7e85351d03d1cd691a73_0000000068057,3,150.5,66.5
5d27097f03f801723c320d97_18ab7e85351d03d1cd691a73_0000000075247,3,152.02266,60.015606000000005
5d27097f03f801723c320d97_18ab7e85351d03d1cd691a73_0000000081096,3,152.02266,60.015606000000005
5d27097f03f801723c320d97_18ab7e85351d03d1cd691a73_0000000086138,3,152.85367,56.2647
5d27097f03f801723c320d97_18ab7e85351d03d1cd691a73_0000000093699,3,159.78278999999998,65.84631
5d27097f03f801723c320d97_18ab7e85351d03d1cd691a73_0000000096360,3,159.78278999999998,65.84631
5d27097f03f801723c320d97_18ab7e85351d03d1cd691a73_0000000108010,3,148.84062,60.13845
5d27097f03f801723c320d97_2fed60cb00f71d86ef78b5b4_0000000000009,3,164.55899,101.82644
5d27097f03f801723c320d97_2fed60cb00f71d86ef78b5b4_0000000002678,3,162.4747,100.01767
5d27097f03f801723c320d97_2fed60cb00f71d86ef78b5b4_0000000012618,3,160.1498,110.18907
5d27097f03f801723c320d97_2fed60cb00f71d86ef78b5b4_0000000018666,3,165.60661000000002,112.03547
5d27097f03f801723c320d97_2fed60cb00f71d86ef78b5b4_0000000021654,3,165.80938999999998,114.30177
5d27097f03f801723c320d97_2fed60cb00f71d86ef78b5b4_0000000029239,3,160.1498,110.18907
5d27097f03f801723c320d97_2fed60cb00f71d86ef78b5b4_0000000037170,3,150.73393000000002,104.98733
5d27097f03f801723c320d97_2fed60cb00f71d86ef78b5b4_0000000045758,3,137.83936,96.43303
5d27097f03f801723c320d97_2fed60cb00f71d86ef78b5b4_0000000054160,3,131.43405,92.33273
5d27097f03f801723c320d97_2fed60cb00f71d86ef78b5b4_0000000058026,3,131.43405,92.33273
5d27097f03f801723c320d97_2fed60cb00f71d86ef78b5b4_0000000065343,3,132.7152,94.32203
5d27097f03f801723c320d97_2fed60cb00f71d86ef78b5b4_0000000071389,3,141.35619,99.40693
5d27097f03f801723c320d97_2fed60cb00f71d86ef78b5b4_0000000080472,3,150.73393000000002,104.98733
5d27097f03f801723c320d97_4fbd93217986b45372ebedd4_0000000000012,1,93.64369,190.38863
5d27097f03f801723c320d97_4fbd93217986b45372ebedd4_0000000003301,1,94.72156,194.64731
5d27097f03f801723c320d97_4fbd93217986b45372ebedd4_0000000008908,1,97.17228,202.20865
5d27097f03f801723c320d97_4fbd93217986b45372ebedd4_0000000018674,1,98.44622,193.32002
5d27097f03f801723c320d97_4fbd93217986b45372ebedd4_0000000022941,1,94.72156,194.64731
5d27097f03f801723c320d97_4fbd93217986b45372ebedd4_0000000031626,1,96.01093,185.07063
5d27097f03f801723c320d97_4fbd93217986b45372ebedd4_0000000037691,1,96.01093,185.07063
5d27097f03f801723c320d97_4fbd93217986b45372ebedd4_0000000048227,1,84.28533,188.37883
5d27097f03f801723c320d97_4fbd93217986b45372ebedd4_0000000059558,1,98.44622,193.32002
5d27097f03f801723c320d97_4fbd93217986b45372ebedd4_0000000063363,1,94.72156,194.64731
5d27097f03f801723c320d97_4fbd93217986b45372ebedd4_0000000070154,1,99.88426,198.91573
5d27097f03f801723c320d97_4fbd93217986b45372ebedd4_0000000074303,1,97.17228,202.20865
5d27097f03f801723c320d97_4fbd93217986b45372ebedd4_0000000079832,1,96.29553,208.43039
5d27097f03f801723c320d97_4fbd93217986b45372ebedd4_0000000083726,1,92.109314,211.72455
5d27097f03f801723c320d97_4fbd93217986b45372ebedd4_0000000088491,1,90.8254,217.928
5d27097f03f801723c320d97_4fbd93217986b45372ebedd4_0000000093323,1,90.8254,217.928
5d27097f03f801723c320d97_4fbd93217986b45372ebedd4_0000000097675,1,85.64265400000001,217.3395
5d27097f03f801723c320d97_4fbd93217986b45372ebedd4_0000000103591,1,86.37902,221.32825
5d27097f03f801723c320d97_4fbd93217986b45372ebedd4_0000000108144,1,81.46593,225.3491
5d27097f03f801723c320d97_4fbd93217986b45372ebedd4_0000000112247,1,81.46593,225.3491
5d27097f03f801723c320d97_4fbd93217986b45372ebedd4_0000000117936,1,75.240654,225.44812
5d27097f03f801723c320d97_4fbd93217986b45372ebedd4_0000000121135,1,71.97528,223.76941
5d27097f03f801723c320d97_4fbd93217986b45372ebedd4_0000000124756,1,70.153366,221.0388
5d27097f03f801723c320d97_4fbd93217986b45372ebedd4_0000000130734,1,69.97944,213.20401
5d27097f03f801723c320d97_4fbd93217986b45372ebedd4_0000000136632,1,71.93012,205.27882
5d27097f03f801723c320d97_4fbd93217986b45372ebedd4_0000000145481,1,77.13185,197.57445
5d27097f03f801723c320d97_4fbd93217986b45372ebedd4_0000000154422,1,86.54095500000001,190.33795
5d27097f03f801723c320d97_4fbd93217986b45372ebedd4_0000000157685,1,84.28533,188.37883
5d27097f03f801723c320d97_500913fc93d997b6803dd6df_0000000000008,2,55.72051,238.42398
5d27097f03f801723c320d97_500913fc93d997b6803dd6df_0000000006270,2,61.716644,234.13475
5d27097f03f801723c320d97_500913fc93d997b6803dd6df_0000000013383,2,67.94315,225.90283
5d27097f03f801723c320d97_500913fc93d997b6803dd6df_0000000016461,2,67.94315,225.90283
5d27097f03f801723c320d97_500913fc93d997b6803dd6df_0000000025818,2,68.98411,210.45297
5d27097f03f801723c320d97_500913fc93d997b6803dd6df_0000000032017,2,72.017944,202.68709
5d27097f03f801723c320d97_500913fc93d997b6803dd6df_0000000039552,2,77.80905,191.89967
5d27097f03f801723c320d97_500913fc93d997b6803dd6df_0000000042206,2,77.80905,191.89967
5d27097f03f801723c320d97_500913fc93d997b6803dd6df_0000000045736,2,77.80905,191.89967
5d27097f03f801723c320d97_500913fc93d997b6803dd6df_0000000050709,2,82.89097,188.04999
5d27097f03f801723c320d97_500913fc93d997b6803dd6df_0000000055163,2,79.729935,186.99911
5d27097f03f801723c320d97_500913fc93d997b6803dd6df_0000000058628,2,77.80905,191.89967
5d27097f03f801723c320d97_500913fc93d997b6803dd6df_0000000065754,2,82.89097,188.04999
5d27097f03f801723c320d97_500913fc93d997b6803dd6df_0000000073118,2,96.86112,186.4291
5d27097f03f801723c320d97_500913fc93d997b6803dd6df_0000000076581,2,96.86112,186.4291
5d27097f03f801723c320d97_500913fc93d997b6803dd6df_0000000081539,2,102.3531,181.0089
5d27097f03f801723c320d97_500913fc93d997b6803dd6df_0000000087744,2,106.716156,175.81503
5d27097f03f801723c320d97_500913fc93d997b6803dd6df_0000000093945,2,100.57753,173.60039
5d27097f03f801723c320d97_500913fc93d997b6803dd6df_0000000096639,2,101.28497,171.44586
5d27097f03f801723c320d97_500913fc93d997b6803dd6df_0000000100353,2,101.28497,171.44586
5d27097f03f801723c320d97_500913fc93d997b6803dd6df_0000000105326,2,100.57753,173.60039
5d27097f03f801723c320d97_698dc1d1a1885908e8fbfe4c_0000000000018,-2,173.3995,64.25014499999999
5d27097f03f801723c320d97_698dc1d1a1885908e8fbfe4c_0000000003385,-2,175.21275,65.55408
5d27097f03f801723c320d97_698dc1d1a1885908e8fbfe4c_0000000008614,-2,176.88017,61.283245
5d27097f03f801723c320d97_698dc1d1a1885908e8fbfe4c_0000000012446,-2,180.4343,57.062042000000005
5d27097f03f801723c320d97_698dc1d1a1885908e8fbfe4c_0000000016130,-2,181.92949,51.958496
5d27097f03f801723c320d97_698dc1d1a1885908e8fbfe4c_0000000019648,-2,185.31725,48.683655
5d27097f03f801723c320d97_698dc1d1a1885908e8fbfe4c_0000000024196,-2,189.03821,43.16485
5d27097f03f801723c320d97_698dc1d1a1885908e8fbfe4c_0000000026037,-2,188.48817,41.691467
5d27097f03f801723c320d97_698dc1d1a1885908e8fbfe4c_0000000034652,-2,197.5929,46.801926
5d27097f03f801723c320d97_698dc1d1a1885908e8fbfe4c_0000000038039,-2,200.83757,50.077026
5d27097f03f801723c320d97_698dc1d1a1885908e8fbfe4c_0000000042243,-2,206.06769,51.635616
5d27097f03f801723c320d97_698dc1d1a1885908e8fbfe4c_0000000044848,-2,207.66289,53.93496
5d27097f03f801723c320d97_698dc1d1a1885908e8fbfe4c_0000000050023,-2,207.66289,53.93496
5d27097f03f801723c320d97_698dc1d1a1885908e8fbfe4c_0000000052468,-2,206.06769,51.635616
5d27097f03f801723c320d97_698dc1d1a1885908e8fbfe4c_0000000056752,-2,206.06769,51.635616
5d27097f03f801723c320d97_698dc1d1a1885908e8fbfe4c_0000000061573,-2,207.66289,53.93496
5d27097f03f801723c320d97_7727672abec7d70216173223_0000000000008,-2,156.2117,75.23974
5d27097f03f801723c320d97_7727672abec7d70216173223_0000000004364,-2,161.58264,78.07289
5d27097f03f801723c320d97_7727672abec7d70216173223_0000000011803,-2,156.2117,75.23974
5d27097f03f801723c320d97_7727672abec7d70216173223_0000000016552,-2,151.5349,73.27301
5d27097f03f801723c320d97_7727672abec7d70216173223_0000000020898,-2,146.54308999999998,70.3965
5d27097f03f801723c320d97_7727672abec7d70216173223_0000000025258,-2,147.00593999999998,67.0025
5d27097f03f801723c320d97_7727672abec7d70216173223_0000000035632,-2,156.2117,75.23974
5d27097f03f801723c320d97_7727672abec7d70216173223_0000000042542,-2,151.5349,73.27301
5d27097f03f801723c320d97_7727672abec7d70216173223_0000000051891,-2,147.00593999999998,67.0025
5d27097f03f801723c320d97_7727672abec7d70216173223_0000000056681,-2,146.54308999999998,70.3965
5d27097f03f801723c320d97_7727672abec7d70216173223_0000000065701,-2,151.5349,73.27301
5d27097f03f801723c320d97_9dedc3819b9ac8444b1f30f4_0000000000010,3,111.64661,120.25406
5d27097f03f801723c320d97_9dedc3819b9ac8444b1f30f4_0000000003175,3,112.522385,129.7739
5d27097f03f801723c320d97_9dedc3819b9ac8444b1f30f4_0000000008958,3,110.011604,134.01677
5d27097f03f801723c320d97_9dedc3819b9ac8444b1f30f4_0000000012417,3,112.47427,139.2363
5d27097f03f801723c320d97_9dedc3819b9ac8444b1f30f4_0000000015831,3,111.38382,141.69568
5d27097f03f801723c320d97_9dedc3819b9ac8444b1f30f4_0000000019338,3,111.84061,147.1158
5d27097f03f801723c320d97_9dedc3819b9ac8444b1f30f4_0000000023340,3,111.84061,147.1158
5d27097f03f801723c320d97_9dedc3819b9ac8444b1f30f4_0000000034321,3,104.08067,143.76904
5d27097f03f801723c320d97_9dedc3819b9ac8444b1f30f4_0000000036978,3,104.08067,143.76904
5d27097f03f801723c320d97_9dedc3819b9ac8444b1f30f4_0000000041897,3,95.07532,138.81285
5d27097f03f801723c320d97_9dedc3819b9ac8444b1f30f4_0000000044840,3,95.07532,138.81285
5d27097f03f801723c320d97_9dedc3819b9ac8444b1f30f4_0000000052989,3,104.08067,143.76904
5d27097f03f801723c320d97_9dedc3819b9ac8444b1f30f4_0000000062470,3,111.84061,147.1158
5d27097f03f801723c320d97_a25f020b7571d262ff5952ed_0000000000008,2,32.153103,272.17618
5d27097f03f801723c320d97_a25f020b7571d262ff5952ed_0000000001757,2,33.947146999999994,273.60904
5d27097f03f801723c320d97_a25f020b7571d262ff5952ed_0000000003463,2,35.736084000000005,274.92206
5d27097f03f801723c320d97_a25f020b7571d262ff5952ed_0000000006938,2,38.331272,276.54895
5d27097f03f801723c320d97_a25f020b7571d262ff5952ed_0000000017322,2,39.803654,265.05957
5d27097f03f801723c320d97_a25f020b7571d262ff5952ed_0000000020041,2,41.82456,266.59845
5d27097f03f801723c320d97_a25f020b7571d262ff5952ed_0000000021953,2,43.56707,268.2009
5d27097f03f801723c320d97_a25f020b7571d262ff5952ed_0000000024265,2,43.56707,268.2009
5d27097f03f801723c320d97_a25f020b7571d262ff5952ed_0000000032971,2,42.109238,259.91425
5d27097f03f801723c320d97_a25f020b7571d262ff5952ed_0000000036715,2,45.43866,258.46735
5d27097f03f801723c320d97_a25f020b7571d262ff5952ed_0000000042333,2,50.46103,251.96864
5d27097f03f801723c320d97_a25f020b7571d262ff5952ed_0000000045314,2,52.5107,252.98111
5d27097f03f801723c320d97_a25f020b7571d262ff5952ed_0000000050992,2,53.55055600000001,245.2931
5d27097f03f801723c320d97_a25f020b7571d262ff5952ed_0000000054574,2,53.55055600000001,245.2931
5d27097f03f801723c320d97_a25f020b7571d262ff5952ed_0000000059162,2,49.3141,242.71571
5d27097f03f801723c320d97_a25f020b7571d262ff5952ed_0000000066214,2,46.082935,248.99431
5d27097f03f801723c320d97_a25f020b7571d262ff5952ed_0000000076346,2,53.55055600000001,245.2931
5d27097f03f801723c320d97_a25f020b7571d262ff5952ed_0000000080060,2,53.55055600000001,245.2931
5d27097f03f801723c320d97_a25f020b7571d262ff5952ed_0000000088928,2,51.342834,243.87712
5d27097f03f801723c320d97_a606cb39b74b8e0d45c8c8b8_0000000000010,4,148.71933,67.95852
5d27097f03f801723c320d97_a606cb39b74b8e0d45c8c8b8_0000000007006,4,140.41924,61.796238
5d27097f03f801723c320d97_a606cb39b74b8e0d45c8c8b8_0000000011367,4,135.09517,61.970585
5d27097f03f801723c320d97_a606cb39b74b8e0d45c8c8b8_0000000013991,4,135.09517,61.970585
5d27097f03f801723c320d97_a606cb39b74b8e0d45c8c8b8_0000000018214,4,126.96425,59.693565
5d27097f03f801723c320d97_a606cb39b74b8e0d45c8c8b8_0000000023720,4,123.05193,70.43474
5d27097f03f801723c320d97_a606cb39b74b8e0d45c8c8b8_0000000026905,4,123.05193,70.43474
5d27097f03f801723c320d97_a606cb39b74b8e0d45c8c8b8_0000000030344,4,120.26133,79.262344
5d27097f03f801723c320d97_a606cb39b74b8e0d45c8c8b8_0000000034370,4,120.26133,79.262344
5d27097f03f801723c320d97_a606cb39b74b8e0d45c8c8b8_0000000038351,4,117.13735,90.33576
5d27097f03f801723c320d97_a606cb39b74b8e0d45c8c8b8_0000000042493,4,131.0383,94.79078
5d27097f03f801723c320d97_a606cb39b74b8e0d45c8c8b8_0000000046960,4,128.37923,106.05868
5d27097f03f801723c320d97_a606cb39b74b8e0d45c8c8b8_0000000050391,4,128.37923,106.05868
5d27097f03f801723c320d97_a606cb39b74b8e0d45c8c8b8_0000000056769,4,127.06272,116.08965
5d27097f03f801723c320d97_a606cb39b74b8e0d45c8c8b8_0000000059268,4,127.06272,116.08965
5d27097f03f801723c320d97_a606cb39b74b8e0d45c8c8b8_0000000064138,4,125.64914,126.14627
5d27097f03f801723c320d97_a606cb39b74b8e0d45c8c8b8_0000000067502,4,125.64914,126.14627
5d27097f03f801723c320d97_a606cb39b74b8e0d45c8c8b8_0000000072902,4,125.06067,136.33351000000002
5d27097f03f801723c320d97_a606cb39b74b8e0d45c8c8b8_0000000077746,4,123.40902,143.01726000000002
5d27097f03f801723c320d97_a606cb39b74b8e0d45c8c8b8_0000000081588,4,117.751175,146.33351000000002
5d27097f03f801723c320d97_a606cb39b74b8e0d45c8c8b8_0000000088705,4,125.06067,136.33351000000002
5d27097f03f801723c320d97_b760d372b55d88f398110f48_0000000000008,2,98.94927,198.73378
5d27097f03f801723c320d97_b760d372b55d88f398110f48_0000000002324,2,98.94927,198.73378
5d27097f03f801723c320d97_b760d372b55d88f398110f48_0000000008347,2,93.23051,209.50478
5d27097f03f801723c320d97_b760d372b55d88f398110f48_0000000010996,2,93.23051,209.50478
5d27097f03f801723c320d97_b760d372b55d88f398110f48_0000000017275,2,90.4947,219.48096
5d27097f03f801723c320d97_b760d372b55d88f398110f48_0000000019990,2,86.874214,221.20961
5d27097f03f801723c320d97_b760d372b55d88f398110f48_0000000024419,2,84.02744,227.14328
5d27097f03f801723c320d97_b760d372b55d88f398110f48_0000000028708,2,78.33679000000001,228.38295
5d27097f03f801723c320d97_b760d372b55d88f398110f48_0000000034287,2,71.98041500000001,227.15083
5d27097f03f801723c320d97_b760d372b55d88f398110f48_0000000038137,2,71.98041500000001,227.15083
5d27097f03f801723c320d97_b760d372b55d88f398110f48_0000000043985,2,67.94315,225.90283
5d27097f03f801723c320d97_b760d372b55d88f398110f48_0000000050375,2,71.37866,230.84369
5d27097f03f801723c320d97_b760d372b55d88f398110f48_0000000054592,2,65.63348,237.09131
5d27097f03f801723c320d97_b760d372b55d88f398110f48_0000000060389,2,67.2726,231.81728
5d27097f03f801723c320d97_b760d372b55d88f398110f48_0000000066956,2,61.716644,234.13475
5d27097f03f801723c320d97_b760d372b55d88f398110f48_0000000076711,2,60.0,232.5
5d27097f03f801723c320d97_b760d372b55d88f398110f48_0000000086359,2,49.332855,226.21301
5d27097f03f801723c320d97_b760d372b55d88f398110f48_0000000090072,2,49.332855,226.21301
5d27097f03f801723c320d97_b760d372b55d88f398110f48_0000000101061,2,64.794495,226.27306
5d27097f03f801723c320d97_b760d372b55d88f398110f48_0000000114403,2,49.332855,226.21301
5d27097f03f801723c320d97_b7deb644d3ec40fb81cad6e2_0000000000006,2,107.96305,158.20972
5d27097f03f801723c320d97_b7deb644d3ec40fb81cad6e2_0000000002948,2,109.2534,162.04211
5d27097f03f801723c320d97_b7deb644d3ec40fb81cad6e2_0000000005384,2,112.411125,162.63742
5d27097f03f801723c320d97_b7deb644d3ec40fb81cad6e2_0000000008131,2,114.95954,163.37672
5d27097f03f801723c320d97_b7deb644d3ec40fb81cad6e2_0000000013034,2,109.2534,162.04211
5d27097f03f801723c320d97_b7deb644d3ec40fb81cad6e2_0000000023200,2,110.02804,174.92355
5d27097f03f801723c320d97_b7deb644d3ec40fb81cad6e2_0000000025489,2,112.07897,176.09305
5d27097f03f801723c320d97_b7deb644d3ec40fb81cad6e2_0000000031308,2,106.716156,175.81503
5d27097f03f801723c320d97_b7deb644d3ec40fb81cad6e2_0000000033991,2,102.3531,181.0089
5d27097f03f801723c320d97_b7deb644d3ec40fb81cad6e2_0000000040658,2,103.43606,183.90175
5d27097f03f801723c320d97_b7deb644d3ec40fb81cad6e2_0000000043009,2,101.8172,188.60497
5d27097f03f801723c320d97_b7deb644d3ec40fb81cad6e2_0000000046470,2,105.087685,186.75502
5d27097f03f801723c320d97_b7deb644d3ec40fb81cad6e2_0000000051339,2,108.84866,188.8422
5d27097f03f801723c320d97_b7deb644d3ec40fb81cad6e2_0000000064105,2,106.716156,175.81503
5d27097f03f801723c320d97_bb73ec8779aaa0509bea454a_0000000000013,2,80.9247,159.31367
5d27097f03f801723c320d97_bb73ec8779aaa0509bea454a_0000000005133,2,85.73475,153.68922
5d27097f03f801723c320d97_bb73ec8779aaa0509bea454a_0000000008032,2,87.34716,148.06932
5d27097f03f801723c320d97_bb73ec8779aaa0509bea454a_0000000013349,2,90.976456,144.64688
5d27097f03f801723c320d97_bb73ec8779aaa0509bea454a_0000000015637,2,93.67261,137.4808
5d27097f03f801723c320d97_bb73ec8779aaa0509bea454a_0000000026434,2,100.11543,125.71576
5d27097f03f801723c320d97_bb73ec8779aaa0509bea454a_0000000030675,2,100.11543,125.71576
5d27097f03f801723c320d97_bb73ec8779aaa0509bea454a_0000000036949,2,93.079605,120.154594
5d27097f03f801723c320d97_bb73ec8779aaa0509bea454a_0000000039557,2,89.2754,119.495384
5d27097f03f801723c320d97_bb73ec8779aaa0509bea454a_0000000044501,2,82.55388,114.69731000000002
5d27097f03f801723c320d97_bb73ec8779aaa0509bea454a_0000000048296,2,82.55388,114.69731000000002
5d27097f03f801723c320d97_bb73ec8779aaa0509bea454a_0000000054671,2,84.26398499999999,113.92154
5d27097f03f801723c320d97_bb73ec8779aaa0509bea454a_0000000058191,2,85.78477,107.660095
5d27097f03f801723c320d97_bb73ec8779aaa0509bea454a_0000000061385,2,89.06564,104.19137
5d27097f03f801723c320d97_bb73ec8779aaa0509bea454a_0000000065354,2,89.89078,99.405685
5d27097f03f801723c320d97_bf5543efb9497b2dd44ca7da_0000000000018,3,116.404976,161.4732
5d27097f03f801723c320d97_bf5543efb9497b2dd44ca7da_0000000002711,3,116.53791,159.29787
5d27097f03f801723c320d97_bf5543efb9497b2dd44ca7da_0000000006205,3,116.404976,161.4732
5d27097f03f801723c320d97_bf5543efb9497b2dd44ca7da_0000000009668,3,116.53791,159.29787
5d27097f03f801723c320d97_bf5543efb9497b2dd44ca7da_0000000015951,3,110.933754,159.20691000000002
5d27097f03f801723c320d97_bf5543efb9497b2dd44ca7da_0000000021161,3,108.39522,155.24434
5d27097f03f801723c320d97_bf5543efb9497b2dd44ca7da_0000000028029,3,116.53791,159.29787
5d27097f03f801723c320d97_bf5543efb9497b2dd44ca7da_0000000035319,3,110.933754,159.20691000000002
5d27097f03f801723c320d97_bf5543efb9497b2dd44ca7da_0000000044223,3,108.60768,169.57161000000002
5d27097f03f801723c320d97_bf5543efb9497b2dd44ca7da_0000000050168,3,112.26383,164.10843
5d27097f03f801723c320d97_bf5543efb9497b2dd44ca7da_0000000062370,3,109.12345,174.81471000000002
5d27097f03f801723c320d97_bf5543efb9497b2dd44ca7da_0000000068196,3,108.60768,169.57161000000002
5d27097f03f801723c320d97_bf5543efb9497b2dd44ca7da_0000000075983,3,105.33621,182.37082
5d27097f03f801723c320d97_bf5543efb9497b2dd44ca7da_0000000080790,3,106.86211000000002,186.4246
5d27097f03f801723c320d97_bf5543efb9497b2dd44ca7da_0000000084475,3,106.86211000000002,186.4246
5d27097f03f801723c320d97_bf5543efb9497b2dd44ca7da_0000000096925,3,109.12345,174.81471000000002
5d27097f03f801723c320d97_cf505e00f50df4548ef98d05_0000000000011,3,116.45132,96.83936
5d27097f03f801723c320d97_cf505e00f50df4548ef98d05_0000000005022,3,118.45404,86.01498000000001
5d27097f03f801723c320d97_cf505e00f50df4548ef98d05_0000000010971,3,121.86195,76.9094
5d27097f03f801723c320d97_cf505e00f50df4548ef98d05_0000000019245,3,126.15743,65.75431999999999
5d27097f03f801723c320d97_cf505e00f50df4548ef98d05_0000000028719,3,132.5,61.0
5d27097f03f801723c320d97_cf505e00f50df4548ef98d05_0000000037352,3,143.42848,67.222824
5d27097f03f801723c320d97_cf505e00f50df4548ef98d05_0000000043086,3,150.5,66.5
5d27097f03f801723c320d97_cf505e00f50df4548ef98d05_0000000046291,3,150.5,66.5
5d27097f03f801723c320d97_cf505e00f50df4548ef98d05_0000000054970,3,146.5,63.0
5d27097f03f801723c320d97_cf505e00f50df4548ef98d05_0000000061846,3,136.25,63.0
5d27097f03f801723c320d97_cf505e00f50df4548ef98d05_0000000066712,3,134.375,66.125
5d27097f03f801723c320d97_cf505e00f50df4548ef98d05_0000000073358,3,140.0,65.0
5d27097f03f801723c320d97_cf505e00f50df4548ef98d05_0000000080038,3,144.34085,70.72865999999999
5d27097f03f801723c320d97_cf505e00f50df4548ef98d05_0000000089076,3,144.5,76.0
5d27097f03f801723c320d97_cf505e00f50df4548ef98d05_0000000098441,3,150.5,66.5
5d27097f03f801723c320d97_cf505e00f50df4548ef98d05_0000000107437,3,146.5,63.0
5d27097f03f801723c320d97_cf505e00f50df4548ef98d05_0000000115723,3,136.25,63.0
5d27097f03f801723c320d97_cf505e00f50df4548ef98d05_0000000119028,3,136.25,63.0
5d27097f03f801723c320d97_cf505e00f50df4548ef98d05_0000000125415,3,132.5,61.0
5d27097f03f801723c320d97_cf505e00f50df4548ef98d05_0000000134672,3,137.75,68.0
5d27097f03f801723c320d97_cf505e00f50df4548ef98d05_0000000140447,3,140.0,65.0
5d27097f03f801723c320d97_cf505e00f50df4548ef98d05_0000000143892,3,146.5,63.0
5d27097f03f801723c320d97_cf505e00f50df4548ef98d05_0000000149307,3,143.42848,67.222824
5d27097f03f801723c320d97_cf505e00f50df4548ef98d05_0000000156602,3,144.34085,70.72865999999999
5d27097f03f801723c320d97_cf505e00f50df4548ef98d05_0000000163029,3,143.42848,67.222824
5d27097f03f801723c320d97_cf505e00f50df4548ef98d05_0000000167217,3,144.34085,70.72865999999999
5d27097f03f801723c320d97_cf505e00f50df4548ef98d05_0000000173375,3,144.5,76.0
5d27097f03f801723c320d97_d712536c776ed08ddfcb73c6_0000000000011,2,145.2535,72.49446999999999
5d27097f03f801723c320d97_d712536c776ed08ddfcb73c6_0000000002405,2,144.32089,75.560905
5d27097f03f801723c320d97_d712536c776ed08ddfcb73c6_0000000009188,2,139.49771,72.40024
5d27097f03f801723c320d97_d712536c776ed08ddfcb73c6_0000000016198,2,144.9261,68.24924
5d27097f03f801723c320d97_d712536c776ed08ddfcb73c6_0000000023195,2,151.39955,55.369354
5d27097f03f801723c320d97_d712536c776ed08ddfcb73c6_0000000032511,2,152.40276,62.47664
5d27097f03f801723c320d97_d712536c776ed08ddfcb73c6_0000000035798,2,144.9261,68.24924
5d27097f03f801723c320d97_d712536c776ed08ddfcb73c6_0000000038207,2,144.9261,68.24924
5d27097f03f801723c320d97_d712536c776ed08ddfcb73c6_0000000045647,2,145.2535,72.49446999999999
5d27097f03f801723c320d97_d712536c776ed08ddfcb73c6_0000000050497,2,145.2535,72.49446999999999
5d27097f03f801723c320d97_d712536c776ed08ddfcb73c6_0000000056240,2,144.9261,68.24924
5d27097f03f801723c320d97_d712536c776ed08ddfcb73c6_0000000062243,2,136.42986000000002,66.54281
5d27097f03f801723c320d97_d712536c776ed08ddfcb73c6_0000000068134,2,131.3634,67.78045
5d27097f03f801723c320d97_d712536c776ed08ddfcb73c6_0000000072262,2,129.9197,62.57853000000001
5d27097f03f801723c320d97_d712536c776ed08ddfcb73c6_0000000077675,2,127.05474,57.727463
5d27097f03f801723c320d97_d712536c776ed08ddfcb73c6_0000000089546,2,122.46432,74.93732
5d27097f03f801723c320d97_d712536c776ed08ddfcb73c6_0000000094305,2,122.46432,74.93732
5d27097f03f801723c320d97_d712536c776ed08ddfcb73c6_0000000098745,2,125.223495,67.56821
5d27097f03f801723c320d97_d712536c776ed08ddfcb73c6_0000000105523,2,131.3634,67.78045
5d27097f03f801723c320d97_e8c5c09da1a03d6a980ebf8c_0000000000007,3,136.25,63.0
5d27097f03f801723c320d97_e8c5c09da1a03d6a980ebf8c_0000000003759,3,134.375,66.125
5d27097f03f801723c320d97_e8c5c09da1a03d6a980ebf8c_0000000009764,3,137.75,68.0
5d27097f03f801723c320d97_e8c5c09da1a03d6a980ebf8c_0000000017637,3,129.5,67.5
5d27097f03f801723c320d97_e8c5c09da1a03d6a980ebf8c_0000000023819,3,121.86195,76.9094
5d27097f03f801723c320d97_e8c5c09da1a03d6a980ebf8c_0000000027956,3,121.86195,76.9094
5d27097f03f801723c320d97_e8c5c09da1a03d6a980ebf8c_0000000033094,3,122.1465,86.25703
5d27097f03f801723c320d97_e8c5c09da1a03d6a980ebf8c_0000000038890,3,131.43405,92.33273
5d27097f03f801723c320d97_e8c5c09da1a03d6a980ebf8c_0000000041864,3,131.43405,92.33273
5d27097f03f801723c320d97_e8c5c09da1a03d6a980ebf8c_0000000045803,3,121.829,87.99893
5d27097f03f801723c320d97_e8c5c09da1a03d6a980ebf8c_0000000053160,3,118.45404,86.01498000000001
5d27097f03f801723c320d97_e8c5c09da1a03d6a980ebf8c_0000000059898,3,110.01028,81.31517
5d27097f03f801723c320d97_e8c5c09da1a03d6a980ebf8c_0000000063328,3,111.06573,78.27358000000001
5d27097f03f801723c320d97_e8c5c09da1a03d6a980ebf8c_0000000070969,3,117.29733,83.5596
5d27097f03f801723c320d97_e8c5c09da1a03d6a980ebf8c_0000000074435,3,122.1465,86.25703
5d27097f03f801723c320d97_e8c5c09da1a03d6a980ebf8c_0000000082865,3,110.01028,81.31517
5d27097f03f801723c320d97_ea6f61a237dc4e79b251422a_0000000000014,2,25.206911,283.70282000000003
5d27097f03f801723c320d97_ea6f61a237dc4e79b251422a_0000000002078,2,25.206911,283.70282000000003
5d27097f03f801723c320d97_ea6f61a237dc4e79b251422a_0000000004028,2,27.39993,284.8973
5d27097f03f801723c320d97_ea6f61a237dc4e79b251422a_0000000006687,2,29.479647,286.2928
5d27097f03f801723c320d97_ea6f61a237dc4e79b251422a_0000000016581,2,35.736084000000005,274.92206
5d27097f03f801723c320d97_ea6f61a237dc4e79b251422a_0000000024401,2,38.331272,276.54895
5d27097f03f801723c320d97_ea6f61a237dc4e79b251422a_0000000029096,2,35.736084000000005,274.92206
5d27097f03f801723c320d97_ea6f61a237dc4e79b251422a_0000000034480,2,32.153103,272.17618
5d27097f03f801723c320d97_ea6f61a237dc4e79b251422a_0000000044419,2,29.479647,286.2928
5d27097f03f801723c320d97_ea6f61a237dc4e79b251422a_0000000048126,2,27.39993,284.8973
5d27097f03f801723c320d97_ea6f61a237dc4e79b251422a_0000000050741,2,25.206911,283.70282000000003
5d27097f03f801723c320d97_ea6f61a237dc4e79b251422a_0000000059481,2,25.841093,293.1774
5d27097f03f801723c320d97_ea6f61a237dc4e79b251422a_0000000062038,2,25.841093,293.1774
5d27097f03f801723c320d97_ea6f61a237dc4e79b251422a_0000000071272,2,29.479647,286.2928
5d27099f03f801723c32511d_7015c5709467b8fdb974daf4_0000000000008,1,14.48112,14.098157
5d27099f03f801723c32511d_7015c5709467b8fdb974daf4_0000000006798,1,17.679169,14.623938
5d27099f03f801723c32511d_7015c5709467b8fdb974daf4_0000000010360,1,20.276432,14.76415
5d27099f03f801723c32511d_7015c5709467b8fdb974daf4_0000000013699,1,22.90489,14.884337
5d27099f03f801723c32511d_7015c5709467b8fdb974daf4_0000000016981,1,25.07122,14.849329
5d27099f03f801723c32511d_7015c5709467b8fdb974daf4_0000000052892,1,25.394388,23.948296
5d27099f03f801723c32511d_7015c5709467b8fdb974daf4_0000000058271,1,24.742098,23.917166
5d27099f03f801723c32511d_7015c5709467b8fdb974daf4_0000000063317,1,20.619635,23.884401
5d27099f03f801723c32511d_81badbb3aded20c36ae22bc2_0000000000007,1,24.832384,41.623055
5d27099f03f801723c32511d_81badbb3aded20c36ae22bc2_0000000011055,1,24.316977,34.177741999999995
5d27099f03f801723c32511d_81badbb3aded20c36ae22bc2_0000000026169,1,20.619635,23.884401
5d27099f03f801723c32511d_81badbb3aded20c36ae22bc2_0000000064799,1,20.619635,23.884401
5d27099f03f801723c32511d_81badbb3aded20c36ae22bc2_0000000070487,1,18.84396,23.761923
5d27099f03f801723c32511d_81badbb3aded20c36ae22bc2_0000000091986,1,17.679169,14.623938
5d27099f03f801723c32511d_b8d7ddb54d74a9450d7eb17c_0000000000007,1,11.765225,53.906998
5d27099f03f801723c32511d_b8d7ddb54d74a9450d7eb17c_0000000006859,1,11.727441,57.637714
5d27099f03f801723c32511d_b8d7ddb54d74a9450d7eb17c_0000000013083,1,11.121292,61.615623
5d27099f03f801723c32511d_b8d7ddb54d74a9450d7eb17c_0000000019141,1,9.103593,70.054405
5d27099f03f801723c32511d_b8d7ddb54d74a9450d7eb17c_0000000026994,1,8.946778,80.474174
5d27099f03f801723c32511d_b8d7ddb54d74a9450d7eb17c_0000000035508,1,10.323048,88.95578
5d27099f03f801723c32511d_b8d7ddb54d74a9450d7eb17c_0000000044554,1,8.178617,99.27825
5d27099f03f801723c32511d_b8d7ddb54d74a9450d7eb17c_0000000050059,1,7.975739,106.13179
5d27099f03f801723c32511d_b8d7ddb54d74a9450d7eb17c_0000000057217,1,8.314244,111.9663
5d27099f03f801723c32511d_b8d7ddb54d74a9450d7eb17c_0000000067867,1,12.999348,111.79671
5d27099f03f801723c32511d_bbe172d896a38bc15fca3062_0000000000010,0,21.043234,20.257076
5d27099f03f801723c32511d_bbe172d896a38bc15fca3062_0000000003695,0,19.048367,23.54758
5d27099f03f801723c32511d_bbe172d896a38bc15fca3062_0000000006936,0,19.048367,23.54758
5d27099f03f801723c32511d_bbe172d896a38bc15fca3062_0000000016100,0,17.816376,15.912092
5d27099f03f801723c32511d_bbe172d896a38bc15fca3062_0000000020953,0,19.52409,15.735302
5d27099f03f801723c32511d_bbe172d896a38bc15fca3062_0000000031694,0,17.350042000000002,23.331316
5d27099f03f801723c32511d_bbe172d896a38bc15fca3062_0000000058298,0,19.048367,23.54758
5d27099f03f801723c32511d_bbe172d896a38bc15fca3062_0000000068514,0,17.816376,15.912092
5d27099f03f801723c32511d_bbe172d896a38bc15fca3062_0000000073618,0,19.52409,15.735302
5d27099f03f801723c32511d_bbe172d896a38bc15fca3062_0000000085037,0,19.048367,23.54758
5d27099f03f801723c32511d_bbe172d896a38bc15fca3062_0000000109571,0,25.552088,23.925722
5d27099f03f801723c32511d_bbe172d896a38bc15fca3062_0000000123291,0,27.564587,29.233854
5d27099f03f801723c32511d_bbe172d896a38bc15fca3062_0000000132542,0,25.2217,34.01042
5d27099f03f801723c32511d_bbe172d896a38bc15fca3062_0000000142907,0,25.2217,34.01042
5d27099f03f801723c32511d_bbe172d896a38bc15fca3062_0000000151111,0,25.215689,42.840256
5d27099f03f801723c32511d_c9f3dcee23725759730eaf32_0000000000007,1,18.182358,112.693245
5d27099f03f801723c32511d_c9f3dcee23725759730eaf32_0000000011980,1,18.098461,101.11772
5d27099f03f801723c32511d_c9f3dcee23725759730eaf32_0000000015390,1,18.602379,100.78219
5d27099f03f801723c32511d_c9f3dcee23725759730eaf32_0000000021893,1,20.784243,91.704544
5d27099f03f801723c32511d_c9f3dcee23725759730eaf32_0000000024781,1,20.753565,89.34763000000001
5d27099f03f801723c32511d_c9f3dcee23725759730eaf32_0000000035392,1,10.849433,77.39057
5d27099f03f801723c32511d_c9f3dcee23725759730eaf32_0000000042982,1,11.262679,71.973015
5d27099f03f801723c32511d_c9f3dcee23725759730eaf32_0000000049131,1,11.246545,68.62156
5d27099f03f801723c32511d_c9f3dcee23725759730eaf32_0000000056217,1,11.727441,57.637714
5d27099f03f801723c32511d_c9f3dcee23725759730eaf32_0000000063551,1,11.765225,53.906998
5d2709a003f801723c3251bf_0412d582bb8a2c89400a1ffb_0000000000007,0,36.492718,38.47404
5d2709a003f801723c3251bf_0412d582bb8a2c89400a1ffb_0000000004847,0,36.492718,38.47404
5d2709a003f801723c3251bf_0412d582bb8a2c89400a1ffb_0000000010696,0,37.97558,47.327385
5d2709a003f801723c3251bf_0412d582bb8a2c89400a1ffb_0000000018184,0,37.97558,47.327385
5d2709a003f801723c3251bf_0412d582bb8a2c89400a1ffb_0000000030987,0,41.622826,57.70924399999999
5d2709a003f801723c3251bf_0412d582bb8a2c89400a1ffb_0000000043434,0,46.892475,66.82871999999999
5d2709a003f801723c3251bf_0412d582bb8a2c89400a1ffb_0000000050687,0,46.957745,72.40165
5d2709a003f801723c3251bf_0412d582bb8a2c89400a1ffb_0000000059187,0,42.001286,74.97264
5d2709a003f801723c3251bf_236bb7800311ca69deeb0a16_0000000000008,2,31.168236,66.13917
5d2709a003f801723c3251bf_236bb7800311ca69deeb0a16_0000000006626,2,25.847881,65.175
5d2709a003f801723c3251bf_236bb7800311ca69deeb0a16_0000000016616,2,26.231812,66.91235
5d2709a003f801723c3251bf_236bb7800311ca69deeb0a16_0000000030119,2,31.168236,66.13917
5d2709a003f801723c3251bf_236bb7800311ca69deeb0a16_0000000038290,2,32.841843,72.31170999999999
5d2709a003f801723c3251bf_236bb7800311ca69deeb0a16_0000000049717,2,35.265175,68.50874
5d2709a003f801723c3251bf_236bb7800311ca69deeb0a16_0000000060078,2,35.265175,68.50874
5d2709a003f801723c3251bf_236bb7800311ca69deeb0a16_0000000071239,2,31.168236,66.13917
5d2709a003f801723c3251bf_236bb7800311ca69deeb0a16_0000000084194,2,29.81018,56.671635
5d2709a003f801723c3251bf_236bb7800311ca69deeb0a16_0000000094526,2,29.81018,56.671635
5d2709a003f801723c3251bf_236bb7800311ca69deeb0a16_0000000102066,2,28.27085,48.252235
5d2709a003f801723c3251bf_236bb7800311ca69deeb0a16_0000000112359,2,30.853724,39.61142
5d2709a003f801723c3251bf_236bb7800311ca69deeb0a16_0000000124766,2,30.853724,39.61142
5d2709a003f801723c3251bf_236bb7800311ca69deeb0a16_0000000145828,2,34.904617,26.69705
5d2709a003f801723c3251bf_236bb7800311ca69deeb0a16_0000000157581,2,30.424023,27.502003
5d2709a003f801723c3251bf_236bb7800311ca69deeb0a16_0000000166727,2,29.766586,23.588139
5d2709a003f801723c3251bf_41451a862cca51c9df6bf152_0000000000010,0,87.86417,34.97661
5d2709a003f801723c3251bf_41451a862cca51c9df6bf152_0000000005437,0,92.08372,34.390266
5d2709a003f801723c3251bf_41451a862cca51c9df6bf152_0000000009639,0,95.78113,33.535343
5d2709a003f801723c3251bf_41451a862cca51c9df6bf152_0000000019322,0,104.6383,31.553976
5d2709a003f801723c3251bf_41451a862cca51c9df6bf152_0000000026863,0,104.67574,36.7892
5d2709a003f801723c3251bf_41451a862cca51c9df6bf152_0000000036671,0,95.78113,33.535343
5d2709a003f801723c3251bf_41451a862cca51c9df6bf152_0000000041545,0,92.08372,34.390266
5d2709a003f801723c3251bf_41451a862cca51c9df6bf152_0000000046648,0,87.86417,34.97661
5d2709a003f801723c3251bf_41451a862cca51c9df6bf152_0000000051266,0,87.86417,34.97661
5d2709a003f801723c3251bf_41451a862cca51c9df6bf152_0000000063233,0,79.31787,34.122288
5d2709a003f801723c3251bf_41451a862cca51c9df6bf152_0000000068288,0,79.51716,36.73647
5d2709a003f801723c3251bf_41451a862cca51c9df6bf152_0000000081142,0,87.86417,34.97661
5d2709a003f801723c3251bf_41451a862cca51c9df6bf152_0000000093459,0,82.00385,38.57395
5d2709a003f801723c3251bf_41451a862cca51c9df6bf152_0000000100066,0,79.51716,36.73647
5d2709a003f801723c3251bf_41451a862cca51c9df6bf152_0000000113913,0,87.86417,34.97661
5d2709a003f801723c3251bf_41451a862cca51c9df6bf152_0000000127808,0,81.206764,31.775867
5d2709a003f801723c3251bf_5582270fcaee1f580de9006f_0000000000008,0,42.98031,42.581768
5d2709a003f801723c3251bf_5582270fcaee1f580de9006f_0000000013778,0,55.05545,40.403366
5d2709a003f801723c3251bf_5582270fcaee1f580de9006f_0000000026517,0,64.16022,41.355614
5d2709a003f801723c3251bf_5582270fcaee1f580de9006f_0000000033452,0,68.67866500000001,40.664883
5d2709a003f801723c3251bf_5582270fcaee1f580de9006f_0000000043509,0,73.39135999999999,39.846844
5d2709a003f801723c3251bf_5582270fcaee1f580de9006f_0000000057633,0,82.00385,38.57395
5d2709a003f801723c3251bf_5582270fcaee1f580de9006f_0000000069060,0,90.683685,37.53617
5d2709a003f801723c3251bf_5582270fcaee1f580de9006f_0000000085714,0,104.67574,36.7892
5d2709a003f801723c3251bf_5582270fcaee1f580de9006f_0000000100669,0,104.67574,36.7892
5d2709a003f801723c3251bf_5582270fcaee1f580de9006f_0000000105509,0,104.6383,31.553976
5d2709a003f801723c3251bf_5582270fcaee1f580de9006f_0000000112256,0,104.6383,31.553976
5d2709a003f801723c3251bf_5582270fcaee1f580de9006f_0000000123021,0,97.89567,28.913252000000004
5d2709a003f801723c3251bf_60d4eac93ce6283cdc6e11b6_0000000000015,3,50.206818,67.63954
5d2709a003f801723c3251bf_60d4eac93ce6283cdc6e11b6_0000000010943,3,47.921104,53.9026
5d2709a003f801723c3251bf_60d4eac93ce6283cdc6e11b6_0000000021605,3,46.818096,44.643623
5d2709a003f801723c3251bf_60d4eac93ce6283cdc6e11b6_0000000029209,3,50.054363,38.737770000000005
5d2709a003f801723c3251bf_60d4eac93ce6283cdc6e11b6_0000000041641,3,58.476006000000005,37.389347
5d2709a003f801723c3251bf_60d4eac93ce6283cdc6e11b6_0000000049401,3,59.772625,42.662106
5d2709a003f801723c3251bf_60d4eac93ce6283cdc6e11b6_0000000061398,3,60.774414,51.787395
5d2709a003f801723c3251bf_60d4eac93ce6283cdc6e11b6_0000000075227,3,62.225403,60.91536
5d2709a003f801723c3251bf_60d4eac93ce6283cdc6e11b6_0000000086386,3,53.76635400000001,62.192062
5d2709a003f801723c3251bf_6913691fa6371ba1be81276e_0000000000008,0,123.52287,78.903595
5d2709a003f801723c3251bf_6913691fa6371ba1be81276e_0000000004988,0,121.06526,76.45068
5d2709a003f801723c3251bf_6913691fa6371ba1be81276e_0000000017733,0,121.129715,63.8921
5d2709a003f801723c3251bf_6913691fa6371ba1be81276e_0000000026397,0,118.81081,63.12791
5d2709a003f801723c3251bf_6913691fa6371ba1be81276e_0000000032764,0,119.29068,53.471737
5d2709a003f801723c3251bf_6913691fa6371ba1be81276e_0000000038760,0,119.29068,53.471737
5d2709a003f801723c3251bf_6913691fa6371ba1be81276e_0000000056644,0,137.35324,47.66733
5d2709a003f801723c3251bf_6913691fa6371ba1be81276e_0000000065292,0,136.84564,43.305904
5d2709a003f801723c3251bf_6913691fa6371ba1be81276e_0000000083578,0,124.774414,46.905884
5d2709a003f801723c3251bf_6913691fa6371ba1be81276e_0000000089932,0,124.774414,46.905884
5d2709a003f801723c3251bf_6913691fa6371ba1be81276e_0000000101423,0,119.29068,53.471737
5d2709a003f801723c3251bf_6913691fa6371ba1be81276e_0000000112261,0,117.87871,48.171062
5d2709a003f801723c3251bf_6913691fa6371ba1be81276e_0000000122316,0,107.488495,41.264523
5d2709a003f801723c3251bf_6913691fa6371ba1be81276e_0000000127916,0,104.67574,36.7892
5d2709a003f801723c3251bf_897457315805f1d5b209c692_0000000000013,3,49.509754,62.826126
5d2709a003f801723c3251bf_897457315805f1d5b209c692_0000000005737,3,49.509754,62.826126
5d2709a003f801723c3251bf_897457315805f1d5b209c692_0000000017447,3,47.921104,53.9026
5d2709a003f801723c3251bf_897457315805f1d5b209c692_0000000025420,3,47.921104,53.9026
5d2709a003f801723c3251bf_897457315805f1d5b209c692_0000000037208,3,46.818096,44.643623
5d2709a003f801723c3251bf_897457315805f1d5b209c692_0000000048269,3,45.867756,38.82423
5d2709a003f801723c3251bf_897457315805f1d5b209c692_0000000054748,3,45.867756,38.82423
5d2709a003f801723c3251bf_897457315805f1d5b209c692_0000000064583,3,46.818096,44.643623
5d2709a003f801723c3251bf_897457315805f1d5b209c692_0000000073194,3,46.818096,44.643623
5d2709a003f801723c3251bf_89f1ea2d1e3a876af40dadac_0000000000007,0,30.619102,49.038403
5d2709a003f801723c3251bf_89f1ea2d1e3a876af40dadac_0000000005225,0,33.470882,48.46682
5d2709a003f801723c3251bf_89f1ea2d1e3a876af40dadac_0000000016611,0,40.451084,47.253815
5d2709a003f801723c3251bf_89f1ea2d1e3a876af40dadac_0000000032051,0,41.622826,57.70924399999999
5d2709a003f801723c3251bf_89f1ea2d1e3a876af40dadac_0000000039259,0,41.111256,63.769817
5d2709a003f801723c3251bf_89f1ea2d1e3a876af40dadac_0000000047253,0,35.918594,62.23268
5d2709a003f801723c3251bf_89f1ea2d1e3a876af40dadac_0000000057917,0,35.00414,57.948128
5d2709a003f801723c3251bf_89f1ea2d1e3a876af40dadac_0000000070260,0,33.470882,48.46682
5d2709a003f801723c3251bf_8ab34318f66dffa710ec53cd_0000000000010,1,68.55104,38.30493
5d2709a003f801723c3251bf_8ab34318f66dffa710ec53cd_0000000007699,1,63.83442,36.18444
5d2709a003f801723c3251bf_8ab34318f66dffa710ec53cd_0000000018932,1,59.69135,39.76143
5d2709a003f801723c3251bf_8ab34318f66dffa710ec53cd_0000000028350,1,55.105637,37.6923
5d2709a003f801723c3251bf_8ab34318f66dffa710ec53cd_0000000040562,1,52.695374,40.258648
5d2709a003f801723c3251bf_8ab34318f66dffa710ec53cd_0000000051422,1,48.073227,39.13391
5d2709a003f801723c3251bf_8ab34318f66dffa710ec53cd_0000000063340,1,43.684574,42.29262
5d2709a003f801723c3251bf_8ab34318f66dffa710ec53cd_0000000076715,1,37.793766,43.079964
5d2709a003f801723c3251bf_8d64c2a46bc9b91426969ef6_0000000000008,3,64.11321,36.74267
5d2709a003f801723c3251bf_8d64c2a46bc9b91426969ef6_0000000002938,3,58.476006000000005,37.389347
5d2709a003f801723c3251bf_8d64c2a46bc9b91426969ef6_0000000009758,3,56.54902,33.084595
5d2709a003f801723c3251bf_8d64c2a46bc9b91426969ef6_0000000019616,3,56.54902,33.084595
5d2709a003f801723c3251bf_8d64c2a46bc9b91426969ef6_0000000028337,3,49.391228000000005,34.08441
5d2709a003f801723c3251bf_8d64c2a46bc9b91426969ef6_0000000040078,3,38.70712,35.578327
5d2709a003f801723c3251bf_8d64c2a46bc9b91426969ef6_0000000054003,3,36.915413,24.58762
5d2709a003f801723c3251bf_8d64c2a46bc9b91426969ef6_0000000061033,3,33.12527,25.16017
5d2709a003f801723c3251bf_9217871066df2966c942b2eb_0000000000012,0,31.569468,29.497944
5d2709a003f801723c3251bf_9217871066df2966c942b2eb_0000000005315,0,31.569468,29.497944
5d2709a003f801723c3251bf_9217871066df2966c942b2eb_0000000019733,0,32.77398,39.21906
5d2709a003f801723c3251bf_9217871066df2966c942b2eb_0000000027028,0,36.492718,38.47404
5d2709a003f801723c3251bf_9217871066df2966c942b2eb_0000000041604,0,35.136204,28.998857
5d2709a003f801723c3251bf_9217871066df2966c942b2eb_0000000073467,0,31.569468,29.497944
5d2709a003f801723c3251bf_9217871066df2966c942b2eb_0000000079713,0,31.569468,29.497944
5d2709a003f801723c3251bf_9217871066df2966c942b2eb_0000000090528,0,29.397669,39.809467
5d2709a003f801723c3251bf_9217871066df2966c942b2eb_0000000102696,0,31.569468,29.497944
5d2709a003f801723c3251bf_987dedd74979b11fe4f06987_0000000000010,1,62.878258,72.85866
5d2709a003f801723c3251bf_987dedd74979b11fe4f06987_0000000009013,1,70.4866,68.39731
5d2709a003f801723c3251bf_987dedd74979b11fe4f06987_0000000020910,1,77.93615,67.35393
5d2709a003f801723c3251bf_987dedd74979b11fe4f06987_0000000032165,1,84.27215,66.29689
5d2709a003f801723c3251bf_987dedd74979b11fe4f06987_0000000043790,1,93.63459,63.87017
5d2709a003f801723c3251bf_987dedd74979b11fe4f06987_0000000053011,1,102.04957,61.558475
5d2709a003f801723c3251bf_987dedd74979b11fe4f06987_0000000058210,1,108.179054,60.510235
5d2709a003f801723c3251bf_987dedd74979b11fe4f06987_0000000069814,1,106.14402,46.687046
5d2709a003f801723c3251bf_987dedd74979b11fe4f06987_0000000081046,1,104.61828,38.68108
5d2709a003f801723c3251bf_987dedd74979b11fe4f06987_0000000086692,1,104.61828,38.68108
5d2709a003f801723c3251bf_987dedd74979b11fe4f06987_0000000095902,1,96.71356,36.041546
5d2709a003f801723c3251bf_987dedd74979b11fe4f06987_0000000107431,1,87.27669,35.590595
5d2709a003f801723c3251bf_987dedd74979b11fe4f06987_0000000115156,1,81.49772,36.388424
5d2709a003f801723c3251bf_98942ecbc18dc774835563aa_0000000000007,0,95.78113,33.535343
5d2709a003f801723c3251bf_98942ecbc18dc774835563aa_0000000010668,0,87.86417,34.97661
5d2709a003f801723c3251bf_98942ecbc18dc774835563aa_0000000020467,0,79.31787,34.122288
5d2709a003f801723c3251bf_98942ecbc18dc774835563aa_0000000028425,0,72.8372,35.093
5d2709a003f801723c3251bf_98942ecbc18dc774835563aa_0000000031724,0,72.8372,35.093
5d2709a003f801723c3251bf_98942ecbc18dc774835563aa_0000000037787,0,66.04807,36.17247
5d2709a003f801723c3251bf_98942ecbc18dc774835563aa_0000000043595,0,60.69066,37.152588
5d2709a003f801723c3251bf_98942ecbc18dc774835563aa_0000000053817,0,54.58617,35.766666
5d2709a003f801723c3251bf_98942ecbc18dc774835563aa_0000000070443,0,42.026596000000005,37.58432
5d2709a003f801723c3251bf_9950fd1962191dfe62c8a366_0000000000008,1,33.337340000000005,41.138626
5d2709a003f801723c3251bf_9950fd1962191dfe62c8a366_0000000006772,1,37.793766,43.079964
5d2709a003f801723c3251bf_9950fd1962191dfe62c8a366_0000000013044,1,37.793766,43.079964
5d2709a003f801723c3251bf_9950fd1962191dfe62c8a366_0000000019676,1,43.684574,42.29262
5d2709a003f801723c3251bf_9950fd1962191dfe62c8a366_0000000031810,1,48.073227,39.13391
5d2709a003f801723c3251bf_9950fd1962191dfe62c8a366_0000000039152,1,52.695374,40.258648
5d2709a003f801723c3251bf_9950fd1962191dfe62c8a366_0000000051621,1,58.871334,36.687305
5d2709a003f801723c3251bf_9950fd1962191dfe62c8a366_0000000061189,1,64.2314,38.8409
5d2709a003f801723c3251bf_9950fd1962191dfe62c8a366_0000000073000,1,73.19091999999999,35.515083000000004
5d2709a003f801723c3251bf_9950fd1962191dfe62c8a366_0000000079032,1,76.69932,36.404957
5d2709a003f801723c3251bf_9950fd1962191dfe62c8a366_0000000089864,1,86.952126,32.748703000000006
5d2709a003f801723c3251bf_9950fd1962191dfe62c8a366_0000000099024,1,91.7113,34.0891
5d2709a003f801723c3251bf_9950fd1962191dfe62c8a366_0000000109768,1,94.51789,32.066565999999995
5d2709a003f801723c3251bf_9950fd1962191dfe62c8a366_0000000122808,1,99.00678,37.995857
5d2709a003f801723c3251bf_9950fd1962191dfe62c8a366_0000000133326,1,104.61828,38.68108
5d2709a003f801723c3251bf_d3db994677fd0e0ed62339d2_0000000000008,0,104.67574,36.7892
5d2709a003f801723c3251bf_d3db994677fd0e0ed62339d2_0000000006311,0,107.488495,41.264523
5d2709a003f801723c3251bf_d3db994677fd0e0ed62339d2_0000000015790,0,113.94124,40.35033
5d2709a003f801723c3251bf_d3db994677fd0e0ed62339d2_0000000033576,0,119.29068,53.471737
5d2709a003f801723c3251bf_d3db994677fd0e0ed62339d2_0000000051366,0,109.76732,54.353703
5d2709a003f801723c3251bf_d3db994677fd0e0ed62339d2_0000000064864,0,106.20586000000002,46.847458
5d2709a003f801723c3251bf_d3db994677fd0e0ed62339d2_0000000073995,0,107.488495,41.264523
5d2709a003f801723c3251bf_e1539744b6f7668a040ac968_0000000000006,2,30.853724,39.61142
5d2709a003f801723c3251bf_e1539744b6f7668a040ac968_0000000012664,2,25.65582,37.77823
5d2709a003f801723c3251bf_e1539744b6f7668a040ac968_0000000031509,2,28.27085,48.252235
5d2709a003f801723c3251bf_e1539744b6f7668a040ac968_0000000040800,2,28.27085,48.252235
5d2709a003f801723c3251bf_e1539744b6f7668a040ac968_0000000052339,2,29.81018,56.671635
5d2709a003f801723c3251bf_e1539744b6f7668a040ac968_0000000062968,2,29.81018,56.671635
5d2709a003f801723c3251bf_e1539744b6f7668a040ac968_0000000072647,2,29.81018,56.671635
5d2709a003f801723c3251bf_e1539744b6f7668a040ac968_0000000084432,2,31.168236,66.13917
5d2709a003f801723c3251bf_e1539744b6f7668a040ac968_0000000093999,2,31.168236,66.13917
5d2709a003f801723c3251bf_e1539744b6f7668a040ac968_0000000104402,2,32.841843,72.31170999999999
5d2709a003f801723c3251bf_e1539744b6f7668a040ac968_0000000119403,2,35.265175,68.50874
5d2709a003f801723c3251bf_e9db664dfc3a965581a24972_0000000000009,1,81.09969,33.692585
5d2709a003f801723c3251bf_e9db664dfc3a965581a24972_0000000007044,1,81.09969,33.692585
5d2709a003f801723c3251bf_e9db664dfc3a965581a24972_0000000014787,1,76.30229,34.957157
5d2709a003f801723c3251bf_e9db664dfc3a965581a24972_0000000020804,1,73.19091999999999,35.515083000000004
5d2709a003f801723c3251bf_e9db664dfc3a965581a24972_0000000029906,1,68.14551999999999,35.6544
5d2709a003f801723c3251bf_e9db664dfc3a965581a24972_0000000036636,1,63.83442,36.18444
5d2709a003f801723c3251bf_e9db664dfc3a965581a24972_0000000043444,1,58.871334,36.687305
5d2709a003f801723c3251bf_e9db664dfc3a965581a24972_0000000060488,1,55.105637,37.6923
5d2709a003f801723c3251bf_e9db664dfc3a965581a24972_0000000066084,1,52.587880000000006,38.372948
5d2709a003f801723c3251bf_e9db664dfc3a965581a24972_0000000073500,1,52.587880000000006,38.372948
5d2709a003f801723c3251bf_e9db664dfc3a965581a24972_0000000081796,1,43.124386,39.36268
5d2709a003f801723c3251bf_e9db664dfc3a965581a24972_0000000090574,1,39.62334,37.561665000000005
5d2709a003f801723c3251bf_e9db664dfc3a965581a24972_0000000100305,1,33.337340000000005,41.138626
5d2709a003f801723c3251bf_f1571d150cf1aafde30fd79a_0000000000013,1,89.55497,63.308655
5d2709a003f801723c3251bf_f1571d150cf1aafde30fd79a_0000000006251,1,93.63459,63.87017
5d2709a003f801723c3251bf_f1571d150cf1aafde30fd79a_0000000012136,1,93.63459,63.87017
5d2709a003f801723c3251bf_f1571d150cf1aafde30fd79a_0000000023329,1,98.284996,63.36487
5d2709a003f801723c3251bf_f1571d150cf1aafde30fd79a_0000000031844,1,93.63459,63.87017
5d2709a003f801723c3251bf_f1571d150cf1aafde30fd79a_0000000040023,1,98.284996,63.36487
5d2709a003f801723c3251bf_f1571d150cf1aafde30fd79a_0000000048167,1,93.63459,63.87017
5d2709a003f801723c3251bf_f1571d150cf1aafde30fd79a_0000000057152,1,89.69506,64.60873000000001
5d2709a003f801723c3251bf_f1571d150cf1aafde30fd79a_0000000067440,1,84.27215,66.29689
5d2709a003f801723c3251bf_f8ebbce91c3aa8870faba81e_0000000000008,3,19.4287,21.363293
5d2709a003f801723c3251bf_f8ebbce91c3aa8870faba81e_0000000011831,3,20.640078,29.077866
5d2709a003f801723c3251bf_f8ebbce91c3aa8870faba81e_0000000021855,3,22.128788,39.782394
5d2709a003f801723c3251bf_f8ebbce91c3aa8870faba81e_0000000028929,3,17.130554,37.59834
5d2709a003f801723c3251bf_f8ebbce91c3aa8870faba81e_0000000036813,3,17.130554,37.59834
5d2709a003f801723c3251bf_f8ebbce91c3aa8870faba81e_0000000046605,3,15.295898,46.681908
5d2709a003f801723c3251bf_f8ebbce91c3aa8870faba81e_0000000060452,3,17.245504,58.334030000000006
5d2709a003f801723c3251bf_f8ebbce91c3aa8870faba81e_0000000066404,3,13.191733,62.98409300000001
5d2709a003f801723c3251bf_f8ebbce91c3aa8870faba81e_0000000074843,3,18.402893,66.106895
5d2709a003f801723c3251bf_f971e55da42b78e4d7a628e8_0000000000007,0,43.904354,45.959293
5d2709a003f801723c3251bf_f971e55da42b78e4d7a628e8_0000000007414,0,46.43119,41.855194
5d2709a003f801723c3251bf_f971e55da42b78e4d7a628e8_0000000016287,0,55.05545,40.403366
5d2709a003f801723c3251bf_f971e55da42b78e4d7a628e8_0000000021265,0,57.938618000000005,39.902653
5d2709a003f801723c3251bf_f971e55da42b78e4d7a628e8_0000000026712,0,60.87372,39.14182
5d2709a003f801723c3251bf_f971e55da42b78e4d7a628e8_0000000033422,0,66.39033,38.27621
5d2709a003f801723c3251bf_f971e55da42b78e4d7a628e8_0000000041175,0,73.13188000000001,37.487045
5d2709a003f801723c3251bf_f971e55da42b78e4d7a628e8_0000000049245,0,79.51716,36.73647
5d2709a003f801723c3251bf_f971e55da42b78e4d7a628e8_0000000060337,0,79.31787,34.122288
5d2709a003f801723c3251bf_f971e55da42b78e4d7a628e8_0000000069802,0,72.8372,35.093
5d2709a003f801723c3251bf_f971e55da42b78e4d7a628e8_0000000080061,0,66.04807,36.17247
5d2709a003f801723c3251bf_f971e55da42b78e4d7a628e8_0000000086832,0,60.69066,37.152588
5d2709a003f801723c3251bf_f971e55da42b78e4d7a628e8_0000000091613,0,57.663925,37.716923
5d2709a003f801723c3251bf_f971e55da42b78e4d7a628e8_0000000096562,0,54.58617,35.766666
5d2709a003f801723c3251bf_f971e55da42b78e4d7a628e8_0000000106636,0,45.64554,38.415413
5d2709b303f801723c327472_04b259d70f2b503f2af14c35_0000000000013,1,54.294914,89.57184000000001
5d2709b303f801723c327472_04b259d70f2b503f2af14c35_0000000006982,1,50.640945,87.1283
5d2709b303f801723c327472_04b259d70f2b503f2af14c35_0000000013985,1,47.935577,84.844826
5d2709b303f801723c327472_04b259d70f2b503f2af14c35_0000000022698,1,45.051765,82.7706
5d2709b303f801723c327472_04b259d70f2b503f2af14c35_0000000032275,1,44.203598,77.13296
5d2709b303f801723c327472_04b259d70f2b503f2af14c35_0000000043702,1,40.79028,69.713844
5d2709b303f801723c327472_04b259d70f2b503f2af14c35_0000000083500,1,48.66921,61.12799
5d2709b303f801723c327472_04b259d70f2b503f2af14c35_0000000095972,1,56.015194,58.943447
5d2709b303f801723c327472_04b259d70f2b503f2af14c35_0000000107072,1,52.030724,56.79791
5d2709b303f801723c327472_26c2e2bc3d0f36109337b502_0000000000009,1,190.96542,86.94102
5d2709b303f801723c327472_26c2e2bc3d0f36109337b502_0000000008381,1,191.52446,92.44964
5d2709b303f801723c327472_26c2e2bc3d0f36109337b502_0000000017250,1,194.60016,97.52364
5d2709b303f801723c327472_26c2e2bc3d0f36109337b502_0000000025677,1,194.60016,97.52364
5d2709b303f801723c327472_26c2e2bc3d0f36109337b502_0000000034019,1,191.52446,92.44964
5d2709b303f801723c327472_26c2e2bc3d0f36109337b502_0000000042311,1,190.96542,86.94102
5d2709b303f801723c327472_26c2e2bc3d0f36109337b502_0000000051832,1,195.06061,79.144554
5d2709b303f801723c327472_26c2e2bc3d0f36109337b502_0000000067416,1,205.97307,76.30776
5d2709b303f801723c327472_26c2e2bc3d0f36109337b502_0000000077269,1,213.44095,79.4007
5d2709b303f801723c327472_26c2e2bc3d0f36109337b502_0000000083416,1,213.44095,79.4007
5d2709b303f801723c327472_26c2e2bc3d0f36109337b502_0000000094343,1,214.05504,94.30113
5d2709b303f801723c327472_26c2e2bc3d0f36109337b502_0000000100391,1,214.05504,94.30113
5d2709b303f801723c327472_26c2e2bc3d0f36109337b502_0000000110153,1,210.25006,101.71852
5d2709b303f801723c327472_26c2e2bc3d0f36109337b502_0000000118978,1,203.20213,103.1271
5d2709b303f801723c327472_26c2e2bc3d0f36109337b502_0000000132822,1,194.0495,102.83816
5d2709b303f801723c327472_26c2e2bc3d0f36109337b502_0000000143611,1,185.56747,103.59616
5d2709b303f801723c327472_26c2e2bc3d0f36109337b502_0000000157852,1,177.78333999999998,103.74552
5d2709b303f801723c327472_26c2e2bc3d0f36109337b502_0000000165927,1,169.43047,103.60536
5d2709b303f801723c327472_26c2e2bc3d0f36109337b502_0000000178135,1,160.47308,103.535255
5d2709b303f801723c327472_26c2e2bc3d0f36109337b502_0000000187250,1,156.06097,105.21429
5d2709b303f801723c327472_26c2e2bc3d0f36109337b502_0000000200666,1,144.0827,102.408714
5d2709b303f801723c327472_26c2e2bc3d0f36109337b502_0000000213656,1,137.09024,100.566864
5d2709b303f801723c327472_26c2e2bc3d0f36109337b502_0000000223907,1,128.34153999999998,100.86074
5d2709b303f801723c327472_26c2e2bc3d0f36109337b502_0000000234413,1,122.82659,99.799286
5d2709b303f801723c327472_26c2e2bc3d0f36109337b502_0000000244922,1,116.73228,100.25215
5d2709b303f801723c327472_26c2e2bc3d0f36109337b502_0000000252071,1,112.21676,98.15074
5d2709b303f801723c327472_26c2e2bc3d0f36109337b502_0000000259077,1,108.22194,96.985016
5d2709b303f801723c327472_26c2e2bc3d0f36109337b502_0000000266632,1,102.94721,98.72315
5d2709b303f801723c327472_2bc46d57dc3f3ba0480e9f08_0000000000011,3,96.33956,85.83756
5d2709b303f801723c327472_2bc46d57dc3f3ba0480e9f08_0000000011806,3,87.91093000000001,85.7212
5d2709b303f801723c327472_2bc46d57dc3f3ba0480e9f08_0000000028125,3,79.21295,85.20425
5d2709b303f801723c327472_2bc46d57dc3f3ba0480e9f08_0000000036379,3,79.21295,85.20425
5d2709b303f801723c327472_2bc46d57dc3f3ba0480e9f08_0000000050359,3,63.233032,84.52043
5d2709b303f801723c327472_2bc46d57dc3f3ba0480e9f08_0000000067615,3,63.233032,84.52043
5d2709b303f801723c327472_2bc46d57dc3f3ba0480e9f08_0000000074638,3,63.233032,84.52043
5d2709b303f801723c327472_2bc46d57dc3f3ba0480e9f08_0000000086291,3,63.530457,78.50489
5d2709b303f801723c327472_2bc46d57dc3f3ba0480e9f08_0000000094581,3,63.530457,78.50489
5d2709b303f801723c327472_2bc46d57dc3f3ba0480e9f08_0000000108877,3,57.48775500000001,66.71276999999999
5d2709b303f801723c327472_2bc46d57dc3f3ba0480e9f08_0000000120556,3,51.233086,62.037518000000006
5d2709b303f801723c327472_2bc46d57dc3f3ba0480e9f08_0000000132007,3,47.962852000000005,59.056656
5d2709b303f801723c327472_2bc46d57dc3f3ba0480e9f08_0000000144269,3,40.994797,59.88569
5d2709b303f801723c327472_2bc46d57dc3f3ba0480e9f08_0000000151311,3,40.994797,59.88569
5d2709b303f801723c327472_2bf1ea3f5895fbdadd5b4a74_0000000000006,2,66.65628000000001,74.643745
5d2709b303f801723c327472_2bf1ea3f5895fbdadd5b4a74_0000000012052,2,62.788105,67.0645
5d2709b303f801723c327472_2bf1ea3f5895fbdadd5b4a74_0000000028414,2,62.187702,67.15857
5d2709b303f801723c327472_2bf1ea3f5895fbdadd5b4a74_0000000041181,2,58.69217,58.961445
5d2709b303f801723c327472_2bf1ea3f5895fbdadd5b4a74_0000000054005,2,47.52306,59.298157
5d2709b303f801723c327472_2bf1ea3f5895fbdadd5b4a74_0000000063603,2,44.559723,56.476425
5d2709b303f801723c327472_2bf1ea3f5895fbdadd5b4a74_0000000070985,2,43.57144,50.511597
5d2709b303f801723c327472_2bf1ea3f5895fbdadd5b4a74_0000000082838,2,36.635666,42.13599
5d2709b303f801723c327472_2bf1ea3f5895fbdadd5b4a74_0000000092676,2,36.060635,39.937756
5d2709b303f801723c327472_2bf1ea3f5895fbdadd5b4a74_0000000107767,2,30.095266,37.01737
5d2709b303f801723c327472_2bf1ea3f5895fbdadd5b4a74_0000000124407,2,31.093273,43.627224
5d2709b303f801723c327472_2bf1ea3f5895fbdadd5b4a74_0000000139188,2,31.093273,43.627224
5d2709b303f801723c327472_2bf1ea3f5895fbdadd5b4a74_0000000150025,2,32.11958,50.842587
5d2709b303f801723c327472_2bf1ea3f5895fbdadd5b4a74_0000000160614,2,33.489517,54.707317
5d2709b303f801723c327472_346bf8f7f1c62bcb4cd6e307_0000000000006,2,36.87733,66.47717
5d2709b303f801723c327472_346bf8f7f1c62bcb4cd6e307_0000000005162,2,36.87733,66.47717
5d2709b303f801723c327472_346bf8f7f1c62bcb4cd6e307_0000000011059,2,36.20926,70.28917
5d2709b303f801723c327472_346bf8f7f1c62bcb4cd6e307_0000000020302,2,36.98412,76.2418
5d2709b303f801723c327472_346bf8f7f1c62bcb4cd6e307_0000000032235,2,43.555164000000005,86.99124
5d2709b303f801723c327472_346bf8f7f1c62bcb4cd6e307_0000000040054,2,47.014988,89.28184499999999
5d2709b303f801723c327472_3c972e7cbba71d1c684dd34f_0000000000015,1,171.32748,92.87996
5d2709b303f801723c327472_3c972e7cbba71d1c684dd34f_0000000009486,1,165.28554,92.78894
5d2709b303f801723c327472_3c972e7cbba71d1c684dd34f_0000000019895,1,159.01315,92.9165
5d2709b303f801723c327472_3c972e7cbba71d1c684dd34f_0000000029076,1,154.03273000000002,92.39539
5d2709b303f801723c327472_3c972e7cbba71d1c684dd34f_0000000039220,1,145.1287,91.58699
5d2709b303f801723c327472_3c972e7cbba71d1c684dd34f_0000000048516,1,137.84982,91.05555
5d2709b303f801723c327472_3c972e7cbba71d1c684dd34f_0000000058048,1,129.62354,92.0065
5d2709b303f801723c327472_3c972e7cbba71d1c684dd34f_0000000067280,1,121.74578,90.821976
5d2709b303f801723c327472_3c972e7cbba71d1c684dd34f_0000000076372,1,117.94032,89.86227
5d2709b303f801723c327472_3c972e7cbba71d1c684dd34f_0000000084800,1,110.89589,88.88444
5d2709b303f801723c327472_3c972e7cbba71d1c684dd34f_0000000092759,1,108.73713,89.27731999999999
5d2709b303f801723c327472_3c972e7cbba71d1c684dd34f_0000000103602,1,101.99362,87.09008
5d2709b303f801723c327472_3c972e7cbba71d1c684dd34f_0000000112127,1,96.24988,86.12335
5d2709b303f801723c327472_3c972e7cbba71d1c684dd34f_0000000121184,1,91.615585,85.51997
5d2709b303f801723c327472_3c972e7cbba71d1c684dd34f_0000000137567,1,79.128334,82.067604
5d2709b303f801723c327472_3c972e7cbba71d1c684dd34f_0000000152543,1,79.05875999999999,84.18804
5d2709b303f801723c327472_44bc288dc5e6d7b2819f88c5_0000000000023,0,94.8517,82.70696
5d2709b303f801723c327472_44bc288dc5e6d7b2819f88c5_0000000008910,0,100.570755,86.29698
5d2709b303f801723c327472_44bc288dc5e6d7b2819f88c5_0000000018787,0,104.468864,83.69959
5d2709b303f801723c327472_44bc288dc5e6d7b2819f88c5_0000000039762,0,103.48579,93.12623
5d2709b303f801723c327472_44bc288dc5e6d7b2819f88c5_0000000050217,0,100.570755,86.29698
5d2709b303f801723c327472_44bc288dc5e6d7b2819f88c5_0000000059819,0,94.29728,87.98945
5d2709b303f801723c327472_44bc288dc5e6d7b2819f88c5_0000000066834,0,94.36598,91.406
5d2709b303f801723c327472_44bc288dc5e6d7b2819f88c5_0000000077070,0,100.570755,86.29698
5d2709b303f801723c327472_472be94f5be907c04c932114_0000000000017,-1,135.29718,81.42090999999999
5d2709b303f801723c327472_472be94f5be907c04c932114_0000000009599,-1,132.13501000000002,81.08364
5d2709b303f801723c327472_472be94f5be907c04c932114_0000000016709,-1,124.38364,78.994514
5d2709b303f801723c327472_472be94f5be907c04c932114_0000000024385,-1,115.09581,73.25098
5d2709b303f801723c327472_472be94f5be907c04c932114_0000000029584,-1,108.781715,73.17166999999999
5d2709b303f801723c327472_472be94f5be907c04c932114_0000000036488,-1,103.67061,71.343796
5d2709b303f801723c327472_472be94f5be907c04c932114_0000000041507,-1,98.51681,69.96419499999999
5d2709b303f801723c327472_472be94f5be907c04c932114_0000000065028,-1,90.13876,69.21731
5d2709b303f801723c327472_472be94f5be907c04c932114_0000000070854,-1,87.01294,67.3027
5d2709b303f801723c327472_472be94f5be907c04c932114_0000000077516,-1,81.42178,65.41311999999999
5d2709b303f801723c327472_472be94f5be907c04c932114_0000000085084,-1,73.90569,63.61501
5d2709b303f801723c327472_4affd104e0ec7a7806edfa78_0000000000007,3,119.98652,93.31355
5d2709b303f801723c327472_4affd104e0ec7a7806edfa78_0000000007832,3,112.72898,90.27755
5d2709b303f801723c327472_4affd104e0ec7a7806edfa78_0000000018762,3,108.64768,88.69206
5d2709b303f801723c327472_4affd104e0ec7a7806edfa78_0000000027307,3,103.010124,89.81192
5d2709b303f801723c327472_4affd104e0ec7a7806edfa78_0000000036019,3,96.68476,89.43399000000001
5d2709b303f801723c327472_4affd104e0ec7a7806edfa78_0000000045778,3,87.91093000000001,85.7212
5d2709b303f801723c327472_4affd104e0ec7a7806edfa78_0000000051965,3,84.04672,85.92407
5d2709b303f801723c327472_4affd104e0ec7a7806edfa78_0000000060053,3,79.21295,85.20425
5d2709b303f801723c327472_4affd104e0ec7a7806edfa78_0000000071711,3,68.60542,82.384254
5d2709b303f801723c327472_4affd104e0ec7a7806edfa78_0000000086966,3,63.530457,78.50489
5d2709b303f801723c327472_4affd104e0ec7a7806edfa78_0000000094094,3,61.351517,72.06036
5d2709b303f801723c327472_4affd104e0ec7a7806edfa78_0000000101508,3,57.48775500000001,66.71276999999999
5d2709b303f801723c327472_4affd104e0ec7a7806edfa78_0000000112517,3,51.233086,62.037518000000006
5d2709b303f801723c327472_4affd104e0ec7a7806edfa78_0000000124177,3,43.651413,59.83044
5d2709b303f801723c327472_4affd104e0ec7a7806edfa78_0000000137923,3,43.651413,59.83044
5d2709b303f801723c327472_4affd104e0ec7a7806edfa78_0000000144909,3,40.994797,59.88569
5d2709b303f801723c327472_4affd104e0ec7a7806edfa78_0000000152234,3,41.966877,57.561653
5d2709b303f801723c327472_4affd104e0ec7a7806edfa78_0000000166590,3,38.49712,48.127457
5d2709b303f801723c327472_4affd104e0ec7a7806edfa78_0000000175151,3,37.967308,41.713707
5d2709b303f801723c327472_4affd104e0ec7a7806edfa78_0000000183746,3,31.233274,35.41135
5d2709b303f801723c327472_4affd104e0ec7a7806edfa78_0000000205572,3,33.875977,32.882847
5d2709b303f801723c327472_4affd104e0ec7a7806edfa78_0000000215377,3,31.233274,35.41135
5d2709b303f801723c327472_4affd104e0ec7a7806edfa78_0000000231233,3,25.985397,34.517109999999995
5d2709b303f801723c327472_4affd104e0ec7a7806edfa78_0000000248479,3,27.06682,36.832577
5d2709b303f801723c327472_4affd104e0ec7a7806edfa78_0000000256157,3,26.211536,37.79347
5d2709b303f801723c327472_4affd104e0ec7a7806edfa78_0000000263247,3,26.211536,37.79347
5d2709b303f801723c327472_4affd104e0ec7a7806edfa78_0000000272684,3,27.334179,43.961597
5d2709b303f801723c327472_4affd104e0ec7a7806edfa78_0000000280584,3,27.102003000000003,48.8553
5d2709b303f801723c327472_4affd104e0ec7a7806edfa78_0000000288839,3,29.404026,54.787685
5d2709b303f801723c327472_4affd104e0ec7a7806edfa78_0000000295050,3,32.06904,57.462597
5d2709b303f801723c327472_4affd104e0ec7a7806edfa78_0000000302037,3,30.056498,60.592163
5d2709b303f801723c327472_4affd104e0ec7a7806edfa78_0000000308155,3,34.55915,63.35386
5d2709b303f801723c327472_4affd104e0ec7a7806edfa78_0000000314001,3,30.045176,66.074
5d2709b303f801723c327472_4affd104e0ec7a7806edfa78_0000000323098,3,31.852945,70.10037
5d2709b303f801723c327472_4affd104e0ec7a7806edfa78_0000000331262,3,32.791107000000004,76.78325
5d2709b303f801723c327472_4affd104e0ec7a7806edfa78_0000000341895,3,36.029743,84.35119
5d2709b303f801723c327472_4affd104e0ec7a7806edfa78_0000000351675,3,36.17587,90.42728
5d2709b303f801723c327472_4affd104e0ec7a7806edfa78_0000000365821,3,41.90435,88.76397
5d2709b303f801723c327472_4affd104e0ec7a7806edfa78_0000000373861,3,46.661545,93.28988
5d2709b303f801723c327472_4affd104e0ec7a7806edfa78_0000000380642,3,50.03633,92.479195
5d2709b303f801723c327472_4affd104e0ec7a7806edfa78_0000000388898,3,55.82164399999999,91.939095
5d2709b303f801723c327472_4affd104e0ec7a7806edfa78_0000000399056,3,60.475193,89.41167
5d2709b303f801723c327472_4affd104e0ec7a7806edfa78_0000000411537,3,66.21599,92.7008
5d2709b303f801723c327472_4affd104e0ec7a7806edfa78_0000000421749,3,73.52964,94.85876
5d2709b303f801723c327472_4affd104e0ec7a7806edfa78_0000000436995,3,82.480965,97.29656
5d2709b303f801723c327472_4affd104e0ec7a7806edfa78_0000000447908,3,91.268166,94.59569
5d2709b303f801723c327472_4affd104e0ec7a7806edfa78_0000000462857,3,99.06976,97.317406
5d2709b303f801723c327472_4affd104e0ec7a7806edfa78_0000000473660,3,109.966484,98.43882
5d2709b303f801723c327472_4affd104e0ec7a7806edfa78_0000000486901,3,112.92691,99.79189
5d2709b303f801723c327472_4affd104e0ec7a7806edfa78_0000000494770,3,123.61688999999998,99.99038
5d2709b303f801723c327472_4affd104e0ec7a7806edfa78_0000000510068,3,132.49393,102.5429
5d2709b303f801723c327472_4affd104e0ec7a7806edfa78_0000000520480,3,137.03375,102.19978
5d2709b303f801723c327472_4affd104e0ec7a7806edfa78_0000000532476,3,148.9028,102.19811
5d2709b303f801723c327472_4ff5b9152353b3dc458992fa_0000000000007,2,33.65538,58.147854
5d2709b303f801723c327472_4ff5b9152353b3dc458992fa_0000000005421,2,34.6947,62.704487
5d2709b303f801723c327472_4ff5b9152353b3dc458992fa_0000000014220,2,36.87733,66.47717
5d2709b303f801723c327472_4ff5b9152353b3dc458992fa_0000000024285,2,36.20926,70.28917
5d2709b303f801723c327472_4ff5b9152353b3dc458992fa_0000000033129,2,36.98412,76.2418
5d2709b303f801723c327472_4ff5b9152353b3dc458992fa_0000000040015,2,36.98412,76.2418
5d2709b303f801723c327472_4ff5b9152353b3dc458992fa_0000000048100,2,43.555164000000005,86.99124
5d2709b303f801723c327472_4ff5b9152353b3dc458992fa_0000000058559,2,47.014988,89.28184499999999
5d2709b303f801723c327472_4ff5b9152353b3dc458992fa_0000000070355,2,53.89034300000001,92.221985
5d2709b303f801723c327472_4ff5b9152353b3dc458992fa_0000000078507,2,60.979458,94.06985
5d2709b303f801723c327472_4ff5b9152353b3dc458992fa_0000000089436,2,64.25884,89.64344
5d2709b303f801723c327472_4ff5b9152353b3dc458992fa_0000000095595,2,69.9526,92.064964
5d2709b303f801723c327472_4ff5b9152353b3dc458992fa_0000000103684,2,73.51087,91.18379
5d2709b303f801723c327472_4ff5b9152353b3dc458992fa_0000000114640,2,80.037186,92.73392
5d2709b303f801723c327472_4ff5b9152353b3dc458992fa_0000000132706,2,94.92304,95.89975
5d2709b303f801723c327472_4ff5b9152353b3dc458992fa_0000000142226,2,104.17505,97.77257
5d2709b303f801723c327472_4ff5b9152353b3dc458992fa_0000000149058,2,104.17505,97.77257
5d2709b303f801723c327472_4ff5b9152353b3dc458992fa_0000000160377,2,111.97615,98.920204
5d2709b303f801723c327472_4ff5b9152353b3dc458992fa_0000000168789,2,120.04651,100.38025
5d2709b303f801723c327472_4ff5b9152353b3dc458992fa_0000000177487,2,130.0022,101.22196
5d2709b303f801723c327472_4ff5b9152353b3dc458992fa_0000000185311,2,136.2177,102.30161
5d2709b303f801723c327472_4ff5b9152353b3dc458992fa_0000000192836,2,144.491,103.24405
5d2709b303f801723c327472_4ff5b9152353b3dc458992fa_0000000200826,2,153.0635,102.63646
5d2709b303f801723c327472_4ff5b9152353b3dc458992fa_0000000211405,2,161.31529,103.58494
5d2709b303f801723c327472_4ff5b9152353b3dc458992fa_0000000220904,2,170.3724,103.87174
5d2709b303f801723c327472_4ff5b9152353b3dc458992fa_0000000231231,2,178.42728,103.780846
5d2709b303f801723c327472_4ff5b9152353b3dc458992fa_0000000244184,2,185.12709,101.38218
5d2709b303f801723c327472_4ff5b9152353b3dc458992fa_0000000262427,2,187.7445,102.86188
5d2709b303f801723c327472_4ff5b9152353b3dc458992fa_0000000272886,2,195.37608,103.04025
5d2709b303f801723c327472_4ff5b9152353b3dc458992fa_0000000283670,2,204.82726,100.225365
5d2709b303f801723c327472_4ff5b9152353b3dc458992fa_0000000293133,2,206.86104,94.1866
5d2709b303f801723c327472_4ff5b9152353b3dc458992fa_0000000308707,2,209.13612,88.00990999999999
5d2709b303f801723c327472_5727f10c5188b327a5a6a93e_0000000000008,0,160.03458999999998,111.8487
5d2709b303f801723c327472_5727f10c5188b327a5a6a93e_0000000006702,0,166.42463999999998,112.795204
5d2709b303f801723c327472_5727f10c5188b327a5a6a93e_0000000014969,0,166.42463999999998,112.795204
5d2709b303f801723c327472_5727f10c5188b327a5a6a93e_0000000025001,0,160.03458999999998,111.8487
5d2709b303f801723c327472_5727f10c5188b327a5a6a93e_0000000032526,0,160.03458999999998,111.8487
5d2709b303f801723c327472_5727f10c5188b327a5a6a93e_0000000056609,0,159.14732,118.65132
5d2709b303f801723c327472_5727f10c5188b327a5a6a93e_0000000069406,0,155.54161000000002,128.6404
5d2709b303f801723c327472_5727f10c5188b327a5a6a93e_0000000075568,0,155.54161000000002,128.6404
5d2709b303f801723c327472_5727f10c5188b327a5a6a93e_0000000086377,0,158.31226,123.75601
5d2709b303f801723c327472_5727f10c5188b327a5a6a93e_0000000096549,0,159.51573,118.19698
5d2709b303f801723c327472_5ca85be3a9fc9cd53ea8c7f1_0000000000014,1,40.802444,37.259777
5d2709b303f801723c327472_5ca85be3a9fc9cd53ea8c7f1_0000000014386,1,40.889885,44.69373
5d2709b303f801723c327472_5ca85be3a9fc9cd53ea8c7f1_0000000024832,1,40.889885,44.69373
5d2709b303f801723c327472_5ca85be3a9fc9cd53ea8c7f1_0000000049284,1,42.308037,50.86921
5d2709b303f801723c327472_5ca85be3a9fc9cd53ea8c7f1_0000000058837,1,42.308037,50.86921
5d2709b303f801723c327472_5ca85be3a9fc9cd53ea8c7f1_0000000075853,1,40.889885,44.69373
5d2709b303f801723c327472_5ca85be3a9fc9cd53ea8c7f1_0000000088271,1,40.802444,37.259777
5d2709b303f801723c327472_5ca85be3a9fc9cd53ea8c7f1_0000000098427,1,42.266308,31.581612
5d2709b303f801723c327472_5ca85be3a9fc9cd53ea8c7f1_0000000103758,1,38.871853,31.607922
5d2709b303f801723c327472_5ca85be3a9fc9cd53ea8c7f1_0000000121988,1,40.802444,37.259777
5d2709b303f801723c327472_5ca85be3a9fc9cd53ea8c7f1_0000000128649,1,40.344673,40.48994
5d2709b303f801723c327472_5ca85be3a9fc9cd53ea8c7f1_0000000136976,1,44.11482,42.837578
5d2709b303f801723c327472_6ea1015ef1f27bbd15192eb6_0000000000007,2,38.109295,93.180115
5d2709b303f801723c327472_6ea1015ef1f27bbd15192eb6_0000000008606,2,39.33817,99.57341
5d2709b303f801723c327472_6ea1015ef1f27bbd15192eb6_0000000013525,2,39.565685,99.23138
5d2709b303f801723c327472_6ea1015ef1f27bbd15192eb6_0000000021264,2,40.579704,93.005226
5d2709b303f801723c327472_6ea1015ef1f27bbd15192eb6_0000000032902,2,47.014988,89.28184499999999
5d2709b303f801723c327472_6ea1015ef1f27bbd15192eb6_0000000045649,2,53.89034300000001,92.221985
5d2709b303f801723c327472_6ea1015ef1f27bbd15192eb6_0000000057321,2,64.25884,89.64344
5d2709b303f801723c327472_6ea1015ef1f27bbd15192eb6_0000000063766,2,69.9526,92.064964
5d2709b303f801723c327472_6ea1015ef1f27bbd15192eb6_0000000068942,2,73.51087,91.18379
5d2709b303f801723c327472_6ea1015ef1f27bbd15192eb6_0000000077243,2,80.037186,92.73392
5d2709b303f801723c327472_6ea1015ef1f27bbd15192eb6_0000000087976,2,86.94983,94.024574
5d2709b303f801723c327472_6ea1015ef1f27bbd15192eb6_0000000100713,2,94.92304,95.89975
5d2709b303f801723c327472_6ea1015ef1f27bbd15192eb6_0000000109891,2,104.17505,97.77257
5d2709b303f801723c327472_6ea1015ef1f27bbd15192eb6_0000000117138,2,111.97615,98.920204
5d2709b303f801723c327472_6ea1015ef1f27bbd15192eb6_0000000125429,2,120.04651,100.38025
5d2709b303f801723c327472_6ea1015ef1f27bbd15192eb6_0000000134306,2,130.0022,101.22196
5d2709b303f801723c327472_6ea1015ef1f27bbd15192eb6_0000000142946,2,136.2177,102.30161
5d2709b303f801723c327472_6ea1015ef1f27bbd15192eb6_0000000154239,2,144.491,103.24405
5d2709b303f801723c327472_6ea1015ef1f27bbd15192eb6_0000000164963,2,154.67914,103.002815
5d2709b303f801723c327472_6ea1015ef1f27bbd15192eb6_0000000172470,2,161.31529,103.58494
5d2709b303f801723c327472_6ea1015ef1f27bbd15192eb6_0000000183189,2,170.3724,103.87174
5d2709b303f801723c327472_6ea1015ef1f27bbd15192eb6_0000000195715,2,178.42728,103.780846
5d2709b303f801723c327472_6ea1015ef1f27bbd15192eb6_0000000205576,2,187.7445,102.86188
5d2709b303f801723c327472_6ea1015ef1f27bbd15192eb6_0000000215458,2,195.37608,103.04025
5d2709b303f801723c327472_6ea1015ef1f27bbd15192eb6_0000000237512,2,202.02893,101.90201
5d2709b303f801723c327472_6ea1015ef1f27bbd15192eb6_0000000247856,2,206.76357,107.16374
5d2709b303f801723c327472_6ea1015ef1f27bbd15192eb6_0000000256237,2,208.0974,113.02369
5d2709b303f801723c327472_6ea1015ef1f27bbd15192eb6_0000000264158,2,210.69734,119.30586
5d2709b303f801723c327472_6ea1015ef1f27bbd15192eb6_0000000269851,2,210.69734,119.30586
5d2709b303f801723c327472_6ea1015ef1f27bbd15192eb6_0000000278953,2,209.8064,115.13367
5d2709b303f801723c327472_6ea1015ef1f27bbd15192eb6_0000000286167,2,209.8064,115.13367
5d2709b303f801723c327472_6ea1015ef1f27bbd15192eb6_0000000307335,2,209.8064,115.13367
5d2709b303f801723c327472_6ea1015ef1f27bbd15192eb6_0000000317284,2,210.69734,119.30586
5d2709b303f801723c327472_6ea1015ef1f27bbd15192eb6_0000000339517,2,209.8064,115.13367
5d2709b303f801723c327472_6fe7c294e3a47e17aeb240b2_0000000000012,0,131.25528,89.933495
5d2709b303f801723c327472_6fe7c294e3a47e17aeb240b2_0000000007343,0,134.6173,90.66853
5d2709b303f801723c327472_6fe7c294e3a47e17aeb240b2_0000000017457,0,136.02653999999998,87.76226
5d2709b303f801723c327472_6fe7c294e3a47e17aeb240b2_0000000026426,0,131.25528,89.933495
5d2709b303f801723c327472_6fe7c294e3a47e17aeb240b2_0000000035580,0,133.45622,94.89787
5d2709b303f801723c327472_6fe7c294e3a47e17aeb240b2_0000000045822,0,130.3876,94.31735
5d2709b303f801723c327472_6fe7c294e3a47e17aeb240b2_0000000061917,0,135.76718,98.09498
5d2709b303f801723c327472_6fe7c294e3a47e17aeb240b2_0000000069958,0,133.45622,94.89787
5d2709b303f801723c327472_6fe7c294e3a47e17aeb240b2_0000000080825,0,138.41647,96.08497
5d2709b303f801723c327472_6fe7c294e3a47e17aeb240b2_0000000096934,0,135.76718,98.09498
5d2709b303f801723c327472_796c8d48da4b59d8c47d2c3a_0000000000007,3,195.21754,73.75846999999999
5d2709b303f801723c327472_796c8d48da4b59d8c47d2c3a_0000000009598,3,186.48143,77.864296
5d2709b303f801723c327472_796c8d48da4b59d8c47d2c3a_0000000023635,3,179.81357,86.431366
5d2709b303f801723c327472_796c8d48da4b59d8c47d2c3a_0000000035569,3,180.5365,92.98194
5d2709b303f801723c327472_796c8d48da4b59d8c47d2c3a_0000000046512,3,181.4049,100.11971
5d2709b303f801723c327472_796c8d48da4b59d8c47d2c3a_0000000058135,3,187.86821,103.09249
5d2709b303f801723c327472_796c8d48da4b59d8c47d2c3a_0000000079038,3,202.832,101.92862
5d2709b303f801723c327472_79dbd47db3541d41acf3645c_0000000000009,3,149.42622,95.49205
5d2709b303f801723c327472_79dbd47db3541d41acf3645c_0000000006016,3,149.42622,95.49205
5d2709b303f801723c327472_79dbd47db3541d41acf3645c_0000000017152,3,136.22675,94.07755
5d2709b303f801723c327472_79dbd47db3541d41acf3645c_0000000033641,3,123.61688999999998,99.99038
5d2709b303f801723c327472_79dbd47db3541d41acf3645c_0000000044127,3,119.41641,96.51768
5d2709b303f801723c327472_79dbd47db3541d41acf3645c_0000000051886,3,112.92691,99.79189
5d2709b303f801723c327472_79dbd47db3541d41acf3645c_0000000057743,3,109.966484,98.43882
5d2709b303f801723c327472_79dbd47db3541d41acf3645c_0000000063519,3,109.966484,98.43882
5d2709b303f801723c327472_79dbd47db3541d41acf3645c_0000000071191,3,99.06976,97.317406
5d2709b303f801723c327472_79dbd47db3541d41acf3645c_0000000080698,3,96.16228,95.46017
5d2709b303f801723c327472_79dbd47db3541d41acf3645c_0000000088517,3,91.268166,94.59569
5d2709b303f801723c327472_79dbd47db3541d41acf3645c_0000000099553,3,82.65534,93.71747
5d2709b303f801723c327472_79dbd47db3541d41acf3645c_0000000108028,3,82.65534,93.71747
5d2709b303f801723c327472_79dbd47db3541d41acf3645c_0000000116864,3,67.10587,89.48869
5d2709b303f801723c327472_79dbd47db3541d41acf3645c_0000000124846,3,67.10587,89.48869
5d2709b303f801723c327472_79dbd47db3541d41acf3645c_0000000131496,3,61.699806,92.10814
5d2709b303f801723c327472_79dbd47db3541d41acf3645c_0000000136341,3,55.82164399999999,91.939095
5d2709b303f801723c327472_79dbd47db3541d41acf3645c_0000000142419,3,50.03633,92.479195
5d2709b303f801723c327472_79dbd47db3541d41acf3645c_0000000147383,3,46.958523,91.7915
5d2709b303f801723c327472_79dbd47db3541d41acf3645c_0000000151159,3,45.936768,91.13817
5d2709b303f801723c327472_79dbd47db3541d41acf3645c_0000000154639,3,41.90435,88.76397
5d2709b303f801723c327472_79dbd47db3541d41acf3645c_0000000161062,3,39.43234,86.92296999999999
5d2709b303f801723c327472_79dbd47db3541d41acf3645c_0000000165615,3,36.029743,84.35119
5d2709b303f801723c327472_79dbd47db3541d41acf3645c_0000000172466,3,32.791107000000004,76.78325
5d2709b303f801723c327472_79dbd47db3541d41acf3645c_0000000178154,3,31.525740000000003,73.33747
5d2709b303f801723c327472_79dbd47db3541d41acf3645c_0000000184162,3,31.852945,70.10037
5d2709b303f801723c327472_79dbd47db3541d41acf3645c_0000000188233,3,30.045176,66.074
5d2709b303f801723c327472_79dbd47db3541d41acf3645c_0000000192795,3,30.056498,60.592163
5d2709b303f801723c327472_79dbd47db3541d41acf3645c_0000000197207,3,30.056498,60.592163
5d2709b303f801723c327472_86a46c7bf9fe29a67980b1a7_0000000000009,3,170.26245,94.02701
5d2709b303f801723c327472_86a46c7bf9fe29a67980b1a7_0000000007530,3,162.97983,93.47037
5d2709b303f801723c327472_86a46c7bf9fe29a67980b1a7_0000000017633,3,155.66095,93.074844
5d2709b303f801723c327472_86a46c7bf9fe29a67980b1a7_0000000027697,3,148.8059,93.09212
5d2709b303f801723c327472_86a46c7bf9fe29a67980b1a7_0000000036899,3,142.48785,91.749016
5d2709b303f801723c327472_86a46c7bf9fe29a67980b1a7_0000000046133,3,134.41673,91.1653
5d2709b303f801723c327472_86a46c7bf9fe29a67980b1a7_0000000056218,3,124.67268,90.20125
5d2709b303f801723c327472_86a46c7bf9fe29a67980b1a7_0000000067209,3,115.319115,89.12558
5d2709b303f801723c327472_86a46c7bf9fe29a67980b1a7_0000000076641,3,108.64768,88.69206
5d2709b303f801723c327472_86a46c7bf9fe29a67980b1a7_0000000085854,3,103.010124,89.81192
5d2709b303f801723c327472_86a46c7bf9fe29a67980b1a7_0000000095143,3,96.33956,85.83756
5d2709b303f801723c327472_86a46c7bf9fe29a67980b1a7_0000000104328,3,88.676346,84.29873
5d2709b303f801723c327472_86a46c7bf9fe29a67980b1a7_0000000109691,3,84.6566,83.44865
5d2709b303f801723c327472_86a46c7bf9fe29a67980b1a7_0000000116872,3,79.21295,85.20425
5d2709b303f801723c327472_86a46c7bf9fe29a67980b1a7_0000000126980,3,68.60542,82.384254
5d2709b303f801723c327472_86a46c7bf9fe29a67980b1a7_0000000133029,3,63.530457,78.50489
5d2709b303f801723c327472_86a46c7bf9fe29a67980b1a7_0000000140513,3,61.351517,72.06036
5d2709b303f801723c327472_86a46c7bf9fe29a67980b1a7_0000000146481,3,57.48775500000001,66.71276999999999
5d2709b303f801723c327472_86a46c7bf9fe29a67980b1a7_0000000153255,3,51.233086,62.037518000000006
5d2709b303f801723c327472_86a46c7bf9fe29a67980b1a7_0000000162382,3,43.651413,59.83044
5d2709b303f801723c327472_86a46c7bf9fe29a67980b1a7_0000000169592,3,40.13354,56.70543000000001
5d2709b303f801723c327472_86a46c7bf9fe29a67980b1a7_0000000176703,3,38.49712,48.127457
5d2709b303f801723c327472_86a46c7bf9fe29a67980b1a7_0000000184121,3,37.967308,41.713707
5d2709b303f801723c327472_86a46c7bf9fe29a67980b1a7_0000000191444,3,37.967308,41.713707
5d2709b303f801723c327472_86a46c7bf9fe29a67980b1a7_0000000197616,3,31.233274,35.41135
5d2709b303f801723c327472_86a46c7bf9fe29a67980b1a7_0000000202282,3,31.233274,35.41135
5d2709b303f801723c327472_86a46c7bf9fe29a67980b1a7_0000000215082,3,26.211536,37.79347
5d2709b303f801723c327472_8817286b357023b71bd0b696_0000000000008,-1,72.668816,19.208893
5d2709b303f801723c327472_8817286b357023b71bd0b696_0000000007592,-1,68.1448,25.845957
5d2709b303f801723c327472_8817286b357023b71bd0b696_0000000013051,-1,68.1448,25.845957
5d2709b303f801723c327472_8817286b357023b71bd0b696_0000000021385,-1,68.06525400000001,29.478804
5d2709b303f801723c327472_8817286b357023b71bd0b696_0000000027202,-1,68.06525400000001,29.478804
5d2709b303f801723c327472_8817286b357023b71bd0b696_0000000033018,-1,70.48778,31.883142
5d2709b303f801723c327472_8817286b357023b71bd0b696_0000000048619,-1,67.22119,39.46371
5d2709b303f801723c327472_8817286b357023b71bd0b696_0000000057875,-1,66.5167,46.722363
5d2709b303f801723c327472_8817286b357023b71bd0b696_0000000064462,-1,63.06118000000001,55.168636
5d2709b303f801723c327472_8817286b357023b71bd0b696_0000000068541,-1,62.978508,60.40949200000001
5d2709b303f801723c327472_9690a79f77581d8c60302d2c_0000000000009,1,43.582623,40.351315
5d2709b303f801723c327472_9690a79f77581d8c60302d2c_0000000008019,1,49.7842,44.30438
5d2709b303f801723c327472_9690a79f77581d8c60302d2c_0000000016952,1,50.01719,48.91729
5d2709b303f801723c327472_9690a79f77581d8c60302d2c_0000000031132,1,52.030724,56.79791
5d2709b303f801723c327472_9690a79f77581d8c60302d2c_0000000038780,1,52.030724,56.79791
5d2709b303f801723c327472_9690a79f77581d8c60302d2c_0000000047839,1,50.01719,48.91729
5d2709b303f801723c327472_9690a79f77581d8c60302d2c_0000000056497,1,49.7842,44.30438
5d2709b303f801723c327472_9690a79f77581d8c60302d2c_0000000064573,1,43.582623,40.351315
5d2709b303f801723c327472_9690a79f77581d8c60302d2c_0000000075646,1,49.7842,44.30438
5d2709b303f801723c327472_9690a79f77581d8c60302d2c_0000000084384,1,50.01719,48.91729
5d2709b303f801723c327472_9690a79f77581d8c60302d2c_0000000094363,1,52.361847,54.20555
5d2709b303f801723c327472_9690a79f77581d8c60302d2c_0000000100112,1,52.361847,54.20555
5d2709b303f801723c327472_9690a79f77581d8c60302d2c_0000000113007,1,49.7842,44.30438
5d2709b303f801723c327472_9690a79f77581d8c60302d2c_0000000129151,1,49.067820000000005,37.687466
5d2709b303f801723c327472_9690a79f77581d8c60302d2c_0000000140945,1,43.582623,40.351315
5d2709b303f801723c327472_9690a79f77581d8c60302d2c_0000000156756,1,49.7842,44.30438
5d2709b303f801723c327472_9690a79f77581d8c60302d2c_0000000166121,1,50.01719,48.91729
5d2709b303f801723c327472_ad228ceb56e37f3416a910a3_0000000000012,2,30.095266,37.01737
5d2709b303f801723c327472_ad228ceb56e37f3416a910a3_0000000004794,2,31.093273,43.627224
5d2709b303f801723c327472_ad228ceb56e37f3416a910a3_0000000008864,2,33.11003,39.99001
5d2709b303f801723c327472_ad228ceb56e37f3416a910a3_0000000014450,2,33.375645,43.456215
5d2709b303f801723c327472_ad228ceb56e37f3416a910a3_0000000019877,2,31.093273,43.627224
5d2709b303f801723c327472_ad228ceb56e37f3416a910a3_0000000028366,2,32.11958,50.842587
5d2709b303f801723c327472_ad228ceb56e37f3416a910a3_0000000034390,2,33.489517,54.707317
5d2709b303f801723c327472_ad228ceb56e37f3416a910a3_0000000038254,2,36.709175,57.67215699999999
5d2709b303f801723c327472_ad228ceb56e37f3416a910a3_0000000046820,2,38.772243,62.697445
5d2709b303f801723c327472_ad228ceb56e37f3416a910a3_0000000051149,2,38.772243,62.697445
5d2709b303f801723c327472_ad228ceb56e37f3416a910a3_0000000055507,2,36.87733,66.47717
5d2709b303f801723c327472_ad228ceb56e37f3416a910a3_0000000060691,2,36.20926,70.28917
5d2709b303f801723c327472_ad228ceb56e37f3416a910a3_0000000067096,2,36.98412,76.2418
5d2709b303f801723c327472_ad228ceb56e37f3416a910a3_0000000071742,2,37.11348,84.03828
5d2709b303f801723c327472_ad228ceb56e37f3416a910a3_0000000080095,2,43.555164000000005,86.99124
5d2709b303f801723c327472_ad228ceb56e37f3416a910a3_0000000086851,2,43.555164000000005,86.99124
5d2709b303f801723c327472_ad228ceb56e37f3416a910a3_0000000091800,2,47.014988,89.28184499999999
5d2709b303f801723c327472_b2c1f3b0b84bae349a85a76f_0000000000008,-1,98.51681,69.96419499999999
5d2709b303f801723c327472_b2c1f3b0b84bae349a85a76f_0000000006067,-1,95.865425,69.795975
5d2709b303f801723c327472_b2c1f3b0b84bae349a85a76f_0000000013832,-1,90.13876,69.21731
5d2709b303f801723c327472_b2c1f3b0b84bae349a85a76f_0000000021724,-1,84.24856,67.40342
5d2709b303f801723c327472_b2c1f3b0b84bae349a85a76f_0000000029226,-1,81.42178,65.41311999999999
5d2709b303f801723c327472_b2c1f3b0b84bae349a85a76f_0000000041758,-1,64.84373000000001,64.224014
5d2709b303f801723c327472_b2c1f3b0b84bae349a85a76f_0000000052168,-1,63.13768,64.530716
5d2709b303f801723c327472_b2c1f3b0b84bae349a85a76f_0000000060358,-1,64.84373000000001,64.224014
5d2709b303f801723c327472_c50cc8ab7c5008f50a38e70d_0000000000007,2,182.02927,93.35387
5d2709b303f801723c327472_c50cc8ab7c5008f50a38e70d_0000000009097,2,178.3435,92.90014
5d2709b303f801723c327472_c50cc8ab7c5008f50a38e70d_0000000016858,2,172.0881,92.78769
5d2709b303f801723c327472_c50cc8ab7c5008f50a38e70d_0000000026212,2,163.57475,92.35143
5d2709b303f801723c327472_c50cc8ab7c5008f50a38e70d_0000000038194,2,154.2639,92.38801
5d2709b303f801723c327472_c50cc8ab7c5008f50a38e70d_0000000054753,2,146.28242,92.24061
5d2709b303f801723c327472_c50cc8ab7c5008f50a38e70d_0000000064712,2,137.21425,91.10305
5d2709b303f801723c327472_c50cc8ab7c5008f50a38e70d_0000000073422,2,131.51337,91.0851
5d2709b303f801723c327472_c50cc8ab7c5008f50a38e70d_0000000082598,2,124.26564,93.25667
5d2709b303f801723c327472_c50cc8ab7c5008f50a38e70d_0000000093129,2,112.175224,90.76066
5d2709b303f801723c327472_c50cc8ab7c5008f50a38e70d_0000000100995,2,103.89344,88.98142
5d2709b303f801723c327472_c50cc8ab7c5008f50a38e70d_0000000116268,2,90.956726,86.284065
5d2709b303f801723c327472_c50cc8ab7c5008f50a38e70d_0000000131115,2,78.86384,83.79157
5d2709b303f801723c327472_c50cc8ab7c5008f50a38e70d_0000000140988,2,71.82133499999999,84.44485999999999
5d2709b303f801723c327472_c50cc8ab7c5008f50a38e70d_0000000159495,2,69.65016,78.53211
5d2709b303f801723c327472_c50cc8ab7c5008f50a38e70d_0000000174497,2,66.26923000000001,68.16657
5d2709b303f801723c327472_c50cc8ab7c5008f50a38e70d_0000000182640,2,62.17879,63.391376
5d2709b303f801723c327472_c50cc8ab7c5008f50a38e70d_0000000193577,2,62.17879,63.391376
5d2709b303f801723c327472_c50cc8ab7c5008f50a38e70d_0000000212459,2,53.95091,60.75526
5d2709b303f801723c327472_c50cc8ab7c5008f50a38e70d_0000000224362,2,48.070435,56.800774
5d2709b303f801723c327472_c50cc8ab7c5008f50a38e70d_0000000233908,2,46.338997,50.158190000000005
5d2709b303f801723c327472_c50cc8ab7c5008f50a38e70d_0000000243187,2,41.976624,40.200207
5d2709b303f801723c327472_c50cc8ab7c5008f50a38e70d_0000000253322,2,33.11003,39.99001
5d2709b303f801723c327472_c50cc8ab7c5008f50a38e70d_0000000259418,2,30.095266,37.01737
5d2709b303f801723c327472_c50cc8ab7c5008f50a38e70d_0000000271765,2,30.095266,37.01737
5d2709b303f801723c327472_c50cc8ab7c5008f50a38e70d_0000000276361,2,31.093273,43.627224
5d2709b303f801723c327472_c50cc8ab7c5008f50a38e70d_0000000282466,2,31.093273,43.627224
5d2709b303f801723c327472_c50cc8ab7c5008f50a38e70d_0000000290671,2,35.031384,50.36613
5d2709b303f801723c327472_c50cc8ab7c5008f50a38e70d_0000000300248,2,32.11958,50.842587
5d2709b303f801723c327472_c50cc8ab7c5008f50a38e70d_0000000304741,2,32.11958,50.842587
5d2709b303f801723c327472_c50cc8ab7c5008f50a38e70d_0000000311657,2,33.489517,54.707317
5d2709b303f801723c327472_c70272750cc48acef9827dcb_0000000000009,-1,72.668816,19.208893
5d2709b303f801723c327472_c70272750cc48acef9827dcb_0000000007423,-1,68.1448,25.845957
5d2709b303f801723c327472_c70272750cc48acef9827dcb_0000000019578,-1,68.06525400000001,29.478804
5d2709b303f801723c327472_c70272750cc48acef9827dcb_0000000029552,-1,67.22119,39.46371
5d2709b303f801723c327472_c70272750cc48acef9827dcb_0000000043403,-1,66.5167,46.722363
5d2709b303f801723c327472_c70272750cc48acef9827dcb_0000000062012,-1,63.06118000000001,55.168636
5d2709b303f801723c327472_c70272750cc48acef9827dcb_0000000072142,-1,62.978508,60.40949200000001
5d2709b303f801723c327472_c70272750cc48acef9827dcb_0000000088580,-1,62.978508,60.40949200000001
5d2709b303f801723c327472_c70272750cc48acef9827dcb_0000000098275,-1,63.06118000000001,55.168636
5d2709b303f801723c327472_c70272750cc48acef9827dcb_0000000106437,-1,66.5167,46.722363
5d2709b303f801723c327472_c70272750cc48acef9827dcb_0000000113585,-1,67.22119,39.46371
5d2709b303f801723c327472_c70272750cc48acef9827dcb_0000000121325,-1,70.48778,31.883142
5d2709b303f801723c327472_c70272750cc48acef9827dcb_0000000129925,-1,68.06525400000001,29.478804
5d2709b303f801723c327472_e39b941dd2bcc2bffdc433b1_0000000000018,2,207.27353,79.01735
5d2709b303f801723c327472_e39b941dd2bcc2bffdc433b1_0000000005038,2,207.27353,79.01735
5d2709b303f801723c327472_e39b941dd2bcc2bffdc433b1_0000000015405,2,200.57817,74.35376
5d2709b303f801723c327472_e39b941dd2bcc2bffdc433b1_0000000020823,2,199.01698,73.941826
5d2709b303f801723c327472_e39b941dd2bcc2bffdc433b1_0000000030377,2,190.06699,78.08029
5d2709b303f801723c327472_e39b941dd2bcc2bffdc433b1_0000000039369,2,183.50955,84.897026
5d2709b303f801723c327472_e39b941dd2bcc2bffdc433b1_0000000047418,2,183.9002,88.20191
5d2709b303f801723c327472_e39b941dd2bcc2bffdc433b1_0000000057783,2,182.02927,93.35387
5d2709b303f801723c327472_e39b941dd2bcc2bffdc433b1_0000000069130,2,178.3435,92.90014
5d2709b303f801723c327472_e39b941dd2bcc2bffdc433b1_0000000081098,2,172.0881,92.78769
5d2709b303f801723c327472_e39b941dd2bcc2bffdc433b1_0000000091721,2,162.75887,94.93957
5d2709b303f801723c327472_e39b941dd2bcc2bffdc433b1_0000000102479,2,156.95265,94.47467
5d2709b303f801723c327472_e39b941dd2bcc2bffdc433b1_0000000108361,2,153.58893999999998,96.070755
5d2709b303f801723c327472_e492f8f51c101a523a137755_0000000000007,0,211.21065,143.52208000000002
5d2709b303f801723c327472_e492f8f51c101a523a137755_0000000005553,0,211.21065,143.52208000000002
5d2709b303f801723c327472_e492f8f51c101a523a137755_0000000015879,0,211.84802,139.78714
5d2709b303f801723c327472_e492f8f51c101a523a137755_0000000030728,0,212.67474,131.72905
5d2709b303f801723c327472_e492f8f51c101a523a137755_0000000039544,0,207.5,130.5
5d2709b303f801723c327472_e492f8f51c101a523a137755_0000000049811,0,211.84802,139.78714
5d2709b303f801723c327472_e492f8f51c101a523a137755_0000000059544,0,211.84802,139.78714
5d2709b303f801723c327472_e492f8f51c101a523a137755_0000000071472,0,211.84802,139.78714
5d2709b303f801723c327472_e492f8f51c101a523a137755_0000000085401,0,211.21065,143.52208000000002
5d2709b303f801723c327472_e492f8f51c101a523a137755_0000000097544,0,211.84802,139.78714
5d2709b303f801723c327472_e492f8f51c101a523a137755_0000000105153,0,201.0,136.0
5d2709b303f801723c327472_e492f8f51c101a523a137755_0000000119998,0,211.21065,143.52208000000002
5d2709b303f801723c327472_e492f8f51c101a523a137755_0000000134190,0,201.0,136.0
5d2709b303f801723c327472_e492f8f51c101a523a137755_0000000144509,0,207.5,130.5
5d2709b303f801723c327472_e492f8f51c101a523a137755_0000000150471,0,202.0,129.5
5d2709b303f801723c327472_e492f8f51c101a523a137755_0000000166209,0,194.0,122.0
5d2709b303f801723c327472_e492f8f51c101a523a137755_0000000177777,0,182.0,120.5
5d2709b303f801723c327472_e492f8f51c101a523a137755_0000000193193,0,171.07573,118.935074
5d2709b303f801723c327472_e492f8f51c101a523a137755_0000000209843,0,182.0,120.5
5d2709b303f801723c327472_e492f8f51c101a523a137755_0000000219389,0,194.0,122.0
5d2709b303f801723c327472_e492f8f51c101a523a137755_0000000231609,0,203.0,123.0
5d2709b303f801723c327472_e492f8f51c101a523a137755_0000000242536,0,203.0,123.0
5d2709b303f801723c327472_e52fbc1a0b00f58b565066c9_0000000000007,1,108.22194,96.985016
5d2709b303f801723c327472_e52fbc1a0b00f58b565066c9_0000000009184,1,116.73228,100.25215
5d2709b303f801723c327472_e52fbc1a0b00f58b565066c9_0000000019714,1,122.82659,99.799286
5d2709b303f801723c327472_e52fbc1a0b00f58b565066c9_0000000028778,1,128.34153999999998,100.86074
5d2709b303f801723c327472_e52fbc1a0b00f58b565066c9_0000000040454,1,137.09024,100.566864
5d2709b303f801723c327472_e52fbc1a0b00f58b565066c9_0000000058285,1,144.0827,102.408714
5d2709b303f801723c327472_e52fbc1a0b00f58b565066c9_0000000094644,1,152.33963,105.44623
5d2709b303f801723c327472_e52fbc1a0b00f58b565066c9_0000000103350,1,156.06097,105.21429
5d2709b303f801723c327472_e52fbc1a0b00f58b565066c9_0000000115070,1,161.12773,102.17851
5d2709b303f801723c327472_ec9f3bbadfdd3464ed3ddf28_0000000000013,1,108.22194,96.985016
5d2709b303f801723c327472_ec9f3bbadfdd3464ed3ddf28_0000000006799,1,108.73713,89.27731999999999
5d2709b303f801723c327472_ec9f3bbadfdd3464ed3ddf28_0000000021964,1,114.299866,92.99735
5d2709b303f801723c327472_ec9f3bbadfdd3464ed3ddf28_0000000029375,1,117.54007,92.88286
5d2709b303f801723c327472_ec9f3bbadfdd3464ed3ddf28_0000000036255,1,120.51681,91.19736
5d2709b303f801723c327472_ec9f3bbadfdd3464ed3ddf28_0000000049257,1,128.3173,93.06392
5d2709b303f801723c327472_ec9f3bbadfdd3464ed3ddf28_0000000059524,1,137.12077,95.29364
5d2709b303f801723c327472_ec9f3bbadfdd3464ed3ddf28_0000000071384,1,145.56224,93.708275
5d2709b303f801723c327472_ec9f3bbadfdd3464ed3ddf28_0000000094627,1,153.86568,94.21542
5d2709b303f801723c327472_ec9f3bbadfdd3464ed3ddf28_0000000104950,1,161.98436,96.130974
5d2709b303f801723c327472_ec9f3bbadfdd3464ed3ddf28_0000000116494,1,165.15854,102.21774
5d2709b303f801723c327472_ec9f3bbadfdd3464ed3ddf28_0000000123382,1,165.15854,102.21774
5d2709b303f801723c327472_ec9f3bbadfdd3464ed3ddf28_0000000133318,1,170.22473,94.49215
5d2709b303f801723c327472_ec9f3bbadfdd3464ed3ddf28_0000000139510,1,170.90454,94.88488
5d2709b303f801723c327472_ec9f3bbadfdd3464ed3ddf28_0000000149662,1,179.55038000000002,96.28469
5d2709b303f801723c327472_ec9f3bbadfdd3464ed3ddf28_0000000160515,1,189.1747,98.230225
5d2709b303f801723c327472_ee89473de9b2774fd7d8f029_0000000000007,2,207.27353,79.01735
5d2709b303f801723c327472_ee89473de9b2774fd7d8f029_0000000007523,2,201.85208,75.30268000000001
5d2709b303f801723c327472_ee89473de9b2774fd7d8f029_0000000012404,2,199.01698,73.941826
5d2709b303f801723c327472_ee89473de9b2774fd7d8f029_0000000024938,2,188.8835,75.953224
5d2709b303f801723c327472_ee89473de9b2774fd7d8f029_0000000035191,2,186.96893,79.50025
5d2709b303f801723c327472_ee89473de9b2774fd7d8f029_0000000046104,2,181.9759,85.77785
5d2709b303f801723c327472_ee89473de9b2774fd7d8f029_0000000061251,2,183.9002,88.20191
5d2709b303f801723c327472_ee89473de9b2774fd7d8f029_0000000078571,2,182.02927,93.35387
5d2709b303f801723c327472_ee89473de9b2774fd7d8f029_0000000090552,2,178.3435,92.90014
5d2709b303f801723c327472_ee89473de9b2774fd7d8f029_0000000099188,2,172.0881,92.78769
5d2709b303f801723c327472_ee89473de9b2774fd7d8f029_0000000111653,2,163.57475,92.35143
5d2709b303f801723c327472_ee89473de9b2774fd7d8f029_0000000124671,2,154.2639,92.38801
5d2709b303f801723c327472_ee89473de9b2774fd7d8f029_0000000133056,2,146.28242,92.24061
5d2709b303f801723c327472_ee89473de9b2774fd7d8f029_0000000145097,2,137.21425,91.10305
5d2709b303f801723c327472_ee89473de9b2774fd7d8f029_0000000152698,2,132.07137,93.23503
5d2709b303f801723c327472_ee89473de9b2774fd7d8f029_0000000160205,2,128.69987,90.46332
5d2709b303f801723c327472_ee89473de9b2774fd7d8f029_0000000171193,2,119.90458999999998,92.53403
5d2709b303f801723c327472_ee89473de9b2774fd7d8f029_0000000180581,2,112.175224,90.76066
5d2709b303f801723c327472_ee89473de9b2774fd7d8f029_0000000188737,2,109.3094,93.65505
5d2709b303f801723c327472_ee89473de9b2774fd7d8f029_0000000201980,2,98.996735,93.32238
5d2709b303f801723c327472_ee89473de9b2774fd7d8f029_0000000214511,2,90.956726,86.284065
5d2709b303f801723c327472_ee89473de9b2774fd7d8f029_0000000225230,2,78.86384,83.79157
5d2709b303f801723c327472_eeb5b1d0e23c0675e095b98a_0000000000008,1,43.85813,66.683235
5d2709b303f801723c327472_eeb5b1d0e23c0675e095b98a_0000000010736,1,44.203598,77.13296
5d2709b303f801723c327472_eeb5b1d0e23c0675e095b98a_0000000027964,1,44.203598,77.13296
5d2709b303f801723c327472_eeb5b1d0e23c0675e095b98a_0000000033841,1,44.203598,77.13296
5d2709b303f801723c327472_eeb5b1d0e23c0675e095b98a_0000000047779,1,45.051765,82.7706
5d2709b303f801723c327472_eeb5b1d0e23c0675e095b98a_0000000062511,1,54.294914,89.57184000000001
5d2709b303f801723c327472_eeb5b1d0e23c0675e095b98a_0000000074811,1,52.850266000000005,92.45065
5d2709b303f801723c327472_eeb5b1d0e23c0675e095b98a_0000000087635,1,61.18917,92.551926
5d2709b303f801723c327472_eef7be7d57a15ecb1ab3c578_0000000000008,0,51.147583,50.698925
5d2709b303f801723c327472_eef7be7d57a15ecb1ab3c578_0000000011659,0,49.657288,43.22654
5d2709b303f801723c327472_eef7be7d57a15ecb1ab3c578_0000000019245,0,45.111897,39.578026
5d2709b303f801723c327472_eef7be7d57a15ecb1ab3c578_0000000028396,0,40.974335,39.959152
5d2709b303f801723c327472_eef7be7d57a15ecb1ab3c578_0000000052852,0,49.657288,43.22654
5d2709b303f801723c327472_eef7be7d57a15ecb1ab3c578_0000000066895,0,48.154133,52.69507
5d2709b303f801723c327472_eef7be7d57a15ecb1ab3c578_0000000081006,0,48.154133,52.69507
5d2709b303f801723c327472_eef7be7d57a15ecb1ab3c578_0000000106803,0,57.35135699999999,61.302925
5d2709b303f801723c327472_eef7be7d57a15ecb1ab3c578_0000000124472,0,62.47212,66.49045
5d2709b303f801723c327472_eef7be7d57a15ecb1ab3c578_0000000144061,0,69.96046,72.35029
5d2709b303f801723c327472_eef7be7d57a15ecb1ab3c578_0000000157125,0,77.18175500000001,77.139084
5d2709b303f801723c327472_ff141af01177f34e9caa7a12_0000000000008,3,203.11885,97.310814
5d2709b303f801723c327472_ff141af01177f34e9caa7a12_0000000004115,3,202.64668,94.227486
5d2709b303f801723c327472_ff141af01177f34e9caa7a12_0000000015115,3,205.05875,88.14551
5d2709b303f801723c327472_ff141af01177f34e9caa7a12_0000000024385,3,202.64175,81.47454
5d2709b303f801723c327472_ff141af01177f34e9caa7a12_0000000046580,3,198.81195,75.49049000000001
5d2709b303f801723c327472_ff141af01177f34e9caa7a12_0000000053719,3,194.84631,76.80104
5d2709b303f801723c327472_ff141af01177f34e9caa7a12_0000000065755,3,186.48143,77.864296
5d2709b303f801723c327472_ff141af01177f34e9caa7a12_0000000084710,3,179.81357,86.431366
5d2709b303f801723c327472_ff141af01177f34e9caa7a12_0000000097213,3,175.80739,91.7883
5d2709b303f801723c327472_ff141af01177f34e9caa7a12_0000000118624,3,176.71848,95.74109
5d2709bb03f801723c32852c_05a6d4cdf3d1eb9b5671f71b_0000000000011,3,119.68722,64.96193000000001
5d2709bb03f801723c32852c_05a6d4cdf3d1eb9b5671f71b_0000000006638,3,113.82207,63.988476
5d2709bb03f801723c32852c_05a6d4cdf3d1eb9b5671f71b_0000000024862,3,109.49349,69.60989000000001
5d2709bb03f801723c32852c_05a6d4cdf3d1eb9b5671f71b_0000000038863,3,105.19133,72.44776999999999
5d2709bb03f801723c32852c_05a6d4cdf3d1eb9b5671f71b_0000000048573,3,98.81809,71.16495
5d2709bb03f801723c32852c_05a6d4cdf3d1eb9b5671f71b_0000000059154,3,95.38888,75.23164
5d2709bb03f801723c32852c_05a6d4cdf3d1eb9b5671f71b_0000000072740,3,98.81809,71.16495
5d2709bb03f801723c32852c_05a6d4cdf3d1eb9b5671f71b_0000000088100,3,98.81809,71.16495
5d2709bb03f801723c32852c_05a6d4cdf3d1eb9b5671f71b_0000000099939,3,98.81809,71.16495
5d2709bb03f801723c32852c_05a6d4cdf3d1eb9b5671f71b_0000000110212,3,91.65749,72.64786
5d2709bb03f801723c32852c_05a6d4cdf3d1eb9b5671f71b_0000000118220,3,83.678696,70.7099
5d2709bb03f801723c32852c_05a6d4cdf3d1eb9b5671f71b_0000000126310,3,77.904076,67.41984599999999
5d2709bb03f801723c32852c_05a6d4cdf3d1eb9b5671f71b_0000000133796,3,74.87106,63.217476
5d2709bb03f801723c32852c_05a6d4cdf3d1eb9b5671f71b_0000000143529,3,68.750694,56.29055
5d2709bb03f801723c32852c_05a6d4cdf3d1eb9b5671f71b_0000000161800,3,74.87106,63.217476
5d2709bb03f801723c32852c_05a6d4cdf3d1eb9b5671f71b_0000000170529,3,77.904076,67.41984599999999
5d2709bb03f801723c32852c_05a6d4cdf3d1eb9b5671f71b_0000000178532,3,82.66945,67.42398
5d2709bb03f801723c32852c_05a6d4cdf3d1eb9b5671f71b_0000000188054,3,83.678696,70.7099
5d2709bb03f801723c32852c_05a6d4cdf3d1eb9b5671f71b_0000000200405,3,87.17872,74.78164
5d2709bb03f801723c32852c_05a6d4cdf3d1eb9b5671f71b_0000000208650,3,95.38888,75.23164
5d2709bb03f801723c32852c_05a6d4cdf3d1eb9b5671f71b_0000000219700,3,101.73892,74.70413
5d2709bb03f801723c32852c_05a6d4cdf3d1eb9b5671f71b_0000000234904,3,111.205925,75.43417
5d2709bb03f801723c32852c_05a6d4cdf3d1eb9b5671f71b_0000000244874,3,115.863014,77.73392
5d2709bb03f801723c32852c_05a6d4cdf3d1eb9b5671f71b_0000000250831,3,122.014984,80.22643000000001
5d2709bb03f801723c32852c_05a6d4cdf3d1eb9b5671f71b_0000000256371,3,128.06595,82.952515
5d2709bb03f801723c32852c_05a6d4cdf3d1eb9b5671f71b_0000000268228,3,134.73157,85.79746999999999
5d2709bb03f801723c32852c_05a6d4cdf3d1eb9b5671f71b_0000000274272,3,140.84335,88.38613000000001
5d2709bb03f801723c32852c_05a6d4cdf3d1eb9b5671f71b_0000000282068,3,146.5839,87.9178
5d2709bb03f801723c32852c_05a6d4cdf3d1eb9b5671f71b_0000000290872,3,154.78561000000002,91.99171
5d2709bb03f801723c32852c_05a6d4cdf3d1eb9b5671f71b_0000000309477,3,146.5839,87.9178
5d2709bb03f801723c32852c_05a6d4cdf3d1eb9b5671f71b_0000000320590,3,154.78561000000002,91.99171
5d2709bb03f801723c32852c_05a6d4cdf3d1eb9b5671f71b_0000000336884,3,146.5839,87.9178
5d2709bb03f801723c32852c_05a6d4cdf3d1eb9b5671f71b_0000000343527,3,140.84335,88.38613000000001
5d2709bb03f801723c32852c_05a6d4cdf3d1eb9b5671f71b_0000000354329,3,140.84335,88.38613000000001
5d2709bb03f801723c32852c_05a6d4cdf3d1eb9b5671f71b_0000000366291,3,140.84335,88.38613000000001
5d2709bb03f801723c32852c_05a6d4cdf3d1eb9b5671f71b_0000000377436,3,134.73157,85.79746999999999
5d2709bb03f801723c32852c_05a6d4cdf3d1eb9b5671f71b_0000000383823,3,133.16699,82.1619
5d2709bb03f801723c32852c_05a6d4cdf3d1eb9b5671f71b_0000000391612,3,128.06595,82.952515
5d2709bb03f801723c32852c_05a6d4cdf3d1eb9b5671f71b_0000000397664,3,122.014984,80.22643000000001
5d2709bb03f801723c32852c_05a6d4cdf3d1eb9b5671f71b_0000000403782,3,112.69457,84.851395
5d2709bb03f801723c32852c_07fa2d05e9b5a9841b7bfae3_0000000000007,3,68.750694,56.29055
5d2709bb03f801723c32852c_07fa2d05e9b5a9841b7bfae3_0000000002702,3,73.34322,56.36755
5d2709bb03f801723c32852c_07fa2d05e9b5a9841b7bfae3_0000000009765,3,73.858574,48.68056
5d2709bb03f801723c32852c_07fa2d05e9b5a9841b7bfae3_0000000021238,3,74.32203,42.69539
5d2709bb03f801723c32852c_07fa2d05e9b5a9841b7bfae3_0000000029290,3,74.32203,42.69539
5d2709bb03f801723c32852c_07fa2d05e9b5a9841b7bfae3_0000000033903,3,79.6654,44.091747
5d2709bb03f801723c32852c_07fa2d05e9b5a9841b7bfae3_0000000046473,3,74.32203,42.69539
5d2709bb03f801723c32852c_07fa2d05e9b5a9841b7bfae3_0000000051138,3,70.45159,40.708256
5d2709bb03f801723c32852c_07fa2d05e9b5a9841b7bfae3_0000000057876,3,64.77629,40.359707
5d2709bb03f801723c32852c_07fa2d05e9b5a9841b7bfae3_0000000063224,3,64.77629,40.359707
5d2709bb03f801723c32852c_07fa2d05e9b5a9841b7bfae3_0000000069779,3,60.03916,38.532597
5d2709bb03f801723c32852c_07fa2d05e9b5a9841b7bfae3_0000000077264,3,55.345192,33.724075
5d2709bb03f801723c32852c_07fa2d05e9b5a9841b7bfae3_0000000081256,3,52.55143,35.239277
5d2709bb03f801723c32852c_07fa2d05e9b5a9841b7bfae3_0000000089144,3,45.223553,33.24418
5d2709bb03f801723c32852c_07fa2d05e9b5a9841b7bfae3_0000000092655,3,45.223553,33.24418
5d2709bb03f801723c32852c_07fa2d05e9b5a9841b7bfae3_0000000100552,3,39.44561,36.659794
5d2709bb03f801723c32852c_07fa2d05e9b5a9841b7bfae3_0000000108798,3,40.507217,31.408667
5d2709bb03f801723c32852c_07fa2d05e9b5a9841b7bfae3_0000000117692,3,38.22062,25.92804
5d2709bb03f801723c32852c_07fa2d05e9b5a9841b7bfae3_0000000125674,3,32.491043,25.406370000000003
5d2709bb03f801723c32852c_07fa2d05e9b5a9841b7bfae3_0000000129691,3,32.491043,25.406370000000003
5d2709bb03f801723c32852c_07fa2d05e9b5a9841b7bfae3_0000000138016,3,27.049469,21.818022
5d2709bb03f801723c32852c_07fa2d05e9b5a9841b7bfae3_0000000142668,3,27.369461,19.427166
5d2709bb03f801723c32852c_07fa2d05e9b5a9841b7bfae3_0000000152575,3,19.389229,18.011651999999998
5d2709bb03f801723c32852c_07fa2d05e9b5a9841b7bfae3_0000000156088,3,14.246519,16.298243
5d2709bb03f801723c32852c_07fa2d05e9b5a9841b7bfae3_0000000162481,3,14.246519,16.298243
5d2709bb03f801723c32852c_07fa2d05e9b5a9841b7bfae3_0000000166846,3,14.246519,16.298243
5d2709bb03f801723c32852c_2116a2a90f494f7773b550ef_0000000000013,1,260.09033,85.35372
5d2709bb03f801723c32852c_2116a2a90f494f7773b550ef_0000000007998,1,256.01968,85.91323
5d2709bb03f801723c32852c_2116a2a90f494f7773b550ef_0000000014704,1,256.01968,85.91323
5d2709bb03f801723c32852c_2116a2a90f494f7773b550ef_0000000032675,1,256.01968,85.91323
5d2709bb03f801723c32852c_2116a2a90f494f7773b550ef_0000000041340,1,256.01968,85.91323
5d2709bb03f801723c32852c_2116a2a90f494f7773b550ef_0000000051952,1,258.9638,88.1115
5d2709bb03f801723c32852c_2116a2a90f494f7773b550ef_0000000062095,1,258.9638,88.1115
5d2709bb03f801723c32852c_2116a2a90f494f7773b550ef_0000000074174,1,256.01968,85.91323
5d2709bb03f801723c32852c_2116a2a90f494f7773b550ef_0000000082882,1,256.01968,85.91323
5d2709bb03f801723c32852c_2116a2a90f494f7773b550ef_0000000086382,1,260.09033,85.35372
5d2709bb03f801723c32852c_2116a2a90f494f7773b550ef_0000000097034,1,256.01968,85.91323
5d2709bb03f801723c32852c_2116a2a90f494f7773b550ef_0000000108244,1,258.9638,88.1115
5d2709bb03f801723c32852c_2116a2a90f494f7773b550ef_0000000112488,1,260.09033,85.35372
5d2709bb03f801723c32852c_2116a2a90f494f7773b550ef_0000000122027,1,256.01968,85.91323
5d2709bb03f801723c32852c_2116a2a90f494f7773b550ef_0000000137510,1,259.312,73.427155
5d2709bb03f801723c32852c_2116a2a90f494f7773b550ef_0000000142612,1,259.312,73.427155
5d2709bb03f801723c32852c_2116a2a90f494f7773b550ef_0000000158414,1,248.24088,65.39262
5d2709bb03f801723c32852c_2116a2a90f494f7773b550ef_0000000172591,1,237.57172000000003,68.30193
5d2709bb03f801723c32852c_2116a2a90f494f7773b550ef_0000000180453,1,241.86342,64.42988000000001
5d2709bb03f801723c32852c_2116a2a90f494f7773b550ef_0000000188318,1,237.46533,63.542046
5d2709bb03f801723c32852c_2379a535c2221d54e8caf6ff_0000000000018,1,106.62182,222.07649
5d2709bb03f801723c32852c_2379a535c2221d54e8caf6ff_0000000010105,1,99.03653,219.98631
5d2709bb03f801723c32852c_2379a535c2221d54e8caf6ff_0000000015392,1,91.107735,221.25012
5d2709bb03f801723c32852c_2379a535c2221d54e8caf6ff_0000000023825,1,91.107735,221.25012
5d2709bb03f801723c32852c_2379a535c2221d54e8caf6ff_0000000028518,1,83.12849399999999,219.03033
5d2709bb03f801723c32852c_2379a535c2221d54e8caf6ff_0000000036139,1,80.721535,220.60052
5d2709bb03f801723c32852c_2379a535c2221d54e8caf6ff_0000000040903,1,75.98788,213.41856
5d2709bb03f801723c32852c_2379a535c2221d54e8caf6ff_0000000054710,1,83.12849399999999,219.03033
5d2709bb03f801723c32852c_2379a535c2221d54e8caf6ff_0000000061644,1,91.107735,221.25012
5d2709bb03f801723c32852c_2379a535c2221d54e8caf6ff_0000000068813,1,99.03653,219.98631
5d2709bb03f801723c32852c_2379a535c2221d54e8caf6ff_0000000077586,1,106.62182,222.07649
5d2709bb03f801723c32852c_2379a535c2221d54e8caf6ff_0000000094071,1,99.03653,219.98631
5d2709bb03f801723c32852c_2379a535c2221d54e8caf6ff_0000000105150,1,91.107735,221.25012
5d2709bb03f801723c32852c_2379a535c2221d54e8caf6ff_0000000115176,1,83.12849399999999,219.03033
5d2709bb03f801723c32852c_2379a535c2221d54e8caf6ff_0000000122082,1,83.12849399999999,219.03033
5d2709bb03f801723c32852c_2379a535c2221d54e8caf6ff_0000000133784,1,91.107735,221.25012
5d2709bb03f801723c32852c_2379a535c2221d54e8caf6ff_0000000143030,1,99.03653,219.98631
5d2709bb03f801723c32852c_2379a535c2221d54e8caf6ff_0000000149404,1,102.03701,212.20055
5d2709bb03f801723c32852c_2379a535c2221d54e8caf6ff_0000000158545,1,103.65018,208.30878
5d2709bb03f801723c32852c_2379a535c2221d54e8caf6ff_0000000164146,1,96.97658,205.25887
5d2709bb03f801723c32852c_2379a535c2221d54e8caf6ff_0000000170158,1,96.97658,205.25887
5d2709bb03f801723c32852c_2379a535c2221d54e8caf6ff_0000000181366,1,96.85405,202.27016
5d2709bb03f801723c32852c_2379a535c2221d54e8caf6ff_0000000187236,1,87.7128,200.46924
5d2709bb03f801723c32852c_2379a535c2221d54e8caf6ff_0000000196965,1,84.58497,197.60474
5d2709bb03f801723c32852c_2379a535c2221d54e8caf6ff_0000000200735,1,84.58497,197.60474
5d2709bb03f801723c32852c_2379a535c2221d54e8caf6ff_0000000210550,1,77.04018,198.06653
5d2709bb03f801723c32852c_2379a535c2221d54e8caf6ff_0000000216943,1,79.58275,199.87451
5d2709bb03f801723c32852c_2379a535c2221d54e8caf6ff_0000000226413,1,84.58497,197.60474
5d2709bb03f801723c32852c_2379a535c2221d54e8caf6ff_0000000232525,1,87.7128,200.46924
5d2709bb03f801723c32852c_2379a535c2221d54e8caf6ff_0000000239252,1,96.97658,205.25887
5d2709bb03f801723c32852c_2379a535c2221d54e8caf6ff_0000000244696,1,96.97658,205.25887
5d2709bb03f801723c32852c_2379a535c2221d54e8caf6ff_0000000256252,1,96.85405,202.27016
5d2709bb03f801723c32852c_2379a535c2221d54e8caf6ff_0000000265507,1,87.7128,200.46924
5d2709bb03f801723c32852c_2379a535c2221d54e8caf6ff_0000000272487,1,84.58497,197.60474
5d2709bb03f801723c32852c_2379a535c2221d54e8caf6ff_0000000283398,1,77.04018,198.06653
5d2709bb03f801723c32852c_35b801b06a7816dc8a77080c_0000000000010,1,147.19466,91.09393
5d2709bb03f801723c32852c_35b801b06a7816dc8a77080c_0000000014411,1,164.42393,97.32877
5d2709bb03f801723c32852c_35b801b06a7816dc8a77080c_0000000020284,1,165.86073000000002,101.95124
5d2709bb03f801723c32852c_35b801b06a7816dc8a77080c_0000000035710,1,158.28023000000002,97.288246
5d2709bb03f801723c32852c_35b801b06a7816dc8a77080c_0000000044643,1,157.69435,93.920235
5d2709bb03f801723c32852c_35b801b06a7816dc8a77080c_0000000058417,1,164.42393,97.32877
5d2709bb03f801723c32852c_35b801b06a7816dc8a77080c_0000000067248,1,168.2796,100.53773
5d2709bb03f801723c32852c_35b801b06a7816dc8a77080c_0000000079815,1,182.45618,101.605415
5d2709bb03f801723c32852c_35b801b06a7816dc8a77080c_0000000087912,1,178.40746,106.65706000000002
5d2709bb03f801723c32852c_35b801b06a7816dc8a77080c_0000000100500,1,168.2796,100.53773
5d2709bb03f801723c32852c_35b801b06a7816dc8a77080c_0000000111282,1,158.28023000000002,97.288246
5d2709bb03f801723c32852c_35b801b06a7816dc8a77080c_0000000117777,1,158.28023000000002,97.288246
5d2709bb03f801723c32852c_35b801b06a7816dc8a77080c_0000000130730,1,164.42393,97.32877
5d2709bb03f801723c32852c_35b801b06a7816dc8a77080c_0000000135903,1,168.2796,100.53773
5d2709bb03f801723c32852c_35b801b06a7816dc8a77080c_0000000147495,1,182.45618,101.605415
5d2709bb03f801723c32852c_35b801b06a7816dc8a77080c_0000000151935,1,178.40746,106.65706000000002
5d2709bb03f801723c32852c_35b801b06a7816dc8a77080c_0000000165018,1,168.2796,100.53773
5d2709bb03f801723c32852c_35b801b06a7816dc8a77080c_0000000176723,1,164.42393,97.32877
5d2709bb03f801723c32852c_35b801b06a7816dc8a77080c_0000000184314,1,157.69435,93.920235
5d2709bb03f801723c32852c_35b801b06a7816dc8a77080c_0000000196204,1,169.2896,96.00063
5d2709bb03f801723c32852c_35b801b06a7816dc8a77080c_0000000206874,1,164.42393,97.32877
5d2709bb03f801723c32852c_35b801b06a7816dc8a77080c_0000000219883,1,157.69435,93.920235
5d2709bb03f801723c32852c_35b801b06a7816dc8a77080c_0000000228851,1,158.28023000000002,97.288246
5d2709bb03f801723c32852c_35b801b06a7816dc8a77080c_0000000235429,1,158.28023000000002,97.288246
5d2709bb03f801723c32852c_35b801b06a7816dc8a77080c_0000000249345,1,164.42393,97.32877
5d2709bb03f801723c32852c_35b801b06a7816dc8a77080c_0000000258647,1,157.69435,93.920235
5d2709bb03f801723c32852c_35b801b06a7816dc8a77080c_0000000271899,1,165.98018000000002,86.39624
5d2709bb03f801723c32852c_35b801b06a7816dc8a77080c_0000000284900,1,165.98018000000002,86.39624
5d2709bb03f801723c32852c_35b801b06a7816dc8a77080c_0000000293023,1,164.42393,97.32877
5d2709bb03f801723c32852c_35b801b06a7816dc8a77080c_0000000308036,1,165.98018000000002,86.39624
5d2709bb03f801723c32852c_35b801b06a7816dc8a77080c_0000000321514,1,165.98018000000002,86.39624
5d2709bb03f801723c32852c_35b801b06a7816dc8a77080c_0000000337342,1,165.98018000000002,86.39624
5d2709bb03f801723c32852c_35b801b06a7816dc8a77080c_0000000345668,1,166.8508,83.08065
5d2709bb03f801723c32852c_35b801b06a7816dc8a77080c_0000000349386,1,160.47923,78.93717
5d2709bb03f801723c32852c_35b801b06a7816dc8a77080c_0000000355504,1,164.22855,71.96911999999999
5d2709bb03f801723c32852c_35b801b06a7816dc8a77080c_0000000359538,1,164.22855,71.96911999999999
5d2709bb03f801723c32852c_35b801b06a7816dc8a77080c_0000000365913,1,168.42488,65.16538
5d2709bb03f801723c32852c_35b801b06a7816dc8a77080c_0000000377262,1,171.96281000000002,57.76025799999999
5d2709bb03f801723c32852c_35b801b06a7816dc8a77080c_0000000384934,1,175.97632,51.10525
5d2709bb03f801723c32852c_35b801b06a7816dc8a77080c_0000000397340,1,184.99135,55.886826
5d2709bb03f801723c32852c_35b801b06a7816dc8a77080c_0000000406069,1,193.117,61.22235
5d2709bb03f801723c32852c_35b801b06a7816dc8a77080c_0000000414206,1,201.26884,66.10922
5d2709bb03f801723c32852c_35b801b06a7816dc8a77080c_0000000427116,1,193.117,61.22235
5d2709bb03f801723c32852c_35b801b06a7816dc8a77080c_0000000435973,1,184.99135,55.886826
5d2709bb03f801723c32852c_35b801b06a7816dc8a77080c_0000000443982,1,184.99135,55.886826
5d2709bb03f801723c32852c_35b801b06a7816dc8a77080c_0000000450734,1,171.96281000000002,57.76025799999999
5d2709bb03f801723c32852c_35b801b06a7816dc8a77080c_0000000459453,1,171.6255,55.330555
5d2709bb03f801723c32852c_3aac7e63e395fe2902ce9bd9_0000000000023,2,244.0902,95.721924
5d2709bb03f801723c32852c_3aac7e63e395fe2902ce9bd9_0000000012926,2,248.25577,96.18868
5d2709bb03f801723c32852c_3aac7e63e395fe2902ce9bd9_0000000017838,2,255.50154,91.42963
5d2709bb03f801723c32852c_3aac7e63e395fe2902ce9bd9_0000000030434,2,255.50154,91.42963
5d2709bb03f801723c32852c_3aac7e63e395fe2902ce9bd9_0000000035846,2,264.027,95.84081
5d2709bb03f801723c32852c_3aac7e63e395fe2902ce9bd9_0000000046238,2,258.93927,102.55267
5d2709bb03f801723c32852c_3aac7e63e395fe2902ce9bd9_0000000059592,2,264.027,95.84081
5d2709bb03f801723c32852c_3aac7e63e395fe2902ce9bd9_0000000079312,2,266.6971,90.2056
5d2709bb03f801723c32852c_3aac7e63e395fe2902ce9bd9_0000000096150,2,259.67993,85.85261
5d2709bb03f801723c32852c_3aac7e63e395fe2902ce9bd9_0000000100401,2,260.64548,83.82677
5d2709bb03f801723c32852c_3aac7e63e395fe2902ce9bd9_0000000112631,2,266.6971,90.2056
5d2709bb03f801723c32852c_3aac7e63e395fe2902ce9bd9_0000000121588,2,264.027,95.84081
5d2709bb03f801723c32852c_3ca3e65a5fc44603f0c827ba_0000000000007,-1,119.002525,223.25626
5d2709bb03f801723c32852c_3ca3e65a5fc44603f0c827ba_0000000009973,-1,122.466934,222.47156
5d2709bb03f801723c32852c_3ca3e65a5fc44603f0c827ba_0000000016686,-1,120.01173,221.10495
5d2709bb03f801723c32852c_3ca3e65a5fc44603f0c827ba_0000000028231,-1,121.90748,224.64847000000003
5d2709bb03f801723c32852c_3ca3e65a5fc44603f0c827ba_0000000038760,-1,120.01173,221.10495
5d2709bb03f801723c32852c_3ca3e65a5fc44603f0c827ba_0000000052736,-1,133.84973,227.23373
5d2709bb03f801723c32852c_3ca3e65a5fc44603f0c827ba_0000000062400,-1,130.61914,228.73926
5d2709bb03f801723c32852c_4283389c88821c3b31d07df5_0000000000010,1,53.61796,199.29953
5d2709bb03f801723c32852c_4283389c88821c3b31d07df5_0000000007634,1,60.874107,202.38956
5d2709bb03f801723c32852c_4283389c88821c3b31d07df5_0000000015190,1,66.549614,201.5938
5d2709bb03f801723c32852c_4283389c88821c3b31d07df5_0000000026467,1,73.553635,205.64594
5d2709bb03f801723c32852c_4283389c88821c3b31d07df5_0000000033648,1,79.58275,199.87451
5d2709bb03f801723c32852c_4283389c88821c3b31d07df5_0000000044670,1,77.04018,198.06653
5d2709bb03f801723c32852c_4283389c88821c3b31d07df5_0000000065890,1,67.37961999999999,190.92073
5d2709bb03f801723c32852c_4283389c88821c3b31d07df5_0000000078403,1,61.49109,188.12148
5d2709bb03f801723c32852c_4283389c88821c3b31d07df5_0000000086396,1,61.49109,188.12148
5d2709bb03f801723c32852c_4283389c88821c3b31d07df5_0000000098552,1,53.065136,184.34708
5d2709bb03f801723c32852c_4283389c88821c3b31d07df5_0000000107666,1,45.573715,182.10616
5d2709bb03f801723c32852c_4283389c88821c3b31d07df5_0000000117111,1,41.74187,177.17967
5d2709bb03f801723c32852c_505a039e760d4875c9c2d77f_0000000000007,-1,133.84973,227.23373
5d2709bb03f801723c32852c_505a039e760d4875c9c2d77f_0000000012291,-1,126.94268999999998,238.00815
5d2709bb03f801723c32852c_505a039e760d4875c9c2d77f_0000000021766,-1,131.45982,236.01341
5d2709bb03f801723c32852c_505a039e760d4875c9c2d77f_0000000028229,-1,136.51561,234.21022
5d2709bb03f801723c32852c_505a039e760d4875c9c2d77f_0000000038818,-1,133.84973,227.23373
5d2709bb03f801723c32852c_505a039e760d4875c9c2d77f_0000000049434,-1,140.93086,230.4606
5d2709bb03f801723c32852c_505a039e760d4875c9c2d77f_0000000057688,-1,136.51561,234.21022
5d2709bb03f801723c32852c_505a039e760d4875c9c2d77f_0000000068648,-1,130.61914,228.73926
5d2709bb03f801723c32852c_505a039e760d4875c9c2d77f_0000000081006,-1,131.45982,236.01341
5d2709bb03f801723c32852c_505a039e760d4875c9c2d77f_0000000089930,-1,135.95479,240.6416
5d2709bb03f801723c32852c_505a039e760d4875c9c2d77f_0000000101388,-1,132.60927,249.20532000000003
5d2709bb03f801723c32852c_5853ed01a28b1d938e25b2d7_0000000000007,0,60.74214,212.80394
5d2709bb03f801723c32852c_5853ed01a28b1d938e25b2d7_0000000012893,0,58.410515,201.85634
5d2709bb03f801723c32852c_5853ed01a28b1d938e25b2d7_0000000020976,0,52.085377,198.9561
5d2709bb03f801723c32852c_5853ed01a28b1d938e25b2d7_0000000026946,0,52.085377,198.9561
5d2709bb03f801723c32852c_5853ed01a28b1d938e25b2d7_0000000043609,0,58.410515,201.85634
5d2709bb03f801723c32852c_5853ed01a28b1d938e25b2d7_0000000064022,0,52.66591999999999,196.50986
5d2709bb03f801723c32852c_5853ed01a28b1d938e25b2d7_0000000076581,0,52.66591999999999,196.50986
5d2709bb03f801723c32852c_5853ed01a28b1d938e25b2d7_0000000084871,0,62.133865,197.9574
5d2709bb03f801723c32852c_5853ed01a28b1d938e25b2d7_0000000094185,0,64.84347,204.10034
5d2709bb03f801723c32852c_5853ed01a28b1d938e25b2d7_0000000100455,0,64.84347,204.10034
5d2709bb03f801723c32852c_5853ed01a28b1d938e25b2d7_0000000105293,0,64.84347,204.10034
5d2709bb03f801723c32852c_5853ed01a28b1d938e25b2d7_0000000116733,0,64.84347,204.10034
5d2709bb03f801723c32852c_5853ed01a28b1d938e25b2d7_0000000125765,0,60.74214,212.80394
5d2709bb03f801723c32852c_5853ed01a28b1d938e25b2d7_0000000131899,0,60.74214,212.80394
5d2709bb03f801723c32852c_5853ed01a28b1d938e25b2d7_0000000140133,0,54.40877,210.03769
5d2709bb03f801723c32852c_5853ed01a28b1d938e25b2d7_0000000145801,0,54.40877,210.03769
5d2709bb03f801723c32852c_5853ed01a28b1d938e25b2d7_0000000155857,0,60.74214,212.80394
5d2709bb03f801723c32852c_5853ed01a28b1d938e25b2d7_0000000175893,0,56.147490000000005,206.53659
5d2709bb03f801723c32852c_5853ed01a28b1d938e25b2d7_0000000183190,0,58.410515,201.85634
5d2709bb03f801723c32852c_5853ed01a28b1d938e25b2d7_0000000195075,0,62.133865,197.9574
5d2709bb03f801723c32852c_5853ed01a28b1d938e25b2d7_0000000206643,0,64.84347,204.10034
5d2709bb03f801723c32852c_5853ed01a28b1d938e25b2d7_0000000211784,0,64.84347,204.10034
5d2709bb03f801723c32852c_5853ed01a28b1d938e25b2d7_0000000226738,0,60.74214,212.80394
5d2709bb03f801723c32852c_5853ed01a28b1d938e25b2d7_0000000240965,0,58.410515,201.85634
5d2709bb03f801723c32852c_6085d88383432829bafe3147_0000000000010,2,69.405624,191.4985
5d2709bb03f801723c32852c_6085d88383432829bafe3147_0000000009322,2,69.405624,191.4985
5d2709bb03f801723c32852c_6085d88383432829bafe3147_0000000021640,2,73.81554399999999,184.53662
5d2709bb03f801723c32852c_6085d88383432829bafe3147_0000000032928,2,71.56734499999999,189.7675
5d2709bb03f801723c32852c_6085d88383432829bafe3147_0000000040504,2,75.296684,192.5189
5d2709bb03f801723c32852c_6085d88383432829bafe3147_0000000050751,2,73.81554399999999,184.53662
5d2709bb03f801723c32852c_6085d88383432829bafe3147_0000000061271,2,71.56734499999999,189.7675
5d2709bb03f801723c32852c_6085d88383432829bafe3147_0000000072519,2,80.05278,197.17505
5d2709bb03f801723c32852c_6085d88383432829bafe3147_0000000080168,2,80.05278,197.17505
5d2709bb03f801723c32852c_6085d88383432829bafe3147_0000000084350,2,89.727974,198.58199
5d2709bb03f801723c32852c_6085d88383432829bafe3147_0000000091583,2,89.727974,198.58199
5d2709bb03f801723c32852c_672b4e3c9b09a218a4e74974_0000000000008,1,224.01865,93.561516
5d2709bb03f801723c32852c_672b4e3c9b09a218a4e74974_0000000004584,1,224.01865,93.561516
5d2709bb03f801723c32852c_672b4e3c9b09a218a4e74974_0000000010138,1,224.01865,93.561516
5d2709bb03f801723c32852c_672b4e3c9b09a218a4e74974_0000000015703,1,226.89435,83.25520999999999
5d2709bb03f801723c32852c_672b4e3c9b09a218a4e74974_0000000020469,1,226.89435,83.25520999999999
5d2709bb03f801723c32852c_672b4e3c9b09a218a4e74974_0000000024608,1,229.11885,79.000175
5d2709bb03f801723c32852c_672b4e3c9b09a218a4e74974_0000000034060,1,226.05687000000003,74.92506999999999
5d2709bb03f801723c32852c_672b4e3c9b09a218a4e74974_0000000039962,1,228.21822000000003,70.86256999999999
5d2709bb03f801723c32852c_672b4e3c9b09a218a4e74974_0000000047153,1,237.57172000000003,68.30193
5d2709bb03f801723c32852c_672b4e3c9b09a218a4e74974_0000000056852,1,237.57172000000003,68.30193
5d2709bb03f801723c32852c_672b4e3c9b09a218a4e74974_0000000070146,1,241.86342,64.42988000000001
5d2709bb03f801723c32852c_71d0d1f8c3abeb9d6de37c88_0000000000006,1,183.48056,10.947568
5d2709bb03f801723c32852c_71d0d1f8c3abeb9d6de37c88_0000000004283,1,185.84247,7.721816
5d2709bb03f801723c32852c_71d0d1f8c3abeb9d6de37c88_0000000012552,1,189.23157,15.788307
5d2709bb03f801723c32852c_71d0d1f8c3abeb9d6de37c88_0000000015964,1,187.68593,19.463743
5d2709bb03f801723c32852c_71d0d1f8c3abeb9d6de37c88_0000000021598,1,192.2412,23.035606
5d2709bb03f801723c32852c_71d0d1f8c3abeb9d6de37c88_0000000025455,1,195.1209,20.234146
5d2709bb03f801723c32852c_71d0d1f8c3abeb9d6de37c88_0000000032265,1,199.90335,26.914335
5d2709bb03f801723c32852c_71d0d1f8c3abeb9d6de37c88_0000000036457,1,200.7566,23.020489
5d2709bb03f801723c32852c_71d0d1f8c3abeb9d6de37c88_0000000045460,1,207.3928,31.402052
5d2709bb03f801723c32852c_71d0d1f8c3abeb9d6de37c88_0000000048648,1,209.22055,28.426874
5d2709bb03f801723c32852c_71d0d1f8c3abeb9d6de37c88_0000000057736,1,216.86404,37.114094
5d2709bb03f801723c32852c_71d0d1f8c3abeb9d6de37c88_0000000061472,1,219.55907,34.399204
5d2709bb03f801723c32852c_71d0d1f8c3abeb9d6de37c88_0000000065952,1,216.86404,37.114094
5d2709bb03f801723c32852c_71d0d1f8c3abeb9d6de37c88_0000000070764,1,218.0015,42.266838
5d2709bb03f801723c32852c_71d0d1f8c3abeb9d6de37c88_0000000076291,1,211.26805,47.5047
5d2709bb03f801723c32852c_71d0d1f8c3abeb9d6de37c88_0000000079512,1,212.10223,51.29217
5d2709bb03f801723c32852c_71d0d1f8c3abeb9d6de37c88_0000000086708,1,206.0187,59.74271
5d2709bb03f801723c32852c_71d0d1f8c3abeb9d6de37c88_0000000090413,1,206.0187,59.74271
5d2709bb03f801723c32852c_71d0d1f8c3abeb9d6de37c88_0000000094921,1,201.26884,66.10922
5d2709bb03f801723c32852c_71d0d1f8c3abeb9d6de37c88_0000000103354,1,193.117,61.22235
5d2709bb03f801723c32852c_71d0d1f8c3abeb9d6de37c88_0000000110848,1,184.99135,55.886826
5d2709bb03f801723c32852c_71d0d1f8c3abeb9d6de37c88_0000000118449,1,175.97632,51.10525
5d2709bb03f801723c32852c_71d0d1f8c3abeb9d6de37c88_0000000122378,1,175.97632,51.10525
5d2709bb03f801723c32852c_71d0d1f8c3abeb9d6de37c88_0000000134365,1,169.5,44.5
5d2709bb03f801723c32852c_7276fac9b55aa417322e20f8_0000000000009,3,115.863014,77.73392
5d2709bb03f801723c32852c_7276fac9b55aa417322e20f8_0000000007421,3,112.69457,84.851395
5d2709bb03f801723c32852c_7276fac9b55aa417322e20f8_0000000020528,3,115.863014,77.73392
5d2709bb03f801723c32852c_7276fac9b55aa417322e20f8_0000000027282,3,111.205925,75.43417
5d2709bb03f801723c32852c_7276fac9b55aa417322e20f8_0000000033443,3,111.205925,75.43417
5d2709bb03f801723c32852c_7276fac9b55aa417322e20f8_0000000040709,3,115.863014,77.73392
5d2709bb03f801723c32852c_7276fac9b55aa417322e20f8_0000000049813,3,122.014984,80.22643000000001
5d2709bb03f801723c32852c_7276fac9b55aa417322e20f8_0000000053580,3,122.014984,80.22643000000001
5d2709bb03f801723c32852c_7276fac9b55aa417322e20f8_0000000060822,3,127.71745,79.86010999999999
5d2709bb03f801723c32852c_7276fac9b55aa417322e20f8_0000000064506,3,128.06595,82.952515
5d2709bb03f801723c32852c_7276fac9b55aa417322e20f8_0000000069658,3,133.16699,82.1619
5d2709bb03f801723c32852c_7276fac9b55aa417322e20f8_0000000075801,3,141.02902,85.02879
5d2709bb03f801723c32852c_7276fac9b55aa417322e20f8_0000000086241,3,133.16699,82.1619
5d2709bb03f801723c32852c_7276fac9b55aa417322e20f8_0000000091994,3,127.71745,79.86010999999999
5d2709bb03f801723c32852c_7276fac9b55aa417322e20f8_0000000098154,3,122.014984,80.22643000000001
5d2709bb03f801723c32852c_7276fac9b55aa417322e20f8_0000000102665,3,115.863014,77.73392
5d2709bb03f801723c32852c_7276fac9b55aa417322e20f8_0000000114122,3,122.014984,80.22643000000001
5d2709bb03f801723c32852c_7276fac9b55aa417322e20f8_0000000120395,3,127.71745,79.86010999999999
5d2709bb03f801723c32852c_7276fac9b55aa417322e20f8_0000000128334,3,133.16699,82.1619
5d2709bb03f801723c32852c_854dedd673b748ac7a14c6a7_0000000000008,-1,217.262,268.53897
5d2709bb03f801723c32852c_854dedd673b748ac7a14c6a7_0000000006561,-1,212.48405,267.11078
5d2709bb03f801723c32852c_854dedd673b748ac7a14c6a7_0000000016635,-1,210.09766,271.3056
5d2709bb03f801723c32852c_854dedd673b748ac7a14c6a7_0000000026053,-1,210.09766,271.3056
5d2709bb03f801723c32852c_854dedd673b748ac7a14c6a7_0000000034779,-1,212.48405,267.11078
5d2709bb03f801723c32852c_854dedd673b748ac7a14c6a7_0000000043025,-1,210.09766,271.3056
5d2709bb03f801723c32852c_854dedd673b748ac7a14c6a7_0000000048853,-1,208.5547,262.7579
5d2709bb03f801723c32852c_854dedd673b748ac7a14c6a7_0000000057318,-1,208.5547,262.7579
5d2709bb03f801723c32852c_854dedd673b748ac7a14c6a7_0000000068530,-1,208.5547,262.7579
5d2709bb03f801723c32852c_854dedd673b748ac7a14c6a7_0000000074057,-1,214.17378,262.54297
5d2709bb03f801723c32852c_854dedd673b748ac7a14c6a7_0000000079357,-1,218.72546,261.59857
5d2709bb03f801723c32852c_854dedd673b748ac7a14c6a7_0000000083903,-1,218.72546,261.59857
5d2709bb03f801723c32852c_8c7c75845cfba8c2b874d2ea_0000000000008,0,102.007576,241.22076
5d2709bb03f801723c32852c_8c7c75845cfba8c2b874d2ea_0000000008018,0,104.32766,235.2801
5d2709bb03f801723c32852c_8c7c75845cfba8c2b874d2ea_0000000013421,0,97.438225,233.21295
5d2709bb03f801723c32852c_8c7c75845cfba8c2b874d2ea_0000000024000,0,99.21373,239.63475
5d2709bb03f801723c32852c_8c7c75845cfba8c2b874d2ea_0000000029277,0,99.21373,239.63475
5d2709bb03f801723c32852c_8c7c75845cfba8c2b874d2ea_0000000039615,0,97.438225,233.21295
5d2709bb03f801723c32852c_8c7c75845cfba8c2b874d2ea_0000000049194,0,92.08119,226.87825
5d2709bb03f801723c32852c_8c7c75845cfba8c2b874d2ea_0000000059330,0,93.97389,221.8018
5d2709bb03f801723c32852c_8c7c75845cfba8c2b874d2ea_0000000073356,0,89.081345,215.61111
5d2709bb03f801723c32852c_8c7c75845cfba8c2b874d2ea_0000000084998,0,93.97389,221.8018
5d2709bb03f801723c32852c_8c7c75845cfba8c2b874d2ea_0000000093954,0,93.97389,221.8018
5d2709bb03f801723c32852c_8c7c75845cfba8c2b874d2ea_0000000112039,0,92.08119,226.87825
5d2709bb03f801723c32852c_8c7c75845cfba8c2b874d2ea_0000000128667,0,99.21373,239.63475
5d2709bb03f801723c32852c_8c7c75845cfba8c2b874d2ea_0000000144202,0,97.438225,233.21295
5d2709bb03f801723c32852c_8c7c75845cfba8c2b874d2ea_0000000159377,0,104.32766,235.2801
5d2709bb03f801723c32852c_8c7c75845cfba8c2b874d2ea_0000000176277,0,99.21373,239.63475
5d2709bb03f801723c32852c_8c7c75845cfba8c2b874d2ea_0000000189534,0,104.32766,235.2801
5d2709bb03f801723c32852c_8c7c75845cfba8c2b874d2ea_0000000196416,0,104.32766,235.2801
5d2709bb03f801723c32852c_99ea88fcd02f1d7cb4d141bf_0000000000007,1,59.189167000000005,206.29408
5d2709bb03f801723c32852c_99ea88fcd02f1d7cb4d141bf_0000000005149,1,60.874107,202.38956
5d2709bb03f801723c32852c_99ea88fcd02f1d7cb4d141bf_0000000016608,1,66.549614,201.5938
5d2709bb03f801723c32852c_99ea88fcd02f1d7cb4d141bf_0000000023037,1,68.37291,205.74228
5d2709bb03f801723c32852c_99ea88fcd02f1d7cb4d141bf_0000000029537,1,73.553635,205.64594
5d2709bb03f801723c32852c_99ea88fcd02f1d7cb4d141bf_0000000039144,1,73.47077,213.91576
5d2709bb03f801723c32852c_99ea88fcd02f1d7cb4d141bf_0000000043279,1,75.98788,213.41856
5d2709bb03f801723c32852c_99ea88fcd02f1d7cb4d141bf_0000000051659,1,83.12849399999999,219.03033
5d2709bb03f801723c32852c_99ea88fcd02f1d7cb4d141bf_0000000054659,1,83.12849399999999,219.03033
5d2709bb03f801723c32852c_99ea88fcd02f1d7cb4d141bf_0000000062218,1,91.107735,221.25012
5d2709bb03f801723c32852c_99ea88fcd02f1d7cb4d141bf_0000000066479,1,99.03653,219.98631
5d2709bb03f801723c32852c_99ea88fcd02f1d7cb4d141bf_0000000073996,1,102.03701,212.20055
5d2709bb03f801723c32852c_99ea88fcd02f1d7cb4d141bf_0000000082841,1,107.60419,214.70969
5d2709bb03f801723c32852c_99ea88fcd02f1d7cb4d141bf_0000000095585,1,123.479454,215.41402
5d2709bb03f801723c32852c_99ea88fcd02f1d7cb4d141bf_0000000103029,1,116.061455,224.02347000000003
5d2709bb03f801723c32852c_99ea88fcd02f1d7cb4d141bf_0000000111674,1,115.24594,227.84212
5d2709bb03f801723c32852c_99ea88fcd02f1d7cb4d141bf_0000000117117,1,115.24594,227.84212
5d2709bb03f801723c32852c_9b720b32ec8fac3b82f19ae1_0000000000007,1,160.33351000000002,246.05655
5d2709bb03f801723c32852c_9b720b32ec8fac3b82f19ae1_0000000012550,1,160.3313,233.20494
5d2709bb03f801723c32852c_9b720b32ec8fac3b82f19ae1_0000000021428,1,160.3313,233.20494
5d2709bb03f801723c32852c_9b720b32ec8fac3b82f19ae1_0000000024710,1,157.55511,228.5479
5d2709bb03f801723c32852c_9b720b32ec8fac3b82f19ae1_0000000032119,1,152.03314,228.35524
5d2709bb03f801723c32852c_9b720b32ec8fac3b82f19ae1_0000000037327,1,150.13548,224.97528
5d2709bb03f801723c32852c_9b720b32ec8fac3b82f19ae1_0000000041957,1,144.54108,225.11835
5d2709bb03f801723c32852c_9b720b32ec8fac3b82f19ae1_0000000047475,1,142.51144,221.60594
5d2709bb03f801723c32852c_9b720b32ec8fac3b82f19ae1_0000000057318,1,140.06491,220.2143
5d2709bb03f801723c32852c_9b720b32ec8fac3b82f19ae1_0000000061498,1,136.22522,221.89157000000003
5d2709bb03f801723c32852c_9b720b32ec8fac3b82f19ae1_0000000066854,1,130.89928,218.84273
5d2709bb03f801723c32852c_9b720b32ec8fac3b82f19ae1_0000000072354,1,128.91388,215.24138
5d2709bb03f801723c32852c_9b720b32ec8fac3b82f19ae1_0000000076206,1,123.479454,215.41402
5d2709bb03f801723c32852c_9b720b32ec8fac3b82f19ae1_0000000081897,1,121.12327,212.27686
5d2709bb03f801723c32852c_9b720b32ec8fac3b82f19ae1_0000000085696,1,121.12327,212.27686
5d2709bb03f801723c32852c_9b720b32ec8fac3b82f19ae1_0000000091951,1,112.042984,212.457
5d2709bb03f801723c32852c_9b720b32ec8fac3b82f19ae1_0000000098032,1,112.042984,212.457
5d2709bb03f801723c32852c_9b720b32ec8fac3b82f19ae1_0000000120149,1,102.03701,212.20055
5d2709bb03f801723c32852c_9b720b32ec8fac3b82f19ae1_0000000126422,1,103.65018,208.30878
5d2709bb03f801723c32852c_9b720b32ec8fac3b82f19ae1_0000000135169,1,96.85405,202.27016
5d2709bb03f801723c32852c_9b720b32ec8fac3b82f19ae1_0000000139107,1,96.85405,202.27016
5d2709bb03f801723c32852c_9b720b32ec8fac3b82f19ae1_0000000148210,1,87.7128,200.46924
5d2709bb03f801723c32852c_9b720b32ec8fac3b82f19ae1_0000000152679,1,84.58497,197.60474
5d2709bb03f801723c32852c_9b720b32ec8fac3b82f19ae1_0000000159755,1,79.58275,199.87451
5d2709bb03f801723c32852c_9b720b32ec8fac3b82f19ae1_0000000165962,1,77.04018,198.06653
5d2709bb03f801723c32852c_9b720b32ec8fac3b82f19ae1_0000000172634,1,69.325554,195.60054
5d2709bb03f801723c32852c_9b720b32ec8fac3b82f19ae1_0000000183808,1,67.37961999999999,190.92073
5d2709bb03f801723c32852c_9b720b32ec8fac3b82f19ae1_0000000188573,1,61.49109,188.12148
5d2709bb03f801723c32852c_9b720b32ec8fac3b82f19ae1_0000000197230,1,59.066288,184.83183
5d2709bb03f801723c32852c_9b720b32ec8fac3b82f19ae1_0000000202802,1,53.065136,184.34708
5d2709bb03f801723c32852c_9b720b32ec8fac3b82f19ae1_0000000211953,1,45.573715,182.10616
5d2709bb03f801723c32852c_9b720b32ec8fac3b82f19ae1_0000000219623,1,41.34125,183.40363
5d2709bb03f801723c32852c_9b720b32ec8fac3b82f19ae1_0000000224286,1,41.34125,183.40363
5d2709bb03f801723c32852c_9b720b32ec8fac3b82f19ae1_0000000230879,1,37.533154,180.57677
5d2709bb03f801723c32852c_9b720b32ec8fac3b82f19ae1_0000000239245,1,34.423120000000004,175.09328
5d2709bb03f801723c32852c_9b720b32ec8fac3b82f19ae1_0000000250925,1,27.516748,174.01881
5d2709bb03f801723c32852c_9b720b32ec8fac3b82f19ae1_0000000260650,1,23.784807,170.23266999999998
5d2709bb03f801723c32852c_9b720b32ec8fac3b82f19ae1_0000000271287,1,20.386885,175.45683
5d2709bb03f801723c32852c_9b720b32ec8fac3b82f19ae1_0000000279225,1,19.950201,183.97139
5d2709bb03f801723c32852c_9b720b32ec8fac3b82f19ae1_0000000289680,1,20.386885,175.45683
5d2709bb03f801723c32852c_9b720b32ec8fac3b82f19ae1_0000000299753,1,14.819731,165.49095
5d2709bb03f801723c32852c_9b720b32ec8fac3b82f19ae1_0000000307955,1,14.819731,165.49095
5d2709bb03f801723c32852c_a1a53ec2c1992d3947dd4480_0000000000009,1,27.794884000000003,168.82584
5d2709bb03f801723c32852c_a1a53ec2c1992d3947dd4480_0000000007417,1,27.516748,174.01881
5d2709bb03f801723c32852c_a1a53ec2c1992d3947dd4480_0000000019654,1,20.386885,175.45683
5d2709bb03f801723c32852c_a1a53ec2c1992d3947dd4480_0000000031542,1,23.8704,184.60266
5d2709bb03f801723c32852c_a1a53ec2c1992d3947dd4480_0000000037220,1,19.950201,183.97139
5d2709bb03f801723c32852c_a1a53ec2c1992d3947dd4480_0000000049409,1,24.182571,189.60472
5d2709bb03f801723c32852c_a1a53ec2c1992d3947dd4480_0000000054837,1,24.182571,189.60472
5d2709bb03f801723c32852c_a1a53ec2c1992d3947dd4480_0000000067192,1,32.136759999999995,189.55241
5d2709bb03f801723c32852c_a1a53ec2c1992d3947dd4480_0000000076808,1,30.559238,192.81831
5d2709bb03f801723c32852c_a1a53ec2c1992d3947dd4480_0000000090986,1,36.38371,186.34532
5d2709bb03f801723c32852c_a1a53ec2c1992d3947dd4480_0000000099708,1,32.136759999999995,189.55241
5d2709bb03f801723c32852c_a1a53ec2c1992d3947dd4480_0000000105662,1,32.136759999999995,189.55241
5d2709bb03f801723c32852c_a1a53ec2c1992d3947dd4480_0000000115032,1,35.61965,195.27321
5d2709bb03f801723c32852c_a403d556f6ebc1343e0b27ee_0000000000006,0,201.73807,27.377014000000003
5d2709bb03f801723c32852c_a403d556f6ebc1343e0b27ee_0000000011295,0,205.12886,36.707684
5d2709bb03f801723c32852c_a403d556f6ebc1343e0b27ee_0000000026321,0,205.12886,36.707684
5d2709bb03f801723c32852c_a403d556f6ebc1343e0b27ee_0000000035127,0,201.36452,43.887444
5d2709bb03f801723c32852c_a403d556f6ebc1343e0b27ee_0000000045496,0,210.35217000000003,43.65961
5d2709bb03f801723c32852c_a403d556f6ebc1343e0b27ee_0000000049549,0,210.35217000000003,43.65961
5d2709bb03f801723c32852c_a403d556f6ebc1343e0b27ee_0000000059380,0,216.63454,47.462334000000006
5d2709bb03f801723c32852c_a403d556f6ebc1343e0b27ee_0000000066426,0,218.21442,44.16832
5d2709bb03f801723c32852c_a403d556f6ebc1343e0b27ee_0000000077138,0,225.5,40.25
5d2709bb03f801723c32852c_a403d556f6ebc1343e0b27ee_0000000087156,0,220.5,39.0
5d2709bb03f801723c32852c_a526dbdf164aa0a28f510c49_0000000000013,3,143.89403,72.57679
5d2709bb03f801723c32852c_a526dbdf164aa0a28f510c49_0000000006979,3,143.70386000000002,65.35358000000001
5d2709bb03f801723c32852c_a526dbdf164aa0a28f510c49_0000000015733,3,150.87296,64.519875
5d2709bb03f801723c32852c_a526dbdf164aa0a28f510c49_0000000025356,3,143.70386000000002,65.35358000000001
5d2709bb03f801723c32852c_a526dbdf164aa0a28f510c49_0000000042120,3,141.03145,71.197525
5d2709bb03f801723c32852c_a526dbdf164aa0a28f510c49_0000000052521,3,143.89403,72.57679
5d2709bb03f801723c32852c_a526dbdf164aa0a28f510c49_0000000058615,3,151.11856,75.97118
5d2709bb03f801723c32852c_a526dbdf164aa0a28f510c49_0000000062905,3,151.11856,75.97118
5d2709bb03f801723c32852c_a526dbdf164aa0a28f510c49_0000000071484,3,159.561,79.85239
5d2709bb03f801723c32852c_a526dbdf164aa0a28f510c49_0000000076212,3,159.561,79.85239
5d2709bb03f801723c32852c_a526dbdf164aa0a28f510c49_0000000090029,3,151.11856,75.97118
5d2709bb03f801723c32852c_a526dbdf164aa0a28f510c49_0000000099966,3,143.89403,72.57679
5d2709bb03f801723c32852c_a526dbdf164aa0a28f510c49_0000000110060,3,143.70386000000002,65.35358000000001
5d2709bb03f801723c32852c_a526dbdf164aa0a28f510c49_0000000116235,3,146.45682,65.84334
5d2709bb03f801723c32852c_a526dbdf164aa0a28f510c49_0000000123881,3,143.70386000000002,65.35358000000001
5d2709bb03f801723c32852c_a526dbdf164aa0a28f510c49_0000000132733,3,141.03145,71.197525
5d2709bb03f801723c32852c_a526dbdf164aa0a28f510c49_0000000139457,3,137.23769,72.92787
5d2709bb03f801723c32852c_a526dbdf164aa0a28f510c49_0000000149046,3,141.50026,78.675735
5d2709bb03f801723c32852c_a526dbdf164aa0a28f510c49_0000000156759,3,136.64355,78.68481
5d2709bb03f801723c32852c_a526dbdf164aa0a28f510c49_0000000168305,3,141.02902,85.02879
5d2709bb03f801723c32852c_a526dbdf164aa0a28f510c49_0000000179654,3,140.84335,88.38613000000001
5d2709bb03f801723c32852c_a526dbdf164aa0a28f510c49_0000000191490,3,134.73157,85.79746999999999
5d2709bb03f801723c32852c_a526dbdf164aa0a28f510c49_0000000197131,3,134.73157,85.79746999999999
5d2709bb03f801723c32852c_a526dbdf164aa0a28f510c49_0000000209192,3,134.73157,85.79746999999999
5d2709bb03f801723c32852c_a526dbdf164aa0a28f510c49_0000000214945,3,136.64355,78.68481
5d2709bb03f801723c32852c_a526dbdf164aa0a28f510c49_0000000224890,3,141.50026,78.675735
5d2709bb03f801723c32852c_a526dbdf164aa0a28f510c49_0000000236421,3,148.45325,77.78999
5d2709bb03f801723c32852c_a526dbdf164aa0a28f510c49_0000000243323,3,156.5669,81.1936
5d2709bb03f801723c32852c_a526dbdf164aa0a28f510c49_0000000254337,3,148.45325,77.78999
5d2709bb03f801723c32852c_a526dbdf164aa0a28f510c49_0000000265482,3,136.64355,78.68481
5d2709bb03f801723c32852c_a526dbdf164aa0a28f510c49_0000000280102,3,141.02902,85.02879
5d2709bb03f801723c32852c_a526dbdf164aa0a28f510c49_0000000289105,3,140.84335,88.38613000000001
5d2709bb03f801723c32852c_a526dbdf164aa0a28f510c49_0000000303605,3,134.73157,85.79746999999999
5d2709bb03f801723c32852c_a526dbdf164aa0a28f510c49_0000000321825,3,141.50026,78.675735
5d2709bb03f801723c32852c_a526dbdf164aa0a28f510c49_0000000341243,3,141.03145,71.197525
5d2709bb03f801723c32852c_a526dbdf164aa0a28f510c49_0000000352422,3,141.50026,78.675735
5d2709bb03f801723c32852c_a526dbdf164aa0a28f510c49_0000000358851,3,141.02902,85.02879
5d2709bb03f801723c32852c_a526dbdf164aa0a28f510c49_0000000364251,3,141.02902,85.02879
5d2709bb03f801723c32852c_a526dbdf164aa0a28f510c49_0000000377352,3,133.16699,82.1619
5d2709bb03f801723c32852c_a526dbdf164aa0a28f510c49_0000000385669,3,127.71745,79.86010999999999
5d2709bb03f801723c32852c_a526dbdf164aa0a28f510c49_0000000389250,3,122.014984,80.22643000000001
5d2709bb03f801723c32852c_a526dbdf164aa0a28f510c49_0000000395147,3,115.863014,77.73392
5d2709bb03f801723c32852c_a526dbdf164aa0a28f510c49_0000000399148,3,115.863014,77.73392
5d2709bb03f801723c32852c_a526dbdf164aa0a28f510c49_0000000404955,3,111.205925,75.43417
5d2709bb03f801723c32852c_a526dbdf164aa0a28f510c49_0000000419065,3,108.015274,82.87004
5d2709bb03f801723c32852c_a526dbdf164aa0a28f510c49_0000000428609,3,112.69457,84.851395
5d2709bb03f801723c32852c_a526dbdf164aa0a28f510c49_0000000443830,3,111.205925,75.43417
5d2709bb03f801723c32852c_a526dbdf164aa0a28f510c49_0000000454828,3,109.49349,69.60989000000001
5d2709bb03f801723c32852c_a526dbdf164aa0a28f510c49_0000000465881,3,105.19133,72.44776999999999
5d2709bb03f801723c32852c_a526dbdf164aa0a28f510c49_0000000480295,3,111.205925,75.43417
5d2709bb03f801723c32852c_a526dbdf164aa0a28f510c49_0000000490480,3,111.205925,75.43417
5d2709bb03f801723c32852c_a526dbdf164aa0a28f510c49_0000000499033,3,115.863014,77.73392
5d2709bb03f801723c32852c_a5e437e7708788a70e8bc8ec_0000000000015,1,211.26805,47.5047
5d2709bb03f801723c32852c_a5e437e7708788a70e8bc8ec_0000000014807,1,206.0187,59.74271
5d2709bb03f801723c32852c_a5e437e7708788a70e8bc8ec_0000000026049,1,201.26884,66.10922
5d2709bb03f801723c32852c_a5e437e7708788a70e8bc8ec_0000000035129,1,197.34767,72.76406999999999
5d2709bb03f801723c32852c_a5e437e7708788a70e8bc8ec_0000000043053,1,193.40428,79.5857
5d2709bb03f801723c32852c_a5e437e7708788a70e8bc8ec_0000000051028,1,189.09587,87.15217
5d2709bb03f801723c32852c_a5e437e7708788a70e8bc8ec_0000000057593,1,185.93387,93.575264
5d2709bb03f801723c32852c_a5e437e7708788a70e8bc8ec_0000000066407,1,187.83656,97.335754
5d2709bb03f801723c32852c_a5e437e7708788a70e8bc8ec_0000000078257,1,183.47398,96.5727
5d2709bb03f801723c32852c_a5e437e7708788a70e8bc8ec_0000000087483,1,184.43304,103.0183
5d2709bb03f801723c32852c_a5e437e7708788a70e8bc8ec_0000000093757,1,182.45618,101.605415
5d2709bb03f801723c32852c_a5e437e7708788a70e8bc8ec_0000000106467,1,181.46771,108.52922
5d2709bb03f801723c32852c_a5e437e7708788a70e8bc8ec_0000000126014,1,178.40746,106.65706000000002
5d2709bb03f801723c32852c_a5e437e7708788a70e8bc8ec_0000000134926,1,182.45618,101.605415
5d2709bb03f801723c32852c_a5e437e7708788a70e8bc8ec_0000000139820,1,183.47398,96.5727
5d2709bb03f801723c32852c_a5e437e7708788a70e8bc8ec_0000000144525,1,183.47398,96.5727
5d2709bb03f801723c32852c_a5e437e7708788a70e8bc8ec_0000000154595,1,182.45618,101.605415
5d2709bb03f801723c32852c_a5e437e7708788a70e8bc8ec_0000000160662,1,181.46771,108.52922
5d2709bb03f801723c32852c_a5e437e7708788a70e8bc8ec_0000000169886,1,176.05524,108.243164
5d2709bb03f801723c32852c_a5e437e7708788a70e8bc8ec_0000000183256,1,184.30011,113.49361
5d2709bb03f801723c32852c_a5e437e7708788a70e8bc8ec_0000000189711,1,190.5729,113.728485
5d2709bb03f801723c32852c_a5e437e7708788a70e8bc8ec_0000000203065,1,181.46771,108.52922
5d2709bb03f801723c32852c_a5e437e7708788a70e8bc8ec_0000000212778,1,184.30011,113.49361
5d2709bb03f801723c32852c_aa49b4006c18d1d2a28cd049_0000000000010,0,173.22823,107.173965
5d2709bb03f801723c32852c_aa49b4006c18d1d2a28cd049_0000000006583,0,172.94342,103.175766
5d2709bb03f801723c32852c_aa49b4006c18d1d2a28cd049_0000000012385,0,172.94342,103.175766
5d2709bb03f801723c32852c_aa49b4006c18d1d2a28cd049_0000000017654,0,170.36122,100.11913
5d2709bb03f801723c32852c_aa49b4006c18d1d2a28cd049_0000000029002,0,173.3152,92.32302
5d2709bb03f801723c32852c_aa49b4006c18d1d2a28cd049_0000000038402,0,178.06703000000002,83.9132
5d2709bb03f801723c32852c_aa49b4006c18d1d2a28cd049_0000000050543,0,185.11343,71.81042
5d2709bb03f801723c32852c_aa49b4006c18d1d2a28cd049_0000000060782,0,178.76033,68.00814
5d2709bb03f801723c32852c_b308a8c4ffeee07f455ffb19_0000000000019,0,263.2534,77.30064
5d2709bb03f801723c32852c_b308a8c4ffeee07f455ffb19_0000000009573,0,257.8198,83.8249
5d2709bb03f801723c32852c_b308a8c4ffeee07f455ffb19_0000000018974,0,256.73236,91.56263
5d2709bb03f801723c32852c_b308a8c4ffeee07f455ffb19_0000000034468,0,251.09175,90.456535
5d2709bb03f801723c32852c_b308a8c4ffeee07f455ffb19_0000000043141,0,246.27808,93.31562
5d2709bb03f801723c32852c_b308a8c4ffeee07f455ffb19_0000000050885,0,241.23271,94.85463
5d2709bb03f801723c32852c_b308a8c4ffeee07f455ffb19_0000000059079,0,241.23271,94.85463
5d2709bb03f801723c32852c_b308a8c4ffeee07f455ffb19_0000000065128,0,239.44034,90.70565
5d2709bb03f801723c32852c_b308a8c4ffeee07f455ffb19_0000000071860,0,240.36505,79.05053000000001
5d2709bb03f801723c32852c_b308a8c4ffeee07f455ffb19_0000000076580,0,234.85707,82.57978
5d2709bb03f801723c32852c_b308a8c4ffeee07f455ffb19_0000000085065,0,237.52185,77.483086
5d2709bb03f801723c32852c_b308a8c4ffeee07f455ffb19_0000000092751,0,241.4997,70.472206
5d2709bb03f801723c32852c_b308a8c4ffeee07f455ffb19_0000000097782,0,244.3877,71.65446999999999
5d2709bb03f801723c32852c_b51a662297b90657f0b03b44_0000000000008,1,115.24594,227.84212
5d2709bb03f801723c32852c_b51a662297b90657f0b03b44_0000000010230,1,116.061455,224.02347000000003
5d2709bb03f801723c32852c_b51a662297b90657f0b03b44_0000000022110,1,115.24594,227.84212
5d2709bb03f801723c32852c_b51a662297b90657f0b03b44_0000000038538,1,116.061455,224.02347000000003
5d2709bb03f801723c32852c_b51a662297b90657f0b03b44_0000000054876,1,129.01561999999998,226.03778
5d2709bb03f801723c32852c_b51a662297b90657f0b03b44_0000000058652,1,126.933556,228.49855
5d2709bb03f801723c32852c_b51a662297b90657f0b03b44_0000000070575,1,136.5398,226.51585
5d2709bb03f801723c32852c_b51a662297b90657f0b03b44_0000000077703,1,140.14336,234.34845
5d2709bb03f801723c32852c_b51a662297b90657f0b03b44_0000000087355,1,140.999,227.89699
5d2709bb03f801723c32852c_b51a662297b90657f0b03b44_0000000096766,1,147.49759,237.88654
5d2709bb03f801723c32852c_b51a662297b90657f0b03b44_0000000104566,1,160.3313,233.20494
5d2709bb03f801723c32852c_b51a662297b90657f0b03b44_0000000112998,1,164.87904,237.68736
5d2709bb03f801723c32852c_b6f2d87525cec0dcd65b693c_0000000000011,2,251.9211,69.36675
5d2709bb03f801723c32852c_b6f2d87525cec0dcd65b693c_0000000008912,2,251.9211,69.36675
5d2709bb03f801723c32852c_b6f2d87525cec0dcd65b693c_0000000018231,2,254.03154,75.79209
5d2709bb03f801723c32852c_b6f2d87525cec0dcd65b693c_0000000027224,2,254.34413,82.7957
5d2709bb03f801723c32852c_b6f2d87525cec0dcd65b693c_0000000034964,2,255.86806,86.973694
5d2709bb03f801723c32852c_b6f2d87525cec0dcd65b693c_0000000053510,2,254.34413,82.7957
5d2709bb03f801723c32852c_b6f2d87525cec0dcd65b693c_0000000059994,2,254.03154,75.79209
5d2709bb03f801723c32852c_b6f2d87525cec0dcd65b693c_0000000069498,2,257.45847000000003,72.54253
5d2709bb03f801723c32852c_b6f2d87525cec0dcd65b693c_0000000082528,2,254.03154,75.79209
5d2709bb03f801723c32852c_bb8d876705a0d8b453791035_0000000000012,-1,91.47609,211.43956
5d2709bb03f801723c32852c_bb8d876705a0d8b453791035_0000000011351,-1,82.26465999999999,204.66043
5d2709bb03f801723c32852c_bb8d876705a0d8b453791035_0000000020250,-1,69.81593000000001,201.61037
5d2709bb03f801723c32852c_bb8d876705a0d8b453791035_0000000027409,-1,69.81593000000001,201.61037
5d2709bb03f801723c32852c_bb8d876705a0d8b453791035_0000000039203,-1,77.09121,202.55011
5d2709bb03f801723c32852c_bb8d876705a0d8b453791035_0000000049967,-1,79.99538000000001,197.28465
5d2709bb03f801723c32852c_bb8d876705a0d8b453791035_0000000059405,-1,69.81593000000001,201.61037
5d2709bb03f801723c32852c_c83dfe151e943e78333cec13_0000000000007,-1,182.70595,246.43582
5d2709bb03f801723c32852c_c83dfe151e943e78333cec13_0000000003951,-1,178.22052,249.36206
5d2709bb03f801723c32852c_c83dfe151e943e78333cec13_0000000017184,-1,187.14067,253.19638
5d2709bb03f801723c32852c_c83dfe151e943e78333cec13_0000000022586,-1,191.18253,252.52776
5d2709bb03f801723c32852c_c83dfe151e943e78333cec13_0000000030813,-1,197.76807,257.60965
5d2709bb03f801723c32852c_c83dfe151e943e78333cec13_0000000035985,-1,203.33037,257.823
5d2709bb03f801723c32852c_c83dfe151e943e78333cec13_0000000042612,-1,208.5547,262.7579
5d2709bb03f801723c32852c_c83dfe151e943e78333cec13_0000000053285,-1,208.5547,262.7579
5d2709bb03f801723c32852c_c83dfe151e943e78333cec13_0000000063238,-1,212.48405,267.11078
5d2709bb03f801723c32852c_c83dfe151e943e78333cec13_0000000078065,-1,214.17378,262.54297
5d2709bb03f801723c32852c_cfda785b67b4b17c58b911b0_0000000000008,-1,152.01956,237.95546
5d2709bb03f801723c32852c_cfda785b67b4b17c58b911b0_0000000006679,-1,155.98418,236.96634
5d2709bb03f801723c32852c_cfda785b67b4b17c58b911b0_0000000013534,-1,161.05525,241.69144
5d2709bb03f801723c32852c_cfda785b67b4b17c58b911b0_0000000017837,-1,164.81732,240.9243
5d2709bb03f801723c32852c_cfda785b67b4b17c58b911b0_0000000030498,-1,166.02907,246.43285
5d2709bb03f801723c32852c_cfda785b67b4b17c58b911b0_0000000037110,-1,164.04048,249.67061
5d2709bb03f801723c32852c_cfda785b67b4b17c58b911b0_0000000046482,-1,157.48116000000002,246.42839
5d2709bb03f801723c32852c_cfda785b67b4b17c58b911b0_0000000054623,-1,149.81517,242.53479
5d2709bb03f801723c32852c_cfda785b67b4b17c58b911b0_0000000068393,-1,157.48116000000002,246.42839
5d2709bb03f801723c32852c_cfda785b67b4b17c58b911b0_0000000077038,-1,166.02907,246.43285
5d2709bb03f801723c32852c_cfda785b67b4b17c58b911b0_0000000092100,-1,164.81732,240.9243
5d2709bb03f801723c32852c_cfda785b67b4b17c58b911b0_0000000103847,-1,155.98418,236.96634
5d2709bb03f801723c32852c_cfda785b67b4b17c58b911b0_0000000111201,-1,148.80428,233.83517
5d2709bb03f801723c32852c_cfda785b67b4b17c58b911b0_0000000121394,-1,152.01956,237.95546
5d2709bb03f801723c32852c_cfda785b67b4b17c58b911b0_0000000130758,-1,161.05525,241.69144
5d2709bb03f801723c32852c_cfda785b67b4b17c58b911b0_0000000134328,-1,164.81732,240.9243
5d2709bb03f801723c32852c_cfda785b67b4b17c58b911b0_0000000145990,-1,174.33173,244.84747
5d2709bb03f801723c32852c_cfda785b67b4b17c58b911b0_0000000152802,-1,174.33173,244.84747
5d2709bb03f801723c32852c_cfda785b67b4b17c58b911b0_0000000161006,-1,178.22052,249.36206
5d2709bb03f801723c32852c_cfda785b67b4b17c58b911b0_0000000166186,-1,182.70595,246.43582
5d2709bb03f801723c32852c_cfda785b67b4b17c58b911b0_0000000173030,-1,184.22672,242.48845
5d2709bb03f801723c32852c_d2a8a8bd9569c33bc43ec14e_0000000000007,0,219.5,41.5
5d2709bb03f801723c32852c_d2a8a8bd9569c33bc43ec14e_0000000008190,0,219.99397,49.094448
5d2709bb03f801723c32852c_d2a8a8bd9569c33bc43ec14e_0000000017542,0,216.63454,47.462334000000006
5d2709bb03f801723c32852c_d2a8a8bd9569c33bc43ec14e_0000000030394,0,219.5,41.5
5d2709bb03f801723c32852c_d2a8a8bd9569c33bc43ec14e_0000000040464,0,219.5,41.5
5d2709bb03f801723c32852c_d2a8a8bd9569c33bc43ec14e_0000000054909,0,216.63454,47.462334000000006
5d2709bb03f801723c32852c_d2a8a8bd9569c33bc43ec14e_0000000068559,0,219.99397,49.094448
5d2709bb03f801723c32852c_d2a8a8bd9569c33bc43ec14e_0000000070856,0,224.87546,51.674297
5d2709bb03f801723c32852c_d2a8a8bd9569c33bc43ec14e_0000000076916,0,227.02063,50.826653
5d2709bb03f801723c32852c_d2a8a8bd9569c33bc43ec14e_0000000081851,0,227.02063,50.826653
5d2709bb03f801723c32852c_d2a8a8bd9569c33bc43ec14e_0000000095823,0,230.73238,55.614155
5d2709bb03f801723c32852c_d2a8a8bd9569c33bc43ec14e_0000000102079,0,229.69406,62.201668000000005
5d2709bb03f801723c32852c_d2a8a8bd9569c33bc43ec14e_0000000109974,0,224.5299,68.37374
5d2709bb03f801723c32852c_d2a8a8bd9569c33bc43ec14e_0000000113550,0,224.5299,68.37374
5d2709bb03f801723c32852c_d2a8a8bd9569c33bc43ec14e_0000000117626,0,221.75478,69.451836
5d2709bb03f801723c32852c_d2a8a8bd9569c33bc43ec14e_0000000123700,0,222.6087,74.73926
5d2709bb03f801723c32852c_d2a8a8bd9569c33bc43ec14e_0000000128431,0,218.56685,75.69094
5d2709bb03f801723c32852c_d2a8a8bd9569c33bc43ec14e_0000000136493,0,216.35231,82.39413
5d2709bb03f801723c32852c_d2a8a8bd9569c33bc43ec14e_0000000139878,0,216.35231,82.39413
5d2709bb03f801723c32852c_d2a8a8bd9569c33bc43ec14e_0000000145390,0,214.13666,83.2139
5d2709bb03f801723c32852c_d2a8a8bd9569c33bc43ec14e_0000000151254,0,211.25851,91.14209
5d2709bb03f801723c32852c_d2a8a8bd9569c33bc43ec14e_0000000161968,0,211.25851,91.14209
5d2709bb03f801723c32852c_d2a8a8bd9569c33bc43ec14e_0000000167623,0,208.62282,93.3953
5d2709bb03f801723c32852c_d2a8a8bd9569c33bc43ec14e_0000000169892,0,208.62282,93.3953
5d2709bb03f801723c32852c_d2a8a8bd9569c33bc43ec14e_0000000175798,0,205.14388,99.21707
5d2709bb03f801723c32852c_d72ceac4628436a540910d98_0000000000008,2,142.12253,211.7178
5d2709bb03f801723c32852c_d72ceac4628436a540910d98_0000000005335,2,138.67644,219.51727
5d2709bb03f801723c32852c_d72ceac4628436a540910d98_0000000022860,2,142.2582,221.19589
5d2709bb03f801723c32852c_d72ceac4628436a540910d98_0000000032217,2,148.34714,224.13037000000003
5d2709bb03f801723c32852c_d72ceac4628436a540910d98_0000000038500,2,155.4018,227.06927
5d2709bb03f801723c32852c_d72ceac4628436a540910d98_0000000042827,2,155.4018,227.06927
5d2709bb03f801723c32852c_d72ceac4628436a540910d98_0000000056116,2,166.01086,233.34865
5d2709bb03f801723c32852c_d72ceac4628436a540910d98_0000000065406,2,163.29225,239.72485
5d2709bb03f801723c32852c_d72ceac4628436a540910d98_0000000072221,2,160.3015,246.22086
5d2709bb03f801723c32852c_d72ceac4628436a540910d98_0000000087599,2,161.05612,238.48111
5d2709bb03f801723c32852c_d72ceac4628436a540910d98_0000000099728,2,147.65296999999998,238.00127
5d2709bb03f801723c32852c_d72ceac4628436a540910d98_0000000107194,2,140.45601000000002,234.22081
5d2709bb03f801723c32852c_d72ceac4628436a540910d98_0000000113032,2,134.82173,231.70468
5d2709bb03f801723c32852c_d72ceac4628436a540910d98_0000000120714,2,129.16481000000002,232.15129
5d2709bb03f801723c32852c_d72ceac4628436a540910d98_0000000127938,2,121.31393,228.54906
5d2709bb03f801723c32852c_d72ceac4628436a540910d98_0000000136097,2,115.173584,226.01604
5d2709bb03f801723c32852c_d72ceac4628436a540910d98_0000000150920,2,106.38427,222.00693
5d2709bb03f801723c32852c_d72ceac4628436a540910d98_0000000159676,2,93.57909,224.21503
5d2709bb03f801723c32852c_d72ceac4628436a540910d98_0000000167121,2,92.9364,220.87761
5d2709bb03f801723c32852c_d72ceac4628436a540910d98_0000000174786,2,85.703354,219.23691
5d2709bb03f801723c32852c_d72ceac4628436a540910d98_0000000182255,2,78.66305,214.38622
5d2709bb03f801723c32852c_d72ceac4628436a540910d98_0000000198215,2,75.52651,208.32423
5d2709bb03f801723c32852c_d72ceac4628436a540910d98_0000000204805,2,69.332985,205.94127
5d2709bb03f801723c32852c_d72ceac4628436a540910d98_0000000207910,2,69.332985,205.94127
5d2709bb03f801723c32852c_d72ceac4628436a540910d98_0000000213449,2,61.49542,202.68094
5d2709bb03f801723c32852c_d72ceac4628436a540910d98_0000000221898,2,55.21349300000001,199.79059
5d2709bb03f801723c32852c_d72ceac4628436a540910d98_0000000232499,2,49.48949,196.9602
5d2709bb03f801723c32852c_d72ceac4628436a540910d98_0000000240931,2,49.48949,196.9602
5d2709bb03f801723c32852c_d72ceac4628436a540910d98_0000000259047,2,49.48949,196.9602
5d2709bb03f801723c32852c_d72ceac4628436a540910d98_0000000275748,2,39.74846,192.68839
5d2709bb03f801723c32852c_d72ceac4628436a540910d98_0000000285034,2,34.882572,188.90773
5d2709bb03f801723c32852c_d72ceac4628436a540910d98_0000000295922,2,25.877275,187.24951
5d2709bb03f801723c32852c_d72ceac4628436a540910d98_0000000302327,2,23.386646,183.00923
5d2709bb03f801723c32852c_d72ceac4628436a540910d98_0000000309231,2,24.622114,176.22609
5d2709bb03f801723c32852c_d72ceac4628436a540910d98_0000000315912,2,30.086235,172.71973
5d2709bb03f801723c32852c_d72ceac4628436a540910d98_0000000321519,2,30.086235,172.71973
5d2709bb03f801723c32852c_d72ceac4628436a540910d98_0000000328918,2,36.45983,175.3368
5d2709bb03f801723c32852c_d72ceac4628436a540910d98_0000000346158,2,39.817192,172.44545
5d2709bb03f801723c32852c_d72ceac4628436a540910d98_0000000354295,2,33.704094,168.87198
5d2709bb03f801723c32852c_d72ceac4628436a540910d98_0000000363641,2,28.409615,168.46178999999998
5d2709bb03f801723c32852c_d72ceac4628436a540910d98_0000000373427,2,24.103998,169.32321000000002
5d2709bb03f801723c32852c_d72ceac4628436a540910d98_0000000395266,2,33.704094,168.87198
5d2709bb03f801723c32852c_d72ceac4628436a540910d98_0000000407836,2,30.086235,172.71973
5d2709bb03f801723c32852c_d72ceac4628436a540910d98_0000000417448,2,24.103998,169.32321000000002
5d2709bb03f801723c32852c_d72ceac4628436a540910d98_0000000429126,2,18.9308,164.53699
5d2709bb03f801723c32852c_d72ceac4628436a540910d98_0000000439900,2,24.103998,169.32321000000002
5d2709bb03f801723c32852c_d72ceac4628436a540910d98_0000000449677,2,24.622114,176.22609
5d2709bb03f801723c32852c_d72ceac4628436a540910d98_0000000461579,2,23.386646,183.00923
5d2709bb03f801723c32852c_d72ceac4628436a540910d98_0000000477021,2,24.622114,176.22609
5d2709bb03f801723c32852c_d72ceac4628436a540910d98_0000000482828,2,24.622114,176.22609
5d2709bb03f801723c32852c_d72ceac4628436a540910d98_0000000498431,2,36.45983,175.3368
5d2709bb03f801723c32852c_d72ceac4628436a540910d98_0000000514460,2,24.622114,176.22609
5d2709bb03f801723c32852c_d72ceac4628436a540910d98_0000000529147,2,24.622114,176.22609
5d2709bb03f801723c32852c_d72ceac4628436a540910d98_0000000540041,2,24.622114,176.22609
5d2709bb03f801723c32852c_d72ceac4628436a540910d98_0000000551802,2,25.877275,187.24951
5d2709bb03f801723c32852c_d72ceac4628436a540910d98_0000000559610,2,31.317411,192.33267
5d2709bb03f801723c32852c_d72ceac4628436a540910d98_0000000566412,2,34.882572,188.90773
5d2709bb03f801723c32852c_d72ceac4628436a540910d98_0000000572954,2,39.74846,192.68839
5d2709bb03f801723c32852c_d72ceac4628436a540910d98_0000000584178,2,42.526104,189.32043
5d2709bb03f801723c32852c_d72ceac4628436a540910d98_0000000588928,2,46.953377,188.33548
5d2709bb03f801723c32852c_d72ceac4628436a540910d98_0000000596474,2,45.514492,182.19156
5d2709bb03f801723c32852c_d72ceac4628436a540910d98_0000000605326,2,45.514492,182.19156
5d2709bb03f801723c32852c_d72ceac4628436a540910d98_0000000611377,2,45.514492,182.19156
5d2709bb03f801723c32852c_d72ceac4628436a540910d98_0000000622120,2,54.344727,184.52902
5d2709bb03f801723c32852c_d72ceac4628436a540910d98_0000000629744,2,59.03150600000001,184.33266
5d2709bb03f801723c32852c_d72ceac4628436a540910d98_0000000636079,2,65.005196,187.01163
5d2709bb03f801723c32852c_d72ceac4628436a540910d98_0000000643637,2,69.405624,191.4985
5d2709bb03f801723c32852c_d72ceac4628436a540910d98_0000000651012,2,69.405624,191.4985
5d2709bb03f801723c32852c_d72ceac4628436a540910d98_0000000657180,2,73.29718000000001,197.26427
5d2709bb03f801723c32852c_d72ceac4628436a540910d98_0000000664750,2,73.29718000000001,197.26427
5d2709bb03f801723c32852c_d72ceac4628436a540910d98_0000000673404,2,75.296684,192.5189
5d2709bb03f801723c32852c_d72ceac4628436a540910d98_0000000684469,2,80.05278,197.17505
5d2709bb03f801723c32852c_d72ceac4628436a540910d98_0000000699613,2,73.29718000000001,197.26427
5d2709bb03f801723c32852c_d72ceac4628436a540910d98_0000000710140,2,71.071205,202.65886
5d2709bb03f801723c32852c_d72ceac4628436a540910d98_0000000725600,2,80.05278,197.17505
5d2709bb03f801723c32852c_dcd4bfc49601637d9339808d_0000000000010,0,204.04749,69.08909
5d2709bb03f801723c32852c_dcd4bfc49601637d9339808d_0000000009204,0,204.04749,69.08909
5d2709bb03f801723c32852c_dcd4bfc49601637d9339808d_0000000030746,0,218.56685,75.69094
5d2709bb03f801723c32852c_dcd4bfc49601637d9339808d_0000000053433,0,208.36896,71.98869
5d2709bb03f801723c32852c_dcd4bfc49601637d9339808d_0000000058115,0,199.74498,75.81199000000001
5d2709bb03f801723c32852c_dcd4bfc49601637d9339808d_0000000073411,0,189.2076,70.45328
5d2709bb03f801723c32852c_dcd4bfc49601637d9339808d_0000000094886,0,199.74498,75.81199000000001
5d2709bb03f801723c32852c_dcd4bfc49601637d9339808d_0000000106899,0,203.92047,78.34833
5d2709bb03f801723c32852c_dcd4bfc49601637d9339808d_0000000116713,0,214.13666,83.2139
5d2709bb03f801723c32852c_dcd4bfc49601637d9339808d_0000000124261,0,214.13666,83.2139
5d2709bb03f801723c32852c_dcd4bfc49601637d9339808d_0000000133039,0,208.62282,93.3953
5d2709bb03f801723c32852c_dcd4bfc49601637d9339808d_0000000139956,0,205.14388,99.21707
5d2709bb03f801723c32852c_dcd4bfc49601637d9339808d_0000000146139,0,201.74445,105.0917
5d2709bb03f801723c32852c_dcd4bfc49601637d9339808d_0000000151955,0,198.80226,110.21323999999998
5d2709bb03f801723c32852c_dcd4bfc49601637d9339808d_0000000160229,0,198.05014,116.27168
5d2709bb03f801723c32852c_dcd4bfc49601637d9339808d_0000000176913,0,195.34969,114.88018999999998
5d2709bb03f801723c32852c_dcd4bfc49601637d9339808d_0000000192104,0,198.05014,116.27168
5d2709bb03f801723c32852c_dcd4bfc49601637d9339808d_0000000197448,0,202.478,122.44933
5d2709bb03f801723c32852c_dcd4bfc49601637d9339808d_0000000211646,0,208.48183,128.59001
5d2709bb03f801723c32852c_e9816721ed502a5414ee6aa4_0000000000025,-1,268.15915,128.98926
5d2709bb03f801723c32852c_e9816721ed502a5414ee6aa4_0000000006071,-1,268.15915,128.98926
5d2709bb03f801723c32852c_e9816721ed502a5414ee6aa4_0000000013125,-1,264.68875,135.14082
5d2709bb03f801723c32852c_e9816721ed502a5414ee6aa4_0000000020354,-1,264.68875,135.14082
5d2709bb03f801723c32852c_e9816721ed502a5414ee6aa4_0000000025899,-1,264.68875,135.14082
5d2709bb03f801723c32852c_e9816721ed502a5414ee6aa4_0000000033755,-1,264.68875,135.14082
5d2709bb03f801723c32852c_e9816721ed502a5414ee6aa4_0000000038750,-1,264.68875,135.14082
5d2709bb03f801723c32852c_e9816721ed502a5414ee6aa4_0000000045560,-1,260.68848,142.09871
5d2709bb03f801723c32852c_e9816721ed502a5414ee6aa4_0000000058712,-1,264.68875,135.14082
5d2709bb03f801723c32852c_e9816721ed502a5414ee6aa4_0000000062594,-1,268.15915,128.98926
5d2709bb03f801723c32852c_e9816721ed502a5414ee6aa4_0000000072777,-1,271.6622,123.06576499999998
5d2709bb03f801723c32852c_e9816721ed502a5414ee6aa4_0000000082959,-1,270.1485,129.23979
5d2709bb03f801723c32852c_e9816721ed502a5414ee6aa4_0000000092026,-1,266.8022,135.23154
5d2709bb03f801723c32852c_e9816721ed502a5414ee6aa4_0000000099784,-1,266.30704,147.72179
5d2709bb03f801723c32852c_f5fa36c503893adeb5294d52_0000000000009,1,187.68593,19.463743
5d2709bb03f801723c32852c_f5fa36c503893adeb5294d52_0000000006642,1,186.17432,32.11038
5d2709bb03f801723c32852c_f5fa36c503893adeb5294d52_0000000012429,1,192.2412,23.035606
5d2709bb03f801723c32852c_f5fa36c503893adeb5294d52_0000000023960,1,199.90335,26.914335
5d2709bb03f801723c32852c_f5fa36c503893adeb5294d52_0000000029746,1,199.90335,26.914335
5d2709bb03f801723c32852c_f5fa36c503893adeb5294d52_0000000039851,1,207.3928,31.402052
5d2709bb03f801723c32852c_f5fa36c503893adeb5294d52_0000000044307,1,209.22055,28.426874
5d2709bb03f801723c32852c_f5fa36c503893adeb5294d52_0000000055232,1,216.86404,37.114094
5d2709bb03f801723c32852c_f5fa36c503893adeb5294d52_0000000060087,1,219.55907,34.399204
5d2709bb03f801723c32852c_f5fa36c503893adeb5294d52_0000000070868,1,218.0015,42.266838
5d2709bb03f801723c32852c_f5fa36c503893adeb5294d52_0000000080145,1,211.26805,47.5047
5d2709bb03f801723c32852c_f5fa36c503893adeb5294d52_0000000083731,1,212.10223,51.29217
5d2709bb03f801723c32852c_f5fa36c503893adeb5294d52_0000000095878,1,206.0187,59.74271
5d2709bb03f801723c32852c_f5fa36c503893adeb5294d52_0000000103062,1,206.26411,64.54384
5d2709bb03f801723c32852c_f5fa36c503893adeb5294d52_0000000109326,1,201.26884,66.10922
5d2709bb03f801723c32852c_f5fa36c503893adeb5294d52_0000000116618,1,197.34767,72.76406999999999
5d2709bb03f801723c32852c_f5fa36c503893adeb5294d52_0000000123245,1,193.40428,79.5857
5d2709c303f801723c3299ee_08a29ac71fe460a44ca73b38_0000000000011,4,24.731752,13.977903
5d2709c303f801723c3299ee_08a29ac71fe460a44ca73b38_0000000002111,4,26.166107,12.630318
5d2709c303f801723c3299ee_08a29ac71fe460a44ca73b38_0000000008972,4,38.682655,13.737034
5d2709c303f801723c3299ee_08a29ac71fe460a44ca73b38_0000000013927,4,45.9664,14.208081
5d2709c303f801723c3299ee_08a29ac71fe460a44ca73b38_0000000018971,4,50.59418,14.063451
5d2709c303f801723c3299ee_08a29ac71fe460a44ca73b38_0000000022545,4,52.108093,13.180727
5d2709c303f801723c3299ee_08a29ac71fe460a44ca73b38_0000000027125,4,58.060097,13.736748
5d2709c303f801723c3299ee_08a29ac71fe460a44ca73b38_0000000029677,4,58.060097,13.736748
5d2709c303f801723c3299ee_08a29ac71fe460a44ca73b38_0000000036321,4,57.99989300000001,18.401094
5d2709c303f801723c3299ee_08a29ac71fe460a44ca73b38_0000000039601,4,57.99989300000001,18.401094
5d2709c303f801723c3299ee_08a29ac71fe460a44ca73b38_0000000043923,4,56.562023,14.99306
5d2709c303f801723c3299ee_08a29ac71fe460a44ca73b38_0000000047501,4,58.060097,13.736748
5d2709c303f801723c3299ee_08a29ac71fe460a44ca73b38_0000000054394,4,56.080925,22.776196
5d2709c303f801723c3299ee_08a29ac71fe460a44ca73b38_0000000058650,4,57.598248,24.163492
5d2709c303f801723c3299ee_08a29ac71fe460a44ca73b38_0000000063131,4,56.335926,29.698624
5d2709c303f801723c3299ee_08a29ac71fe460a44ca73b38_0000000069337,4,55.97535,38.167255
5d2709c303f801723c3299ee_08a29ac71fe460a44ca73b38_0000000074792,4,55.919235,45.96054
5d2709c303f801723c3299ee_08a29ac71fe460a44ca73b38_0000000080404,4,55.559063,52.45586
5d2709c303f801723c3299ee_08a29ac71fe460a44ca73b38_0000000086366,4,54.828636,60.061634
5d2709c303f801723c3299ee_1892ff54553115169341d72e_0000000000014,4,55.802933,62.1288
5d2709c303f801723c3299ee_1892ff54553115169341d72e_0000000006337,4,65.555954,62.52736
5d2709c303f801723c3299ee_1892ff54553115169341d72e_0000000009281,4,65.555954,62.52736
5d2709c303f801723c3299ee_1892ff54553115169341d72e_0000000014974,4,66.231316,56.36706
5d2709c303f801723c3299ee_1892ff54553115169341d72e_0000000018294,4,65.36149,52.015440000000005
5d2709c303f801723c3299ee_1892ff54553115169341d72e_0000000024699,4,66.005554,43.50536
5d2709c303f801723c3299ee_1892ff54553115169341d72e_0000000028631,4,66.005554,43.50536
5d2709c303f801723c3299ee_1892ff54553115169341d72e_0000000037805,4,65.36149,52.015440000000005
5d2709c303f801723c3299ee_1892ff54553115169341d72e_0000000044996,4,71.51947,56.366875
5d2709c303f801723c3299ee_1892ff54553115169341d72e_0000000047852,4,71.51947,56.366875
5d2709c303f801723c3299ee_1892ff54553115169341d72e_0000000053693,4,64.29745,57.8136
5d2709c303f801723c3299ee_1892ff54553115169341d72e_0000000060733,4,71.51947,56.366875
5d2709c303f801723c3299ee_19ea02c9635f48c2bc7a161f_0000000000008,0,22.859743,41.959667
5d2709c303f801723c3299ee_19ea02c9635f48c2bc7a161f_0000000004403,0,20.8546,45.033840000000005
5d2709c303f801723c3299ee_19ea02c9635f48c2bc7a161f_0000000010871,0,22.539274,50.22452
5d2709c303f801723c3299ee_19ea02c9635f48c2bc7a161f_0000000022050,0,24.697437,43.07442
5d2709c303f801723c3299ee_19ea02c9635f48c2bc7a161f_0000000027846,0,24.062801,34.937298
5d2709c303f801723c3299ee_19ea02c9635f48c2bc7a161f_0000000034581,0,24.304853,28.351788
5d2709c303f801723c3299ee_19ea02c9635f48c2bc7a161f_0000000041154,0,23.304852,22.337585
5d2709c303f801723c3299ee_19ea02c9635f48c2bc7a161f_0000000049319,0,22.287697,12.736534
5d2709c303f801723c3299ee_19ea02c9635f48c2bc7a161f_0000000052593,0,22.287697,12.736534
5d2709c303f801723c3299ee_19ea02c9635f48c2bc7a161f_0000000062090,0,24.231535,2.2136576
5d2709c303f801723c3299ee_1a2cc4c5793fa089dd58ddd1_0000000000008,2,31.346155,93.61825
5d2709c303f801723c3299ee_1a2cc4c5793fa089dd58ddd1_0000000007753,2,32.255146,83.5371
5d2709c303f801723c3299ee_1a2cc4c5793fa089dd58ddd1_0000000012509,2,32.666046,76.44712
5d2709c303f801723c3299ee_1a2cc4c5793fa089dd58ddd1_0000000016836,2,35.865414,76.13228000000001
5d2709c303f801723c3299ee_1a2cc4c5793fa089dd58ddd1_0000000024701,2,48.411797,82.896385
5d2709c303f801723c3299ee_1a2cc4c5793fa089dd58ddd1_0000000029418,2,48.411797,82.896385
5d2709c303f801723c3299ee_1a2cc4c5793fa089dd58ddd1_0000000032258,2,57.99122,75.747116
5d2709c303f801723c3299ee_1a2cc4c5793fa089dd58ddd1_0000000035541,2,57.99122,75.747116
5d2709c303f801723c3299ee_1a2cc4c5793fa089dd58ddd1_0000000045026,2,48.411797,82.896385
5d2709c303f801723c3299ee_1a2cc4c5793fa089dd58ddd1_0000000052959,2,35.865414,76.13228000000001
5d2709c303f801723c3299ee_1a2cc4c5793fa089dd58ddd1_0000000057038,2,40.46205,82.28282
5d2709c303f801723c3299ee_1a2cc4c5793fa089dd58ddd1_0000000067311,2,48.411797,82.896385
5d2709c303f801723c3299ee_1a2cc4c5793fa089dd58ddd1_0000000071049,2,48.411797,82.896385
5d2709c303f801723c3299ee_1a2cc4c5793fa089dd58ddd1_0000000078476,2,57.99122,75.747116
5d2709c303f801723c3299ee_1a2cc4c5793fa089dd58ddd1_0000000086950,2,57.80901,85.443596
5d2709c303f801723c3299ee_1a2cc4c5793fa089dd58ddd1_0000000091320,2,57.80901,85.443596
5d2709c303f801723c3299ee_1a2cc4c5793fa089dd58ddd1_0000000100709,2,49.981995,85.97285
5d2709c303f801723c3299ee_1a2cc4c5793fa089dd58ddd1_0000000107435,2,43.912376,85.56009
5d2709c303f801723c3299ee_1a2cc4c5793fa089dd58ddd1_0000000111279,2,35.55148,84.94107
5d2709c303f801723c3299ee_1a2cc4c5793fa089dd58ddd1_0000000115914,2,35.55148,84.94107
5d2709c303f801723c3299ee_1a2cc4c5793fa089dd58ddd1_0000000125257,2,32.666046,76.44712
5d2709c303f801723c3299ee_1a2cc4c5793fa089dd58ddd1_0000000135662,2,35.55148,84.94107
5d2709c303f801723c3299ee_1a2cc4c5793fa089dd58ddd1_0000000143346,2,43.912376,85.56009
5d2709c303f801723c3299ee_1a2cc4c5793fa089dd58ddd1_0000000151387,2,49.981995,85.97285
5d2709c303f801723c3299ee_1a2cc4c5793fa089dd58ddd1_0000000162405,2,57.99122,75.747116
5d2709c303f801723c3299ee_227b32473aa440c6497e2ae9_0000000000008,2,19.398966,95.08168
5d2709c303f801723c3299ee_227b32473aa440c6497e2ae9_0000000005900,2,25.916891,90.60069
5d2709c303f801723c3299ee_227b32473aa440c6497e2ae9_0000000010240,2,31.346155,93.61825
5d2709c303f801723c3299ee_227b32473aa440c6497e2ae9_0000000014147,2,32.7502,95.14445
5d2709c303f801723c3299ee_227b32473aa440c6497e2ae9_0000000021728,2,30.733143,101.4989
5d2709c303f801723c3299ee_227b32473aa440c6497e2ae9_0000000027816,2,26.372211,103.97023
5d2709c303f801723c3299ee_227b32473aa440c6497e2ae9_0000000032318,2,21.619568,103.60811
5d2709c303f801723c3299ee_227b32473aa440c6497e2ae9_0000000035821,2,18.008126999999998,102.21531
5d2709c303f801723c3299ee_227b32473aa440c6497e2ae9_0000000039099,2,19.278997,99.593216
5d2709c303f801723c3299ee_227b32473aa440c6497e2ae9_0000000041973,2,17.043034,97.5465
5d2709c303f801723c3299ee_227b32473aa440c6497e2ae9_0000000044392,2,19.398966,95.08168
5d2709c303f801723c3299ee_227b32473aa440c6497e2ae9_0000000051370,2,25.916891,90.60069
5d2709c303f801723c3299ee_227b32473aa440c6497e2ae9_0000000056954,2,25.916891,90.60069
5d2709c303f801723c3299ee_227b32473aa440c6497e2ae9_0000000058881,2,31.346155,93.61825
5d2709c303f801723c3299ee_227b32473aa440c6497e2ae9_0000000061013,2,31.346155,93.61825
5d2709c303f801723c3299ee_2ae8bd41bbf2eb78d76d737d_0000000000009,4,27.894691,188.4023
5d2709c303f801723c3299ee_2ae8bd41bbf2eb78d76d737d_0000000005734,4,23.337015,193.6266
5d2709c303f801723c3299ee_2ae8bd41bbf2eb78d76d737d_0000000011542,4,25.739931,203.48964
5d2709c303f801723c3299ee_2ae8bd41bbf2eb78d76d737d_0000000017301,4,25.739931,203.48964
5d2709c303f801723c3299ee_2ae8bd41bbf2eb78d76d737d_0000000022953,4,23.337015,193.6266
5d2709c303f801723c3299ee_2ae8bd41bbf2eb78d76d737d_0000000030733,4,25.739931,203.48964
5d2709c303f801723c3299ee_2ae8bd41bbf2eb78d76d737d_0000000034537,4,28.500357,204.95497
5d2709c303f801723c3299ee_2ae8bd41bbf2eb78d76d737d_0000000037508,4,32.410446,205.99521
5d2709c303f801723c3299ee_2ae8bd41bbf2eb78d76d737d_0000000042205,4,38.326656,207.51653
5d2709c303f801723c3299ee_2ae8bd41bbf2eb78d76d737d_0000000047741,4,43.287575,205.51927
5d2709c303f801723c3299ee_2ae8bd41bbf2eb78d76d737d_0000000051744,4,47.80397,204.5577
5d2709c303f801723c3299ee_2ae8bd41bbf2eb78d76d737d_0000000056832,4,47.80397,204.5577
5d2709c303f801723c3299ee_2ae8bd41bbf2eb78d76d737d_0000000061235,4,53.884735,197.05194
5d2709c303f801723c3299ee_2e343fa6a9237d61d0f99ccc_0000000000009,1,44.342216,170.59456
5d2709c303f801723c3299ee_2e343fa6a9237d61d0f99ccc_0000000002739,1,44.442177,172.96594
5d2709c303f801723c3299ee_2e343fa6a9237d61d0f99ccc_0000000010542,1,28.539387,174.86569
5d2709c303f801723c3299ee_2e343fa6a9237d61d0f99ccc_0000000017223,1,27.389063,171.3973
5d2709c303f801723c3299ee_2e343fa6a9237d61d0f99ccc_0000000026186,1,15.353273000000002,170.2966
5d2709c303f801723c3299ee_2e343fa6a9237d61d0f99ccc_0000000029909,1,12.581054,171.07863
5d2709c303f801723c3299ee_2e343fa6a9237d61d0f99ccc_0000000041342,1,23.21816,172.9588
5d2709c303f801723c3299ee_2e343fa6a9237d61d0f99ccc_0000000051829,1,28.539387,174.86569
5d2709c303f801723c3299ee_2e343fa6a9237d61d0f99ccc_0000000059201,1,44.442177,172.96594
5d2709c303f801723c3299ee_2e343fa6a9237d61d0f99ccc_0000000062524,1,44.442177,172.96594
5d2709c303f801723c3299ee_2e343fa6a9237d61d0f99ccc_0000000066553,1,44.442177,172.96594
5d2709c303f801723c3299ee_2e343fa6a9237d61d0f99ccc_0000000072763,1,51.512257,172.13406
5d2709c303f801723c3299ee_2e343fa6a9237d61d0f99ccc_0000000075181,1,51.512257,172.13406
5d2709c303f801723c3299ee_2e343fa6a9237d61d0f99ccc_0000000082065,1,51.362713,179.78181
5d2709c303f801723c3299ee_2e343fa6a9237d61d0f99ccc_0000000092845,1,52.059464,189.59753
5d2709c303f801723c3299ee_2e343fa6a9237d61d0f99ccc_0000000101852,1,51.94837,199.91983
5d2709c303f801723c3299ee_2e343fa6a9237d61d0f99ccc_0000000107259,1,50.47525,204.32578
5d2709c303f801723c3299ee_36e11c56d336fd708d34ac37_0000000000006,-1,23.224854,20.528654
5d2709c303f801723c3299ee_36e11c56d336fd708d34ac37_0000000003484,-1,26.951515,15.742733
5d2709c303f801723c3299ee_36e11c56d336fd708d34ac37_0000000007676,-1,22.789824,11.432406
5d2709c303f801723c3299ee_36e11c56d336fd708d34ac37_0000000018082,-1,20.913593,9.946953
5d2709c303f801723c3299ee_36e11c56d336fd708d34ac37_0000000023083,-1,27.446648,9.037721
5d2709c303f801723c3299ee_36e11c56d336fd708d34ac37_0000000026226,-1,27.446648,9.037721
5d2709c303f801723c3299ee_36e11c56d336fd708d34ac37_0000000031751,-1,27.220695000000003,12.699449
5d2709c303f801723c3299ee_36e11c56d336fd708d34ac37_0000000037121,-1,25.878778,12.816219
5d2709c303f801723c3299ee_36e11c56d336fd708d34ac37_0000000039685,-1,24.256927,10.863192
5d2709c303f801723c3299ee_36e11c56d336fd708d34ac37_0000000046798,-1,27.446648,9.037721
5d2709c303f801723c3299ee_36e11c56d336fd708d34ac37_0000000050497,-1,27.446648,9.037721
5d2709c303f801723c3299ee_36e11c56d336fd708d34ac37_0000000057811,-1,24.256927,10.863192
5d2709c303f801723c3299ee_36e11c56d336fd708d34ac37_0000000065061,-1,20.913593,9.946953
5d2709c303f801723c3299ee_36e11c56d336fd708d34ac37_0000000071827,-1,24.256927,10.863192
5d2709c303f801723c3299ee_36e11c56d336fd708d34ac37_0000000076482,-1,22.789824,11.432406
5d2709c303f801723c3299ee_36e11c56d336fd708d34ac37_0000000081990,-1,26.951515,15.742733
5d2709c303f801723c3299ee_3c612b99b0f6800992eacf43_0000000000008,0,2.522254,38.67741
5d2709c303f801723c3299ee_3c612b99b0f6800992eacf43_0000000005959,0,1.9108217,48.439476
5d2709c303f801723c3299ee_3c612b99b0f6800992eacf43_0000000012055,0,3.3603997000000003,55.45981
5d2709c303f801723c3299ee_3c612b99b0f6800992eacf43_0000000015850,0,3.3603997000000003,55.45981
5d2709c303f801723c3299ee_3c612b99b0f6800992eacf43_0000000018951,0,3.3603997000000003,55.45981
5d2709c303f801723c3299ee_3c612b99b0f6800992eacf43_0000000026872,0,4.877244999999999,49.755066
5d2709c303f801723c3299ee_3c612b99b0f6800992eacf43_0000000030114,0,3.7756114,45.780457
5d2709c303f801723c3299ee_3c612b99b0f6800992eacf43_0000000034683,0,1.9108217,48.439476
5d2709c303f801723c3299ee_3c612b99b0f6800992eacf43_0000000044623,0,3.3603997000000003,55.45981
5d2709c303f801723c3299ee_3c612b99b0f6800992eacf43_0000000047723,0,3.3603997000000003,55.45981
5d2709c303f801723c3299ee_3c612b99b0f6800992eacf43_0000000050377,0,3.3603997000000003,55.45981
5d2709c303f801723c3299ee_3c612b99b0f6800992eacf43_0000000059781,0,4.877244999999999,49.755066
5d2709c303f801723c3299ee_3c612b99b0f6800992eacf43_0000000063299,0,3.7756114,45.780457
5d2709c303f801723c3299ee_46c865d487fa011022507710_0000000000006,3,27.858898,111.943504
5d2709c303f801723c3299ee_46c865d487fa011022507710_0000000003518,3,27.33509,113.82899
5d2709c303f801723c3299ee_46c865d487fa011022507710_0000000007703,3,27.33509,113.82899
5d2709c303f801723c3299ee_46c865d487fa011022507710_0000000010629,3,27.33509,113.82899
5d2709c303f801723c3299ee_46c865d487fa011022507710_0000000018316,3,27.33509,113.82899
5d2709c303f801723c3299ee_46c865d487fa011022507710_0000000023107,3,27.858898,111.943504
5d2709c303f801723c3299ee_46c865d487fa011022507710_0000000027303,3,27.858898,111.943504
5d2709c303f801723c3299ee_46c865d487fa011022507710_0000000030355,3,30.905445,116.17744
5d2709c303f801723c3299ee_46c865d487fa011022507710_0000000033874,3,30.905445,116.17744
5d2709c303f801723c3299ee_46c865d487fa011022507710_0000000039055,3,30.905445,116.17744
5d2709c303f801723c3299ee_46c865d487fa011022507710_0000000047502,3,20.933815,112.911476
5d2709c303f801723c3299ee_46c865d487fa011022507710_0000000056518,3,30.905445,116.17744
5d2709c303f801723c3299ee_46c865d487fa011022507710_0000000065510,3,27.858898,111.943504
5d2709c303f801723c3299ee_46c865d487fa011022507710_0000000074523,3,27.33509,113.82899
5d2709c303f801723c3299ee_60bc1c7de6f805c28228b3fe_0000000000009,5,25.838423,13.072459
5d2709c303f801723c3299ee_60bc1c7de6f805c28228b3fe_0000000009196,5,36.09088,12.996674
5d2709c303f801723c3299ee_60bc1c7de6f805c28228b3fe_0000000016726,5,46.795795,13.345494
5d2709c303f801723c3299ee_60bc1c7de6f805c28228b3fe_0000000024889,5,57.741383,14.29171
5d2709c303f801723c3299ee_60bc1c7de6f805c28228b3fe_0000000031489,5,57.962680000000006,20.7353
5d2709c303f801723c3299ee_60bc1c7de6f805c28228b3fe_0000000033860,5,56.847862,23.400568
5d2709c303f801723c3299ee_60bc1c7de6f805c28228b3fe_0000000041049,5,56.36654,36.16144
5d2709c303f801723c3299ee_60bc1c7de6f805c28228b3fe_0000000043345,5,56.36654,36.16144
5d2709c303f801723c3299ee_60bc1c7de6f805c28228b3fe_0000000048691,5,57.168266,43.40236
5d2709c303f801723c3299ee_60bc1c7de6f805c28228b3fe_0000000051143,5,57.168266,43.40236
5d2709c303f801723c3299ee_60bc1c7de6f805c28228b3fe_0000000056094,5,56.27982,45.865494
5d2709c303f801723c3299ee_60bc1c7de6f805c28228b3fe_0000000061381,5,56.55689,53.250935
5d2709c303f801723c3299ee_659307d58a1bd977d58bc94f_0000000000006,-1,41.5,32.5
5d2709c303f801723c3299ee_659307d58a1bd977d58bc94f_0000000002846,-1,41.838142,29.35302
5d2709c303f801723c3299ee_659307d58a1bd977d58bc94f_0000000007391,-1,41.444466,26.161917000000003
5d2709c303f801723c3299ee_659307d58a1bd977d58bc94f_0000000011773,-1,42.299202,23.398619
5d2709c303f801723c3299ee_659307d58a1bd977d58bc94f_0000000020328,-1,34.5,28.0
5d2709c303f801723c3299ee_659307d58a1bd977d58bc94f_0000000026168,-1,29.576962,26.611311
5d2709c303f801723c3299ee_659307d58a1bd977d58bc94f_0000000034859,-1,35.0,30.0
5d2709c303f801723c3299ee_659307d58a1bd977d58bc94f_0000000040389,-1,38.0,29.0
5d2709c303f801723c3299ee_659307d58a1bd977d58bc94f_0000000045199,-1,40.5,30.0
5d2709c303f801723c3299ee_659307d58a1bd977d58bc94f_0000000050425,-1,41.5,32.5
5d2709c303f801723c3299ee_659307d58a1bd977d58bc94f_0000000053252,-1,43.529232,32.884170000000005
5d2709c303f801723c3299ee_659307d58a1bd977d58bc94f_0000000058539,-1,41.111458,35.186993
5d2709c303f801723c3299ee_659307d58a1bd977d58bc94f_0000000062795,-1,41.182667,37.345993
5d2709c303f801723c3299ee_659307d58a1bd977d58bc94f_0000000069711,-1,38.561134,36.74573
5d2709c303f801723c3299ee_659307d58a1bd977d58bc94f_0000000074113,-1,32.91017,37.448826
5d2709c303f801723c3299ee_659307d58a1bd977d58bc94f_0000000080964,-1,38.561134,36.74573
5d2709c303f801723c3299ee_659307d58a1bd977d58bc94f_0000000084018,-1,39.42649,38.527893
5d2709c303f801723c3299ee_659307d58a1bd977d58bc94f_0000000087978,-1,41.182667,37.345993
5d2709c303f801723c3299ee_659307d58a1bd977d58bc94f_0000000091139,-1,41.182667,37.345993
5d2709c303f801723c3299ee_659307d58a1bd977d58bc94f_0000000099454,-1,43.529232,32.884170000000005
5d2709c303f801723c3299ee_659307d58a1bd977d58bc94f_0000000105965,-1,41.838142,29.35302
5d2709c303f801723c3299ee_659307d58a1bd977d58bc94f_0000000112151,-1,38.0,29.0
5d2709c303f801723c3299ee_659307d58a1bd977d58bc94f_0000000115516,-1,35.0,30.0
5d2709c303f801723c3299ee_659307d58a1bd977d58bc94f_0000000119058,-1,35.0,30.0
5d2709c303f801723c3299ee_659307d58a1bd977d58bc94f_0000000125971,-1,32.10844,35.2138
5d2709c303f801723c3299ee_659307d58a1bd977d58bc94f_0000000133406,-1,32.91017,37.448826
5d2709c303f801723c3299ee_659307d58a1bd977d58bc94f_0000000140759,-1,32.207928,31.508274
5d2709c303f801723c3299ee_659307d58a1bd977d58bc94f_0000000146109,-1,33.0,28.0
5d2709c303f801723c3299ee_728aef201c2b68acc370b7f8_0000000000016,1,22.153208,45.563747
5d2709c303f801723c3299ee_728aef201c2b68acc370b7f8_0000000003395,1,25.72344,45.510857
5d2709c303f801723c3299ee_728aef201c2b68acc370b7f8_0000000008506,1,25.798868,43.31107
5d2709c303f801723c3299ee_728aef201c2b68acc370b7f8_0000000012344,1,25.798868,43.31107
5d2709c303f801723c3299ee_728aef201c2b68acc370b7f8_0000000017206,1,22.153208,45.563747
5d2709c303f801723c3299ee_728aef201c2b68acc370b7f8_0000000021586,1,22.565525,51.10156
5d2709c303f801723c3299ee_728aef201c2b68acc370b7f8_0000000026173,1,22.93382,56.61261700000001
5d2709c303f801723c3299ee_728aef201c2b68acc370b7f8_0000000034121,1,15.221798,56.36118
5d2709c303f801723c3299ee_728aef201c2b68acc370b7f8_0000000038826,1,15.434553,58.616337
5d2709c303f801723c3299ee_728aef201c2b68acc370b7f8_0000000044736,1,21.498888,58.53256
5d2709c303f801723c3299ee_728aef201c2b68acc370b7f8_0000000049121,1,28.281006,58.491142
5d2709c303f801723c3299ee_728aef201c2b68acc370b7f8_0000000053746,1,34.371532,59.337337
5d2709c303f801723c3299ee_728aef201c2b68acc370b7f8_0000000061850,1,44.170906,57.38462
5d2709c303f801723c3299ee_78790e6e6a7e658c5e25955f_0000000000007,-1,11.918638,28.54577
5d2709c303f801723c3299ee_78790e6e6a7e658c5e25955f_0000000002844,-1,12.310945,29.792864
5d2709c303f801723c3299ee_78790e6e6a7e658c5e25955f_0000000007255,-1,11.984201,33.814144
5d2709c303f801723c3299ee_78790e6e6a7e658c5e25955f_0000000011346,-1,13.7937155,37.24279
5d2709c303f801723c3299ee_78790e6e6a7e658c5e25955f_0000000016940,-1,14.121312,38.5392
5d2709c303f801723c3299ee_78790e6e6a7e658c5e25955f_0000000023279,-1,18.37634,39.650032
5d2709c303f801723c3299ee_78790e6e6a7e658c5e25955f_0000000027818,-1,18.37634,39.650032
5d2709c303f801723c3299ee_78790e6e6a7e658c5e25955f_0000000034757,-1,13.7937155,37.24279
5d2709c303f801723c3299ee_78790e6e6a7e658c5e25955f_0000000040147,-1,11.984201,33.814144
5d2709c303f801723c3299ee_78790e6e6a7e658c5e25955f_0000000044965,-1,12.310945,29.792864
5d2709c303f801723c3299ee_78790e6e6a7e658c5e25955f_0000000050483,-1,13.917284,26.11465
5d2709c303f801723c3299ee_78790e6e6a7e658c5e25955f_0000000057000,-1,17.115314,24.233152
5d2709c303f801723c3299ee_78790e6e6a7e658c5e25955f_0000000062663,-1,18.856386,25.710573
5d2709c303f801723c3299ee_78790e6e6a7e658c5e25955f_0000000065033,-1,22.979055,26.559196000000004
5d2709c303f801723c3299ee_78790e6e6a7e658c5e25955f_0000000069153,-1,22.979055,26.559196000000004
5d2709c303f801723c3299ee_78790e6e6a7e658c5e25955f_0000000073306,-1,24.579172,24.93052
5d2709c303f801723c3299ee_78790e6e6a7e658c5e25955f_0000000076785,-1,24.668257,22.502672
5d2709c303f801723c3299ee_7a9ed75a485605db82f143d5_0000000000007,-1,13.9062,11.885207
5d2709c303f801723c3299ee_7a9ed75a485605db82f143d5_0000000002345,-1,12.085406,14.241599
5d2709c303f801723c3299ee_7a9ed75a485605db82f143d5_0000000005521,-1,13.432613,17.807726000000002
5d2709c303f801723c3299ee_7a9ed75a485605db82f143d5_0000000009363,-1,13.713947,20.248695
5d2709c303f801723c3299ee_7a9ed75a485605db82f143d5_0000000012443,-1,17.115314,24.233152
5d2709c303f801723c3299ee_7a9ed75a485605db82f143d5_0000000018713,-1,17.497989999999998,25.83154
5d2709c303f801723c3299ee_7a9ed75a485605db82f143d5_0000000023704,-1,18.878916,32.373634
5d2709c303f801723c3299ee_7a9ed75a485605db82f143d5_0000000025882,-1,18.878916,32.373634
5d2709c303f801723c3299ee_7a9ed75a485605db82f143d5_0000000033492,-1,21.36901,28.599152
5d2709c303f801723c3299ee_7a9ed75a485605db82f143d5_0000000038031,-1,18.856386,25.710573
5d2709c303f801723c3299ee_7a9ed75a485605db82f143d5_0000000043659,-1,18.178438,22.006355
5d2709c303f801723c3299ee_7a9ed75a485605db82f143d5_0000000051658,-1,15.867419,12.669858
5d2709c303f801723c3299ee_7a9ed75a485605db82f143d5_0000000054598,-1,15.867419,12.669858
5d2709c303f801723c3299ee_7a9ed75a485605db82f143d5_0000000058122,-1,20.145514,11.679933
5d2709c303f801723c3299ee_7a9ed75a485605db82f143d5_0000000060422,-1,20.145514,11.679933
5d2709c303f801723c3299ee_7a9ed75a485605db82f143d5_0000000062650,-1,22.789824,11.432406
5d2709c303f801723c3299ee_7a9ed75a485605db82f143d5_0000000065844,-1,24.256927,10.863192
5d2709c303f801723c3299ee_7a9ed75a485605db82f143d5_0000000068933,-1,27.220695000000003,12.699449
5d2709c303f801723c3299ee_7a9ed75a485605db82f143d5_0000000072636,-1,30.704638,13.908335999999998
5d2709c303f801723c3299ee_7a9ed75a485605db82f143d5_0000000078870,-1,36.91205,12.763539
5d2709c303f801723c3299ee_7a9ed75a485605db82f143d5_0000000083424,-1,41.43606,13.9101515
5d2709c303f801723c3299ee_7a9ed75a485605db82f143d5_0000000086796,-1,41.43606,13.9101515
5d2709c303f801723c3299ee_7a9ed75a485605db82f143d5_0000000092169,-1,44.58786,18.13968
5d2709c303f801723c3299ee_7a9ed75a485605db82f143d5_0000000096266,-1,44.36035,22.219501
5d2709c303f801723c3299ee_9342f71811c45c856bf964c7_0000000000013,2,47.833702,114.14106
5d2709c303f801723c3299ee_9342f71811c45c856bf964c7_0000000001940,2,47.833702,114.14106
5d2709c303f801723c3299ee_9342f71811c45c856bf964c7_0000000008471,2,53.11162,119.61065
5d2709c303f801723c3299ee_9342f71811c45c856bf964c7_0000000012053,2,53.95456,123.226425
5d2709c303f801723c3299ee_9342f71811c45c856bf964c7_0000000013926,2,52.415104,124.586876
5d2709c303f801723c3299ee_9342f71811c45c856bf964c7_0000000016696,2,51.92218,127.5364
5d2709c303f801723c3299ee_9342f71811c45c856bf964c7_0000000019464,2,48.079285,127.919846
5d2709c303f801723c3299ee_9342f71811c45c856bf964c7_0000000020990,2,48.079285,127.919846
5d2709c303f801723c3299ee_9342f71811c45c856bf964c7_0000000025999,2,42.72183,126.188126
5d2709c303f801723c3299ee_9342f71811c45c856bf964c7_0000000027481,2,42.72183,126.188126
5d2709c303f801723c3299ee_9342f71811c45c856bf964c7_0000000032054,2,39.264927,122.45352
5d2709c303f801723c3299ee_9342f71811c45c856bf964c7_0000000039255,2,32.42418,119.805145
5d2709c303f801723c3299ee_9342f71811c45c856bf964c7_0000000046435,2,31.099545000000003,123.80748
5d2709c303f801723c3299ee_9342f71811c45c856bf964c7_0000000055752,2,42.72183,126.188126
5d2709c303f801723c3299ee_9342f71811c45c856bf964c7_0000000068088,2,31.099545000000003,123.80748
5d2709c303f801723c3299ee_9342f71811c45c856bf964c7_0000000077058,2,39.264927,122.45352
5d2709c303f801723c3299ee_9342f71811c45c856bf964c7_0000000085759,2,42.544136,115.79442
5d2709c303f801723c3299ee_9342f71811c45c856bf964c7_0000000091363,2,47.833702,114.14106
5d2709c303f801723c3299ee_9432b20a613c4c0a40993531_0000000000015,5,60.31726,17.864729999999998
5d2709c303f801723c3299ee_9432b20a613c4c0a40993531_0000000003097,5,61.384945,12.645664
5d2709c303f801723c3299ee_9432b20a613c4c0a40993531_0000000009310,5,57.741383,14.29171
5d2709c303f801723c3299ee_9432b20a613c4c0a40993531_0000000032453,5,56.847862,23.400568
5d2709c303f801723c3299ee_9432b20a613c4c0a40993531_0000000058700,5,56.36654,36.16144
5d2709c303f801723c3299ee_9432b20a613c4c0a40993531_0000000065585,5,57.168266,43.40236
5d2709c303f801723c3299ee_9432b20a613c4c0a40993531_0000000072585,5,56.55689,53.250935
5d2709c303f801723c3299ee_9432b20a613c4c0a40993531_0000000079215,5,55.866512,59.9897
5d2709c303f801723c3299ee_967b41cea41974071e36f31d_0000000000009,1,15.795867,145.1731
5d2709c303f801723c3299ee_967b41cea41974071e36f31d_0000000006091,1,15.468185,154.4207
5d2709c303f801723c3299ee_967b41cea41974071e36f31d_0000000011495,1,15.468185,154.4207
5d2709c303f801723c3299ee_967b41cea41974071e36f31d_0000000017307,1,15.795867,145.1731
5d2709c303f801723c3299ee_967b41cea41974071e36f31d_0000000022709,1,15.795867,145.1731
5d2709c303f801723c3299ee_967b41cea41974071e36f31d_0000000029680,1,16.07678,136.74483
5d2709c303f801723c3299ee_967b41cea41974071e36f31d_0000000033239,1,16.07678,136.74483
5d2709c303f801723c3299ee_967b41cea41974071e36f31d_0000000039503,1,16.07678,136.74483
5d2709c303f801723c3299ee_967b41cea41974071e36f31d_0000000046628,1,20.399374,132.03421
5d2709c303f801723c3299ee_967b41cea41974071e36f31d_0000000052625,1,17.062593,132.76468
5d2709c303f801723c3299ee_967b41cea41974071e36f31d_0000000057593,1,16.07678,136.74483
5d2709c303f801723c3299ee_967b41cea41974071e36f31d_0000000063211,1,16.07678,136.74483
5d2709c303f801723c3299ee_967b41cea41974071e36f31d_0000000069568,1,20.399374,132.03421
5d2709c303f801723c3299ee_9e014c6bd4f50e1256624ae5_0000000000008,4,14.35484,167.99715
5d2709c303f801723c3299ee_9e014c6bd4f50e1256624ae5_0000000002575,4,14.35484,167.99715
5d2709c303f801723c3299ee_9e014c6bd4f50e1256624ae5_0000000011654,4,23.55708,174.9144
5d2709c303f801723c3299ee_9e014c6bd4f50e1256624ae5_0000000020596,4,26.250938,185.83484
5d2709c303f801723c3299ee_9e014c6bd4f50e1256624ae5_0000000026130,4,24.97324,191.24811
5d2709c303f801723c3299ee_9e014c6bd4f50e1256624ae5_0000000032888,4,25.739931,203.48964
5d2709c303f801723c3299ee_9e014c6bd4f50e1256624ae5_0000000036059,4,25.739931,203.48964
5d2709c303f801723c3299ee_9e014c6bd4f50e1256624ae5_0000000039739,4,28.500357,204.95497
5d2709c303f801723c3299ee_9e014c6bd4f50e1256624ae5_0000000043252,4,32.410446,205.99521
5d2709c303f801723c3299ee_9e014c6bd4f50e1256624ae5_0000000046450,4,32.410446,205.99521
5d2709c303f801723c3299ee_9e014c6bd4f50e1256624ae5_0000000050120,4,38.326656,207.51653
5d2709c303f801723c3299ee_9e014c6bd4f50e1256624ae5_0000000053569,4,43.287575,205.51927
5d2709c303f801723c3299ee_9e014c6bd4f50e1256624ae5_0000000057376,4,47.04104,205.93178
5d2709c303f801723c3299ee_9e014c6bd4f50e1256624ae5_0000000061736,4,47.80397,204.5577
5d2709c303f801723c3299ee_9e014c6bd4f50e1256624ae5_0000000066145,4,53.884735,197.05194
5d2709c303f801723c3299ee_9e014c6bd4f50e1256624ae5_0000000071324,4,54.292725,192.99203
5d2709c303f801723c3299ee_9e014c6bd4f50e1256624ae5_0000000076576,4,49.9151,189.07674
5d2709c303f801723c3299ee_9e014c6bd4f50e1256624ae5_0000000087567,4,49.38703,182.44283
5d2709c303f801723c3299ee_9e014c6bd4f50e1256624ae5_0000000092424,4,47.007732,175.99194
5d2709c303f801723c3299ee_9e014c6bd4f50e1256624ae5_0000000097982,4,47.007732,175.99194
5d2709c303f801723c3299ee_9e014c6bd4f50e1256624ae5_0000000101841,4,40.692604,173.6731
5d2709c303f801723c3299ee_9e014c6bd4f50e1256624ae5_0000000104058,4,40.692604,173.6731
5d2709c303f801723c3299ee_9e014c6bd4f50e1256624ae5_0000000109262,4,39.893772,175.48894
5d2709c303f801723c3299ee_9e014c6bd4f50e1256624ae5_0000000115217,4,33.27309,176.81003
5d2709c303f801723c3299ee_9e014c6bd4f50e1256624ae5_0000000119904,4,28.849506,175.57076999999998
5d2709c303f801723c3299ee_9e014c6bd4f50e1256624ae5_0000000124423,4,23.55708,174.9144
5d2709c303f801723c3299ee_9e014c6bd4f50e1256624ae5_0000000128669,4,19.44964,171.58324
5d2709c303f801723c3299ee_9e014c6bd4f50e1256624ae5_0000000132731,4,19.44964,171.58324
5d2709c303f801723c3299ee_9e014c6bd4f50e1256624ae5_0000000136790,4,16.902567,167.34947
5d2709c303f801723c3299ee_a2627e7d41e7e1c686bb74f9_0000000000007,4,32.410446,205.99521
5d2709c303f801723c3299ee_a2627e7d41e7e1c686bb74f9_0000000003580,4,32.410446,205.99521
5d2709c303f801723c3299ee_a2627e7d41e7e1c686bb74f9_0000000008553,4,38.326656,207.51653
5d2709c303f801723c3299ee_a2627e7d41e7e1c686bb74f9_0000000016346,4,39.003605,201.47832
5d2709c303f801723c3299ee_a2627e7d41e7e1c686bb74f9_0000000019959,4,41.24448,198.74069
5d2709c303f801723c3299ee_a2627e7d41e7e1c686bb74f9_0000000023750,4,43.466877,194.32977
5d2709c303f801723c3299ee_a2627e7d41e7e1c686bb74f9_0000000026873,4,42.467632,191.80946
5d2709c303f801723c3299ee_a2627e7d41e7e1c686bb74f9_0000000030370,4,42.467632,191.80946
5d2709c303f801723c3299ee_a2627e7d41e7e1c686bb74f9_0000000033691,4,45.201843,187.3505
5d2709c303f801723c3299ee_a2627e7d41e7e1c686bb74f9_0000000044124,4,49.9151,189.07674
5d2709c303f801723c3299ee_a2627e7d41e7e1c686bb74f9_0000000048330,4,49.9151,189.07674
5d2709c303f801723c3299ee_a2627e7d41e7e1c686bb74f9_0000000053593,4,53.884735,197.05194
5d2709c303f801723c3299ee_a2627e7d41e7e1c686bb74f9_0000000056552,4,53.884735,197.05194
5d2709c303f801723c3299ee_a2627e7d41e7e1c686bb74f9_0000000058636,4,53.884735,197.05194
5d2709c303f801723c3299ee_a2627e7d41e7e1c686bb74f9_0000000062505,4,47.80397,204.5577
5d2709c303f801723c3299ee_a2627e7d41e7e1c686bb74f9_0000000065198,4,47.80397,204.5577
5d2709c303f801723c3299ee_a2627e7d41e7e1c686bb74f9_0000000068098,4,47.80397,204.5577
5d2709c303f801723c3299ee_a2627e7d41e7e1c686bb74f9_0000000069787,4,47.04104,205.93178
5d2709c303f801723c3299ee_a2627e7d41e7e1c686bb74f9_0000000078426,4,47.661404,209.41551
5d2709c303f801723c3299ee_a2627e7d41e7e1c686bb74f9_0000000080774,4,47.661404,209.41551
5d2709c303f801723c3299ee_a2627e7d41e7e1c686bb74f9_0000000087009,4,47.661404,209.41551
5d2709c303f801723c3299ee_a2627e7d41e7e1c686bb74f9_0000000095680,4,40.920795,204.20317
5d2709c303f801723c3299ee_a2627e7d41e7e1c686bb74f9_0000000101302,4,40.920795,204.20317
5d2709c303f801723c3299ee_a2627e7d41e7e1c686bb74f9_0000000104121,4,41.057186,201.13774
5d2709c303f801723c3299ee_a55eb4ea2b0556f96143f176_0000000000008,6,45.538887,101.159775
5d2709c303f801723c3299ee_a55eb4ea2b0556f96143f176_0000000003072,6,45.538887,101.159775
5d2709c303f801723c3299ee_a55eb4ea2b0556f96143f176_0000000011192,6,45.845676,95.505066
5d2709c303f801723c3299ee_a55eb4ea2b0556f96143f176_0000000018895,6,40.10517,91.52233
5d2709c303f801723c3299ee_a55eb4ea2b0556f96143f176_0000000025269,6,30.667624,91.1487
5d2709c303f801723c3299ee_a55eb4ea2b0556f96143f176_0000000032257,6,21.536991,90.38669
5d2709c303f801723c3299ee_a55eb4ea2b0556f96143f176_0000000038323,6,14.499594,89.27174000000001
5d2709c303f801723c3299ee_a55eb4ea2b0556f96143f176_0000000047506,6,16.177692,76.20782
5d2709c303f801723c3299ee_a55eb4ea2b0556f96143f176_0000000050423,6,16.177692,76.20782
5d2709c303f801723c3299ee_a55eb4ea2b0556f96143f176_0000000054672,6,15.854357,68.39962
5d2709c303f801723c3299ee_a55eb4ea2b0556f96143f176_0000000059762,6,16.433687,61.253130000000006
5d2709c303f801723c3299ee_a55eb4ea2b0556f96143f176_0000000064464,6,16.433687,61.253130000000006
5d2709c303f801723c3299ee_a55eb4ea2b0556f96143f176_0000000069026,6,16.686510000000002,54.461490000000005
5d2709c303f801723c3299ee_a55eb4ea2b0556f96143f176_0000000072818,6,25.77161,54.108425
5d2709c303f801723c3299ee_ae4af47ef601ee8664a18778_0000000000009,4,44.60862,48.20665
5d2709c303f801723c3299ee_ae4af47ef601ee8664a18778_0000000014503,4,43.91765,60.7535
5d2709c303f801723c3299ee_ae4af47ef601ee8664a18778_0000000019393,4,51.695305,62.27826700000001
5d2709c303f801723c3299ee_ae4af47ef601ee8664a18778_0000000026058,4,51.695305,62.27826700000001
5d2709c303f801723c3299ee_ae4af47ef601ee8664a18778_0000000038213,4,43.91765,60.7535
5d2709c303f801723c3299ee_ae4af47ef601ee8664a18778_0000000044857,4,51.695305,62.27826700000001
5d2709c303f801723c3299ee_ae4af47ef601ee8664a18778_0000000054236,4,44.923595,59.539497
5d2709c303f801723c3299ee_ae4af47ef601ee8664a18778_0000000061921,4,36.82555,59.35651800000001
5d2709c303f801723c3299ee_ae4af47ef601ee8664a18778_0000000067287,4,28.665453000000003,59.123886
5d2709c303f801723c3299ee_ae4af47ef601ee8664a18778_0000000072354,4,23.371313,58.02665699999999
5d2709c303f801723c3299ee_ae4af47ef601ee8664a18778_0000000079214,4,19.027996,60.138542
5d2709c303f801723c3299ee_c1bee305c2d4212c18c91e4e_0000000000015,1,25.72344,45.510857
5d2709c303f801723c3299ee_c1bee305c2d4212c18c91e4e_0000000002895,1,25.798868,43.31107
5d2709c303f801723c3299ee_c1bee305c2d4212c18c91e4e_0000000006237,1,25.798868,43.31107
5d2709c303f801723c3299ee_c1bee305c2d4212c18c91e4e_0000000010749,1,30.2678,36.845566
5d2709c303f801723c3299ee_c1bee305c2d4212c18c91e4e_0000000016231,1,30.295305,28.722652000000004
5d2709c303f801723c3299ee_c1bee305c2d4212c18c91e4e_0000000023185,1,26.485191,19.938362
5d2709c303f801723c3299ee_c1bee305c2d4212c18c91e4e_0000000027098,1,25.11622,12.343586
5d2709c303f801723c3299ee_c1bee305c2d4212c18c91e4e_0000000030568,1,25.11622,12.343586
5d2709c303f801723c3299ee_c1bee305c2d4212c18c91e4e_0000000039033,1,21.911316,9.306546
5d2709c303f801723c3299ee_c1bee305c2d4212c18c91e4e_0000000043864,1,21.911316,9.306546
5d2709c303f801723c3299ee_c1bee305c2d4212c18c91e4e_0000000054123,1,15.973428,9.292707
5d2709c303f801723c3299ee_c1bee305c2d4212c18c91e4e_0000000060778,1,15.973428,9.292707
5d2709c303f801723c3299ee_cb9399bab0ead661258086ae_0000000000008,1,46.824043,21.682467000000003
5d2709c303f801723c3299ee_cb9399bab0ead661258086ae_0000000005622,1,46.198315,13.4857435
5d2709c303f801723c3299ee_cb9399bab0ead661258086ae_0000000008688,1,45.36061,11.41219
5d2709c303f801723c3299ee_cb9399bab0ead661258086ae_0000000021614,1,46.824043,21.682467000000003
5d2709c303f801723c3299ee_cb9399bab0ead661258086ae_0000000029906,1,45.29717,28.909851
5d2709c303f801723c3299ee_cb9399bab0ead661258086ae_0000000036498,1,44.879944,37.65776
5d2709c303f801723c3299ee_cb9399bab0ead661258086ae_0000000041905,1,45.328255,44.60866
5d2709c303f801723c3299ee_cb9399bab0ead661258086ae_0000000047950,1,44.59534,51.896942
5d2709c303f801723c3299ee_cb9399bab0ead661258086ae_0000000053811,1,44.170906,57.38462
5d2709c303f801723c3299ee_cb9399bab0ead661258086ae_0000000060574,1,44.59534,51.896942
5d2709c303f801723c3299ee_cb9399bab0ead661258086ae_0000000066548,1,45.328255,44.60866
5d2709c303f801723c3299ee_cb9399bab0ead661258086ae_0000000074603,1,44.879944,37.65776
5d2709c303f801723c3299ee_cb9399bab0ead661258086ae_0000000082116,1,45.29717,28.909851
5d2709c303f801723c3299ee_cb9399bab0ead661258086ae_0000000088673,1,46.824043,21.682467000000003
5d2709c303f801723c3299ee_cb9399bab0ead661258086ae_0000000096837,1,46.198315,13.4857435
5d2709c303f801723c3299ee_cebe97fd2e7949b281656193_0000000000007,-1,19.096865,45.479614
5d2709c303f801723c3299ee_cebe97fd2e7949b281656193_0000000003297,-1,22.326292,50.802155
5d2709c303f801723c3299ee_cebe97fd2e7949b281656193_0000000008734,-1,25.825426,49.426193
5d2709c303f801723c3299ee_cebe97fd2e7949b281656193_0000000016609,-1,21.996866,54.462303000000006
5d2709c303f801723c3299ee_cebe97fd2e7949b281656193_0000000021139,-1,16.36019,52.971153
5d2709c303f801723c3299ee_cebe97fd2e7949b281656193_0000000023761,-1,14.447287,51.89274
5d2709c303f801723c3299ee_cebe97fd2e7949b281656193_0000000027393,-1,14.447287,51.89274
5d2709c303f801723c3299ee_cebe97fd2e7949b281656193_0000000032943,-1,19.096865,45.479614
5d2709c303f801723c3299ee_cebe97fd2e7949b281656193_0000000038758,-1,22.166872,43.627514
5d2709c303f801723c3299ee_cebe97fd2e7949b281656193_0000000048710,-1,19.096865,45.479614
5d2709c303f801723c3299ee_cebe97fd2e7949b281656193_0000000056721,-1,22.326292,50.802155
5d2709c303f801723c3299ee_cebe97fd2e7949b281656193_0000000061859,-1,22.422697,52.065834
5d2709c303f801723c3299ee_cebe97fd2e7949b281656193_0000000067325,-1,17.645021,51.030056
5d2709c303f801723c3299ee_cebe97fd2e7949b281656193_0000000071581,-1,17.645021,51.030056
5d2709c303f801723c3299ee_cebe97fd2e7949b281656193_0000000076189,-1,15.650798000000002,45.13869
5d2709c303f801723c3299ee_cebe97fd2e7949b281656193_0000000082179,-1,19.096865,45.479614
5d2709c303f801723c3299ee_cebe97fd2e7949b281656193_0000000086949,-1,22.166872,43.627514
5d2709c303f801723c3299ee_dc5f905014579b7fb857d2f0_0000000000007,4,24.698334,60.26493000000001
5d2709c303f801723c3299ee_dc5f905014579b7fb857d2f0_0000000006317,4,23.371313,58.02665699999999
5d2709c303f801723c3299ee_dc5f905014579b7fb857d2f0_0000000012395,4,19.027996,60.138542
5d2709c303f801723c3299ee_dc5f905014579b7fb857d2f0_0000000014822,4,19.027996,60.138542
5d2709c303f801723c3299ee_dc5f905014579b7fb857d2f0_0000000019957,4,11.853544,50.715140000000005
5d2709c303f801723c3299ee_dc5f905014579b7fb857d2f0_0000000025193,4,19.461475,43.7673
5d2709c303f801723c3299ee_dc5f905014579b7fb857d2f0_0000000035190,4,13.779659,33.167694
5d2709c303f801723c3299ee_dc5f905014579b7fb857d2f0_0000000042190,4,14.53224,23.849445000000003
5d2709c303f801723c3299ee_dc5f905014579b7fb857d2f0_0000000049842,4,15.275979,16.346687
5d2709c303f801723c3299ee_dc5f905014579b7fb857d2f0_0000000055803,4,19.108835,12.451417
5d2709c303f801723c3299ee_dc5f905014579b7fb857d2f0_0000000061664,4,24.731752,13.977903
5d2709c303f801723c3299ee_de9160a4b1db66a453ebfb68_0000000000009,2,24.667593,76.50228
5d2709c303f801723c3299ee_de9160a4b1db66a453ebfb68_0000000003911,2,28.79135,75.94304
5d2709c303f801723c3299ee_de9160a4b1db66a453ebfb68_0000000008761,2,32.666046,76.44712
5d2709c303f801723c3299ee_de9160a4b1db66a453ebfb68_0000000015547,2,32.666046,76.44712
5d2709c303f801723c3299ee_de9160a4b1db66a453ebfb68_0000000021984,2,35.55148,84.94107
5d2709c303f801723c3299ee_de9160a4b1db66a453ebfb68_0000000026446,2,32.255146,83.5371
5d2709c303f801723c3299ee_de9160a4b1db66a453ebfb68_0000000035244,2,28.79135,75.94304
5d2709c303f801723c3299ee_de9160a4b1db66a453ebfb68_0000000041224,2,25.115606,69.96075
5d2709c303f801723c3299ee_de9160a4b1db66a453ebfb68_0000000050410,2,32.666046,76.44712
5d2709c303f801723c3299ee_de9160a4b1db66a453ebfb68_0000000056662,2,32.255146,83.5371
5d2709c303f801723c3299ee_de9160a4b1db66a453ebfb68_0000000062690,2,32.255146,83.5371
5d2709c303f801723c3299ee_de9160a4b1db66a453ebfb68_0000000068891,2,35.865414,76.13228000000001
5d2709c303f801723c3299ee_de9160a4b1db66a453ebfb68_0000000073838,2,35.865414,76.13228000000001
5d2709c303f801723c3299ee_de9160a4b1db66a453ebfb68_0000000085956,2,32.666046,76.44712
5d2709c303f801723c3299ee_de9160a4b1db66a453ebfb68_0000000095282,2,25.115606,69.96075
5d2709c303f801723c3299ee_de9160a4b1db66a453ebfb68_0000000106257,2,24.667593,76.50228
5d2709c303f801723c3299ee_de9160a4b1db66a453ebfb68_0000000110922,2,27.719946000000004,79.7343
5d2709c303f801723c3299ee_de9160a4b1db66a453ebfb68_0000000117901,2,32.255146,83.5371
5d2709c303f801723c3299ee_de9160a4b1db66a453ebfb68_0000000133990,2,35.55148,84.94107
5d2709c303f801723c3299ee_de9160a4b1db66a453ebfb68_0000000142882,2,32.666046,76.44712
5d2709c303f801723c3299ee_de9160a4b1db66a453ebfb68_0000000150672,2,32.666046,76.44712
5d2709c303f801723c3299ee_de9160a4b1db66a453ebfb68_0000000160209,2,22.920023,84.977165
5d2709c303f801723c3299ee_de9160a4b1db66a453ebfb68_0000000167111,2,32.255146,83.5371
5d2709c303f801723c3299ee_de9160a4b1db66a453ebfb68_0000000175095,2,27.719946000000004,79.7343
5d2709c303f801723c3299ee_de9160a4b1db66a453ebfb68_0000000183334,2,25.115606,69.96075
5d2709c303f801723c3299ee_dffd0a427bc76233ef658a1d_0000000000006,3,13.947534,51.257378
5d2709c303f801723c3299ee_dffd0a427bc76233ef658a1d_0000000003919,3,18.547262,58.78197
5d2709c303f801723c3299ee_dffd0a427bc76233ef658a1d_0000000006840,3,18.547262,58.78197
5d2709c303f801723c3299ee_dffd0a427bc76233ef658a1d_0000000010979,3,18.547262,58.78197
5d2709c303f801723c3299ee_dffd0a427bc76233ef658a1d_0000000015158,3,25.24898,58.82912
5d2709c303f801723c3299ee_dffd0a427bc76233ef658a1d_0000000016949,3,25.24898,58.82912
5d2709c303f801723c3299ee_dffd0a427bc76233ef658a1d_0000000020769,3,28.870523,60.15176999999999
5d2709c303f801723c3299ee_dffd0a427bc76233ef658a1d_0000000024424,3,33.618526,59.12805600000001
5d2709c303f801723c3299ee_dffd0a427bc76233ef658a1d_0000000026696,3,35.942417,60.190594
5d2709c303f801723c3299ee_dffd0a427bc76233ef658a1d_0000000030166,3,40.22457,59.45286
5d2709c303f801723c3299ee_dffd0a427bc76233ef658a1d_0000000032494,3,40.22457,59.45286
5d2709c303f801723c3299ee_dffd0a427bc76233ef658a1d_0000000036519,3,46.05905,59.43281
5d2709c303f801723c3299ee_dffd0a427bc76233ef658a1d_0000000039399,3,46.05905,59.43281
5d2709c303f801723c3299ee_dffd0a427bc76233ef658a1d_0000000041828,3,49.36189,60.694687
5d2709c303f801723c3299ee_dffd0a427bc76233ef658a1d_0000000045394,3,51.747417,59.843445
5d2709c303f801723c3299ee_dffd0a427bc76233ef658a1d_0000000048025,3,51.747417,59.843445
5d2709c303f801723c3299ee_dffd0a427bc76233ef658a1d_0000000057634,3,57.09748,46.19959
5d2709c303f801723c3299ee_dffd0a427bc76233ef658a1d_0000000062900,3,57.440308,38.583538
5d2709c303f801723c3299ee_dffd0a427bc76233ef658a1d_0000000068627,3,57.86258,30.865223
5d2709c303f801723c3299ee_dffd0a427bc76233ef658a1d_0000000072795,3,57.86258,30.865223
5d2709c303f801723c3299ee_dffd0a427bc76233ef658a1d_0000000074595,3,58.349487,25.325829
5d2709c303f801723c3299ee_dffd0a427bc76233ef658a1d_0000000082489,3,61.150780000000005,17.68896
5d2709c303f801723c3299ee_fa4d3f7e66fdb499255ddaf8_0000000000017,0,42.767140000000005,187.21294
5d2709c303f801723c3299ee_fa4d3f7e66fdb499255ddaf8_0000000002274,0,42.6302,190.19582
5d2709c303f801723c3299ee_fa4d3f7e66fdb499255ddaf8_0000000007763,0,46.95224,189.71976
5d2709c303f801723c3299ee_fa4d3f7e66fdb499255ddaf8_0000000013312,0,45.103640000000006,186.60103
5d2709c303f801723c3299ee_fa4d3f7e66fdb499255ddaf8_0000000020452,0,44.484444,193.62221
5d2709c303f801723c3299ee_fa4d3f7e66fdb499255ddaf8_0000000029111,0,43.475178,206.19669
5d2709c303f801723c3299ee_fa4d3f7e66fdb499255ddaf8_0000000039122,0,31.33274,205.92503
5d2709c303f801723c3299ee_fa4d3f7e66fdb499255ddaf8_0000000046104,0,21.20311,200.71494
5d2709c303f801723c3299ee_fa4d3f7e66fdb499255ddaf8_0000000049583,0,22.12368,196.87682
5d2709c303f801723c3299ee_fa4d3f7e66fdb499255ddaf8_0000000055393,0,14.608660999999998,195.45293
5d2709c303f801723c3299ee_fa4d3f7e66fdb499255ddaf8_0000000060414,0,12.043266,189.99452
5d2709c303f801723c3299ee_fa4d3f7e66fdb499255ddaf8_0000000064616,0,8.684041,186.03125
5d2709c303f801723c3299ee_fa4d3f7e66fdb499255ddaf8_0000000066874,0,7.509742,183.9983
5d2709c303f801723c3299ee_fa4d3f7e66fdb499255ddaf8_0000000071871,0,7.594865299999999,178.40648000000002
5d2709c303f801723c3299ee_fa4d3f7e66fdb499255ddaf8_0000000078791,0,3.5911524,182.30464
5d2709c303f801723c3299ee_fa4d3f7e66fdb499255ddaf8_0000000086120,0,7.509742,183.9983
5d2709c303f801723c3299ee_fbfbf091d226818a4fc3516c_0000000000007,0,44.52676,18.887781
5d2709c303f801723c3299ee_fbfbf091d226818a4fc3516c_0000000004730,0,44.32447,23.923355
5d2709c303f801723c3299ee_fbfbf091d226818a4fc3516c_0000000008578,0,44.52676,18.887781
5d2709c303f801723c3299ee_fbfbf091d226818a4fc3516c_0000000016855,0,45.848133,21.54701
5d2709c303f801723c3299ee_fbfbf091d226818a4fc3516c_0000000023851,0,45.459,27.421614
5d2709c303f801723c3299ee_fbfbf091d226818a4fc3516c_0000000027923,0,45.900776,31.539816
5d2709c303f801723c3299ee_fbfbf091d226818a4fc3516c_0000000031470,0,45.75988,35.041508
5d2709c303f801723c3299ee_fbfbf091d226818a4fc3516c_0000000035165,0,44.695805,39.848938
5d2709c303f801723c3299ee_fbfbf091d226818a4fc3516c_0000000043441,0,43.92862,46.0057
5d2709c303f801723c3299ee_fbfbf091d226818a4fc3516c_0000000047071,0,44.6478,49.39119
5d2709c303f801723c3299ee_fbfbf091d226818a4fc3516c_0000000054782,0,43.966682,59.34731
5d2709c303f801723c3299ee_fbfbf091d226818a4fc3516c_0000000060535,0,45.8908,62.16811
5d2709c303f801723c3299ee_fca68c2a470d254cece58870_0000000000009,2,25.670376,174.04921000000002
5d2709c303f801723c3299ee_fca68c2a470d254cece58870_0000000009549,2,26.21837,183.5785
5d2709c303f801723c3299ee_fca68c2a470d254cece58870_0000000017215,2,25.770979,194.37405
5d2709c303f801723c3299ee_fca68c2a470d254cece58870_0000000024011,2,24.744785,203.00482
5d2709c303f801723c3299ee_fca68c2a470d254cece58870_0000000033444,2,15.102877,202.95305
5d2709c303f801723c3299ee_fca68c2a470d254cece58870_0000000035821,2,15.102877,202.95305
5d2709c303f801723c3299ee_fca68c2a470d254cece58870_0000000039081,2,15.102877,202.95305
5d2709c303f801723c3299ee_fca68c2a470d254cece58870_0000000049314,2,15.815466,193.63072
5d2709c303f801723c3299ee_fca68c2a470d254cece58870_0000000055918,2,16.085363,182.52948
5d2709c303f801723c3299ee_fca68c2a470d254cece58870_0000000063734,2,17.064870000000003,172.93623
5d2709c303f801723c3299ee_fca68c2a470d254cece58870_0000000070667,2,14.287373,169.01994
5d2709c303f801723c3299ee_fca68c2a470d254cece58870_0000000078648,2,19.171356,170.01248
5d2709c303f801723c3299ee_fca68c2a470d254cece58870_0000000083468,2,19.171356,170.01248
5d2709c303f801723c3299ee_fca68c2a470d254cece58870_0000000089730,2,17.064870000000003,172.93623
5d2709d403f801723c32bd39_06882da3694b7160c0f105f5_0000000000009,0,89.10000000000002,130.51666666666665
5d2709d403f801723c32bd39_06882da3694b7160c0f105f5_0000000005694,0,88.3,126.68333333333332
5d2709d403f801723c32bd39_06882da3694b7160c0f105f5_0000000007901,0,87.9,124.76666666666668
5d2709d403f801723c32bd39_06882da3694b7160c0f105f5_0000000014667,0,84.17777777777778,119.26666666666664
5d2709d403f801723c32bd39_06882da3694b7160c0f105f5_0000000020874,0,83.485176,115.81006
5d2709d403f801723c32bd39_06882da3694b7160c0f105f5_0000000025685,0,83.01658,113.88791
5d2709d403f801723c32bd39_06882da3694b7160c0f105f5_0000000029112,0,82.81662,110.80696
5d2709d403f801723c32bd39_06882da3694b7160c0f105f5_0000000032196,0,82.25121,107.23664
5d2709d403f801723c32bd39_06882da3694b7160c0f105f5_0000000035680,0,82.25121,107.23664
5d2709d403f801723c32bd39_06882da3694b7160c0f105f5_0000000039126,0,82.25121,107.23664
5d2709d403f801723c32bd39_06882da3694b7160c0f105f5_0000000041937,0,81.588585,103.25019
5d2709d403f801723c32bd39_06882da3694b7160c0f105f5_0000000044084,0,81.588585,103.25019
5d2709d403f801723c32bd39_06882da3694b7160c0f105f5_0000000047934,0,81.588585,103.25019
5d2709d403f801723c32bd39_06882da3694b7160c0f105f5_0000000054695,0,82.25121,107.23664
5d2709d403f801723c32bd39_06882da3694b7160c0f105f5_0000000058325,0,82.25121,107.23664
5d2709d403f801723c32bd39_06882da3694b7160c0f105f5_0000000060922,0,82.81662,110.80696
5d2709d403f801723c32bd39_06882da3694b7160c0f105f5_0000000064536,0,85.22972,113.302765
5d2709d403f801723c32bd39_06882da3694b7160c0f105f5_0000000068429,0,85.42566,115.49095
5d2709d403f801723c32bd39_06882da3694b7160c0f105f5_0000000072373,0,86.30000000000001,117.1
5d2709d403f801723c32bd39_06882da3694b7160c0f105f5_0000000078236,0,87.10000000000001,120.93333333333334
5d2709d403f801723c32bd39_06882da3694b7160c0f105f5_0000000086177,0,91.31111111111112,126.23333333333332
5d2709d403f801723c32bd39_06882da3694b7160c0f105f5_0000000101831,0,84.45555555555556,121.23333333333332
5d2709d403f801723c32bd39_06882da3694b7160c0f105f5_0000000109527,0,80.24271999999999,115.87977
5d2709d403f801723c32bd39_06882da3694b7160c0f105f5_0000000116568,0,83.01658,113.88791
5d2709d403f801723c32bd39_06882da3694b7160c0f105f5_0000000124212,0,82.81662,110.80696
5d2709d403f801723c32bd39_06882da3694b7160c0f105f5_0000000131791,0,82.25121,107.23664
5d2709d403f801723c32bd39_06882da3694b7160c0f105f5_0000000138027,0,78.55452,107.456696
5d2709d403f801723c32bd39_06882da3694b7160c0f105f5_0000000144358,0,81.588585,103.25019
5d2709d403f801723c32bd39_07db4eec1fc8df5040d86602_0000000000012,-1,81.7817,24.747046
5d2709d403f801723c32bd39_07db4eec1fc8df5040d86602_0000000004605,-1,79.221695,23.132303
5d2709d403f801723c32bd39_07db4eec1fc8df5040d86602_0000000018456,-1,82.0809,16.075525
5d2709d403f801723c32bd39_07db4eec1fc8df5040d86602_0000000025952,-1,80.16505,15.956232
5d2709d403f801723c32bd39_07db4eec1fc8df5040d86602_0000000037009,-1,79.221695,23.132303
5d2709d403f801723c32bd39_07db4eec1fc8df5040d86602_0000000044665,-1,85.14739,24.96295
5d2709d403f801723c32bd39_07db4eec1fc8df5040d86602_0000000061914,-1,88.3318,29.373896
5d2709d403f801723c32bd39_07db4eec1fc8df5040d86602_0000000068808,-1,88.04661999999999,33.893066
5d2709d403f801723c32bd39_07db4eec1fc8df5040d86602_0000000081161,-1,82.5,34.5
5d2709d403f801723c32bd39_07db4eec1fc8df5040d86602_0000000087909,-1,76.5,35.5
5d2709d403f801723c32bd39_07db4eec1fc8df5040d86602_0000000094380,-1,76.5,35.5
5d2709d403f801723c32bd39_07db4eec1fc8df5040d86602_0000000101576,-1,70.0,37.5
5d2709d403f801723c32bd39_07db4eec1fc8df5040d86602_0000000109243,-1,67.5,32.0
5d2709d403f801723c32bd39_07db4eec1fc8df5040d86602_0000000114674,-1,66.320724,29.522032
5d2709d403f801723c32bd39_0a5c442ffa2664e89e18262d_0000000000007,-1,113.37518,111.07878999999998
5d2709d403f801723c32bd39_0a5c442ffa2664e89e18262d_0000000005284,-1,113.37518,111.07878999999998
5d2709d403f801723c32bd39_0a5c442ffa2664e89e18262d_0000000018509,-1,121.959526,117.93566
5d2709d403f801723c32bd39_0a5c442ffa2664e89e18262d_0000000024798,-1,123.613914,120.80775
5d2709d403f801723c32bd39_0a5c442ffa2664e89e18262d_0000000032718,-1,127.53454,125.05257
5d2709d403f801723c32bd39_0a5c442ffa2664e89e18262d_0000000038783,-1,129.59968999999998,128.4428
5d2709d403f801723c32bd39_0a5c442ffa2664e89e18262d_0000000044610,-1,129.59968999999998,128.4428
5d2709d403f801723c32bd39_0a5c442ffa2664e89e18262d_0000000051136,-1,132.39735,132.57074
5d2709d403f801723c32bd39_0a5c442ffa2664e89e18262d_0000000058151,-1,128.45042,135.65778
5d2709d403f801723c32bd39_0a5c442ffa2664e89e18262d_0000000063715,-1,128.45042,135.65778
5d2709d403f801723c32bd39_0a5c442ffa2664e89e18262d_0000000070175,-1,126.201126,141.29051
5d2709d403f801723c32bd39_0a5c442ffa2664e89e18262d_0000000076638,-1,121.45529,143.06873000000002
5d2709d403f801723c32bd39_0a5c442ffa2664e89e18262d_0000000082938,-1,117.15011,145.58125
5d2709d403f801723c32bd39_0a5c442ffa2664e89e18262d_0000000087482,-1,117.15011,145.58125
5d2709d403f801723c32bd39_0a5c442ffa2664e89e18262d_0000000100670,-1,114.63393,140.75941
5d2709d403f801723c32bd39_0a5c442ffa2664e89e18262d_0000000108753,-1,118.71511,138.81856000000002
5d2709d403f801723c32bd39_0a5c442ffa2664e89e18262d_0000000115513,-1,120.78072,134.25453000000002
5d2709d403f801723c32bd39_0a5c442ffa2664e89e18262d_0000000121255,-1,128.45042,135.65778
5d2709d403f801723c32bd39_0a5c442ffa2664e89e18262d_0000000128640,-1,128.45042,135.65778
5d2709d403f801723c32bd39_0a5c442ffa2664e89e18262d_0000000132200,-1,132.39735,132.57074
5d2709d403f801723c32bd39_0a5c442ffa2664e89e18262d_0000000140643,-1,134.88875,130.61868
5d2709d403f801723c32bd39_0a5c442ffa2664e89e18262d_0000000145939,-1,137.28035,128.46081999999998
5d2709d403f801723c32bd39_0a5c442ffa2664e89e18262d_0000000157372,-1,134.20496,125.8514
5d2709d403f801723c32bd39_0a5c442ffa2664e89e18262d_0000000161769,-1,129.38826,120.809616
5d2709d403f801723c32bd39_0a5c442ffa2664e89e18262d_0000000169497,-1,129.38826,120.809616
5d2709d403f801723c32bd39_0a5c442ffa2664e89e18262d_0000000173446,-1,123.613914,120.80775
5d2709d403f801723c32bd39_0a5c442ffa2664e89e18262d_0000000178061,-1,121.959526,117.93566
5d2709d403f801723c32bd39_0a5c442ffa2664e89e18262d_0000000185706,-1,118.81595,113.95552
5d2709d403f801723c32bd39_0a5c442ffa2664e89e18262d_0000000195545,-1,115.02907,116.970604
5d2709d403f801723c32bd39_0a5c442ffa2664e89e18262d_0000000207668,-1,118.45341,121.20363
5d2709d403f801723c32bd39_0a5c442ffa2664e89e18262d_0000000217414,-1,119.74502,123.926506
5d2709d403f801723c32bd39_0a5c442ffa2664e89e18262d_0000000227754,-1,120.48042,129.23232
5d2709d403f801723c32bd39_0a5c442ffa2664e89e18262d_0000000233593,-1,123.23316,132.84615
5d2709d403f801723c32bd39_0a5c442ffa2664e89e18262d_0000000240720,-1,123.23316,132.84615
5d2709d403f801723c32bd39_0a5c442ffa2664e89e18262d_0000000257690,-1,126.201126,141.29051
5d2709d403f801723c32bd39_0a5c442ffa2664e89e18262d_0000000268907,-1,123.23316,132.84615
5d2709d403f801723c32bd39_0a5c442ffa2664e89e18262d_0000000275879,-1,123.404366,128.13515
5d2709d403f801723c32bd39_0a5c442ffa2664e89e18262d_0000000282963,-1,123.404366,128.13515
5d2709d403f801723c32bd39_0a5c442ffa2664e89e18262d_0000000289843,-1,119.74502,123.926506
5d2709d403f801723c32bd39_0a5c442ffa2664e89e18262d_0000000298835,-1,118.45341,121.20363
5d2709d403f801723c32bd39_0a5c442ffa2664e89e18262d_0000000309009,-1,121.959526,117.93566
5d2709d403f801723c32bd39_0a5c442ffa2664e89e18262d_0000000316652,-1,118.81595,113.95552
5d2709d403f801723c32bd39_0df4917338687fdbc93448f5_0000000000014,-1,65.72435,107.2091
5d2709d403f801723c32bd39_0df4917338687fdbc93448f5_0000000004275,-1,65.3985,111.58712
5d2709d403f801723c32bd39_0df4917338687fdbc93448f5_0000000006440,-1,65.3985,111.58712
5d2709d403f801723c32bd39_0df4917338687fdbc93448f5_0000000010932,-1,61.125088,116.77788
5d2709d403f801723c32bd39_0df4917338687fdbc93448f5_0000000014704,-1,58.795036,116.15339
5d2709d403f801723c32bd39_0df4917338687fdbc93448f5_0000000018389,-1,55.741226,119.81378
5d2709d403f801723c32bd39_0df4917338687fdbc93448f5_0000000022188,-1,54.00196,122.20687
5d2709d403f801723c32bd39_0df4917338687fdbc93448f5_0000000024291,-1,54.00196,122.20687
5d2709d403f801723c32bd39_0df4917338687fdbc93448f5_0000000032553,-1,54.00196,122.20687
5d2709d403f801723c32bd39_0df4917338687fdbc93448f5_0000000035690,-1,54.00196,122.20687
5d2709d403f801723c32bd39_0df4917338687fdbc93448f5_0000000038709,-1,55.741226,119.81378
5d2709d403f801723c32bd39_0df4917338687fdbc93448f5_0000000040696,-1,55.741226,119.81378
5d2709d403f801723c32bd39_0df4917338687fdbc93448f5_0000000043305,-1,58.795036,116.15339
5d2709d403f801723c32bd39_0df4917338687fdbc93448f5_0000000045949,-1,58.795036,116.15339
5d2709d403f801723c32bd39_0df4917338687fdbc93448f5_0000000049292,-1,58.795036,116.15339
5d2709d403f801723c32bd39_0df4917338687fdbc93448f5_0000000053596,-1,62.63105,111.23117
5d2709d403f801723c32bd39_0df4917338687fdbc93448f5_0000000057030,-1,62.63105,111.23117
5d2709d403f801723c32bd39_0df4917338687fdbc93448f5_0000000060652,-1,65.3985,111.58712
5d2709d403f801723c32bd39_0df4917338687fdbc93448f5_0000000068086,-1,62.63105,111.23117
5d2709d403f801723c32bd39_0df4917338687fdbc93448f5_0000000072393,-1,58.795036,116.15339
5d2709d403f801723c32bd39_0df4917338687fdbc93448f5_0000000075907,-1,58.795036,116.15339
5d2709d403f801723c32bd39_0df4917338687fdbc93448f5_0000000079709,-1,55.741226,119.81378
5d2709d403f801723c32bd39_0df4917338687fdbc93448f5_0000000083561,-1,55.741226,119.81378
5d2709d403f801723c32bd39_0df4917338687fdbc93448f5_0000000088117,-1,54.00196,122.20687
5d2709d403f801723c32bd39_0fee6e9fd162d281b15c11df_0000000000007,-1,169.70102,74.35611
5d2709d403f801723c32bd39_0fee6e9fd162d281b15c11df_0000000011461,-1,163.6906,76.35889
5d2709d403f801723c32bd39_0fee6e9fd162d281b15c11df_0000000017886,-1,159.03513999999998,76.24851
5d2709d403f801723c32bd39_0fee6e9fd162d281b15c11df_0000000023207,-1,159.03513999999998,76.24851
5d2709d403f801723c32bd39_0fee6e9fd162d281b15c11df_0000000028752,-1,156.05615,76.27379599999999
5d2709d403f801723c32bd39_0fee6e9fd162d281b15c11df_0000000036536,-1,151.00473,76.20721
5d2709d403f801723c32bd39_0fee6e9fd162d281b15c11df_0000000045242,-1,146.22691,76.48614
5d2709d403f801723c32bd39_0fee6e9fd162d281b15c11df_0000000051269,-1,145.30228,73.8498
5d2709d403f801723c32bd39_0fee6e9fd162d281b15c11df_0000000058447,-1,142.2169,76.979256
5d2709d403f801723c32bd39_0fee6e9fd162d281b15c11df_0000000061347,-1,138.85135,74.16559000000001
5d2709d403f801723c32bd39_0fee6e9fd162d281b15c11df_0000000076477,-1,145.30228,73.8498
5d2709d403f801723c32bd39_0fee6e9fd162d281b15c11df_0000000079953,-1,146.22691,76.48614
5d2709d403f801723c32bd39_0fee6e9fd162d281b15c11df_0000000081843,-1,146.22691,76.48614
5d2709d403f801723c32bd39_0fee6e9fd162d281b15c11df_0000000089251,-1,151.49546999999998,74.52667
5d2709d403f801723c32bd39_0fee6e9fd162d281b15c11df_0000000096496,-1,152.52327,76.316864
5d2709d403f801723c32bd39_0fee6e9fd162d281b15c11df_0000000098138,-1,156.05615,76.27379599999999
5d2709d403f801723c32bd39_0fee6e9fd162d281b15c11df_0000000101950,-1,156.05615,76.27379599999999
5d2709d403f801723c32bd39_0fee6e9fd162d281b15c11df_0000000105105,-1,159.03513999999998,76.24851
5d2709d403f801723c32bd39_0fee6e9fd162d281b15c11df_0000000109636,-1,159.03513999999998,76.24851
5d2709d403f801723c32bd39_167fd824f8c93490e4714032_0000000000008,-1,64.58021,99.920044
5d2709d403f801723c32bd39_167fd824f8c93490e4714032_0000000006656,-1,60.89356,94.91174
5d2709d403f801723c32bd39_167fd824f8c93490e4714032_0000000015334,-1,58.149513,90.54824
5d2709d403f801723c32bd39_167fd824f8c93490e4714032_0000000021395,-1,58.149513,90.54824
5d2709d403f801723c32bd39_167fd824f8c93490e4714032_0000000030924,-1,56.521275,85.60778
5d2709d403f801723c32bd39_167fd824f8c93490e4714032_0000000035526,-1,55.901497,81.948006
5d2709d403f801723c32bd39_167fd824f8c93490e4714032_0000000038955,-1,52.08365,80.34751999999999
5d2709d403f801723c32bd39_167fd824f8c93490e4714032_0000000041593,-1,52.08365,80.34751999999999
5d2709d403f801723c32bd39_167fd824f8c93490e4714032_0000000047646,-1,51.421494,75.50231
5d2709d403f801723c32bd39_167fd824f8c93490e4714032_0000000053006,-1,51.421494,75.50231
5d2709d403f801723c32bd39_167fd824f8c93490e4714032_0000000058093,-1,53.369804,66.91156
5d2709d403f801723c32bd39_167fd824f8c93490e4714032_0000000064513,-1,53.369804,66.91156
5d2709d403f801723c32bd39_167fd824f8c93490e4714032_0000000071995,-1,55.12194399999999,62.903046
5d2709d403f801723c32bd39_167fd824f8c93490e4714032_0000000079964,-1,57.336235,57.98698
5d2709d403f801723c32bd39_167fd824f8c93490e4714032_0000000089152,-1,57.336235,57.98698
5d2709d403f801723c32bd39_167fd824f8c93490e4714032_0000000097310,-1,55.12194399999999,62.903046
5d2709d403f801723c32bd39_167fd824f8c93490e4714032_0000000107147,-1,53.369804,66.91156
5d2709d403f801723c32bd39_167fd824f8c93490e4714032_0000000112007,-1,51.421494,75.50231
5d2709d403f801723c32bd39_167fd824f8c93490e4714032_0000000122318,-1,53.369804,66.91156
5d2709d403f801723c32bd39_167fd824f8c93490e4714032_0000000128652,-1,55.12194399999999,62.903046
5d2709d403f801723c32bd39_167fd824f8c93490e4714032_0000000141048,-1,53.369804,66.91156
5d2709d403f801723c32bd39_167fd824f8c93490e4714032_0000000149690,-1,51.421494,75.50231
5d2709d403f801723c32bd39_167fd824f8c93490e4714032_0000000154877,-1,55.868652,73.62741
5d2709d403f801723c32bd39_19e4a759bff01332b4216bda_0000000000010,0,59.56622,66.84156999999999
5d2709d403f801723c32bd39_19e4a759bff01332b4216bda_0000000022026,0,66.03268,81.8548
5d2709d403f801723c32bd39_19e4a759bff01332b4216bda_0000000029472,0,67.25,86.5
5d2709d403f801723c32bd39_19e4a759bff01332b4216bda_0000000038812,0,67.62739,86.514175
5d2709d403f801723c32bd39_19e4a759bff01332b4216bda_0000000046187,0,71.0,88.0
5d2709d403f801723c32bd39_19e4a759bff01332b4216bda_0000000050437,0,75.0,89.0
5d2709d403f801723c32bd39_19e4a759bff01332b4216bda_0000000056528,0,80.0,88.25
5d2709d403f801723c32bd39_19e4a759bff01332b4216bda_0000000062331,0,85.0,87.5
5d2709d403f801723c32bd39_19e4a759bff01332b4216bda_0000000068856,0,85.0,87.5
5d2709d403f801723c32bd39_19e4a759bff01332b4216bda_0000000074612,0,89.0,85.0
5d2709d403f801723c32bd39_19e4a759bff01332b4216bda_0000000086156,0,95.0,76.5
5d2709d403f801723c32bd39_19e4a759bff01332b4216bda_0000000100351,0,89.48514,72.351524
5d2709d403f801723c32bd39_19e4a759bff01332b4216bda_0000000108756,0,89.0,85.0
5d2709d403f801723c32bd39_19e4a759bff01332b4216bda_0000000114908,0,85.0,87.5
5d2709d403f801723c32bd39_19e4a759bff01332b4216bda_0000000119135,0,80.0,88.25
5d2709d403f801723c32bd39_19e4a759bff01332b4216bda_0000000124093,0,80.0,88.25
5d2709d403f801723c32bd39_19e4a759bff01332b4216bda_0000000130482,0,75.0,89.0
5d2709d403f801723c32bd39_19e4a759bff01332b4216bda_0000000136945,0,69.5,91.0
5d2709d403f801723c32bd39_19e4a759bff01332b4216bda_0000000142628,0,66.0,88.75
5d2709d403f801723c32bd39_19e4a759bff01332b4216bda_0000000148787,0,62.5,86.5
5d2709d403f801723c32bd39_19e4a759bff01332b4216bda_0000000158618,0,66.0,88.75
5d2709d403f801723c32bd39_19e4a759bff01332b4216bda_0000000163417,0,66.0,88.75
5d2709d403f801723c32bd39_19e4a759bff01332b4216bda_0000000172025,0,69.5,91.0
5d2709d403f801723c32bd39_19e4a759bff01332b4216bda_0000000176257,0,71.0,88.0
5d2709d403f801723c32bd39_19e4a759bff01332b4216bda_0000000184011,0,75.5,92.5
5d2709d403f801723c32bd39_19e4a759bff01332b4216bda_0000000189347,0,75.0,89.0
5d2709d403f801723c32bd39_19e4a759bff01332b4216bda_0000000198085,0,80.75,91.5
5d2709d403f801723c32bd39_19e4a759bff01332b4216bda_0000000204368,0,80.0,88.25
5d2709d403f801723c32bd39_19e4a759bff01332b4216bda_0000000213032,0,89.0,85.0
5d2709d403f801723c32bd39_19e4a759bff01332b4216bda_0000000218321,0,89.0,85.0
5d2709d403f801723c32bd39_19e4a759bff01332b4216bda_0000000226817,0,92.0,80.75
5d2709d403f801723c32bd39_19e4a759bff01332b4216bda_0000000236576,0,92.0,80.75
5d2709d403f801723c32bd39_19e4a759bff01332b4216bda_0000000247057,0,95.0,76.5
5d2709d403f801723c32bd39_19e4a759bff01332b4216bda_0000000254333,0,89.48514,72.351524
5d2709d403f801723c32bd39_19e4a759bff01332b4216bda_0000000265047,0,95.19485,73.83594000000001
5d2709d403f801723c32bd39_1e85728385bc83e6bb650798_0000000000008,0,64.630554,134.76129
5d2709d403f801723c32bd39_1e85728385bc83e6bb650798_0000000006861,0,70.00650999999999,135.56184
5d2709d403f801723c32bd39_1e85728385bc83e6bb650798_0000000010843,0,76.27929,136.0093
5d2709d403f801723c32bd39_1e85728385bc83e6bb650798_0000000020507,0,85.28888888888889,127.13333333333333
5d2709d403f801723c32bd39_1e85728385bc83e6bb650798_0000000028619,0,84.73333333333335,123.2
5d2709d403f801723c32bd39_1e85728385bc83e6bb650798_0000000035243,0,87.10000000000001,120.93333333333334
5d2709d403f801723c32bd39_1e85728385bc83e6bb650798_0000000041306,0,89.22222222222223,118.76666666666668
5d2709d403f801723c32bd39_1e85728385bc83e6bb650798_0000000048241,0,88.7,116.9
5d2709d403f801723c32bd39_1e85728385bc83e6bb650798_0000000056012,0,88.20232,114.97768
5d2709d403f801723c32bd39_1e85728385bc83e6bb650798_0000000062716,0,91.074425,104.7724
5d2709d403f801723c32bd39_1e85728385bc83e6bb650798_0000000065059,0,91.074425,104.7724
5d2709d403f801723c32bd39_1e85728385bc83e6bb650798_0000000074194,0,87.731964,112.60416399999998
5d2709d403f801723c32bd39_1e85728385bc83e6bb650798_0000000082816,0,85.22972,113.302765
5d2709d403f801723c32bd39_1e85728385bc83e6bb650798_0000000089981,0,83.06953,114.90235
5d2709d403f801723c32bd39_1e85728385bc83e6bb650798_0000000096867,0,80.24271999999999,115.87977
5d2709d403f801723c32bd39_1e85728385bc83e6bb650798_0000000104309,0,76.910645,116.058624
5d2709d403f801723c32bd39_1e85728385bc83e6bb650798_0000000110583,0,76.910645,116.058624
5d2709d403f801723c32bd39_1e85728385bc83e6bb650798_0000000122903,0,76.910645,116.058624
5d2709d403f801723c32bd39_1e85728385bc83e6bb650798_0000000138829,0,84.17777777777778,119.26666666666664
5d2709d403f801723c32bd39_1e85728385bc83e6bb650798_0000000143773,0,80.24271999999999,115.87977
5d2709d403f801723c32bd39_1e85728385bc83e6bb650798_0000000159461,0,85.22972,113.302765
5d2709d403f801723c32bd39_1e85728385bc83e6bb650798_0000000166887,0,87.731964,112.60416399999998
5d2709d403f801723c32bd39_1e85728385bc83e6bb650798_0000000182396,0,91.074425,104.7724
5d2709d403f801723c32bd39_1e85728385bc83e6bb650798_0000000195776,0,95.6244,102.647
5d2709d403f801723c32bd39_1e85728385bc83e6bb650798_0000000218462,0,87.731964,112.60416399999998
5d2709d403f801723c32bd39_2a83a489565dfa1d77af9f51_0000000000008,0,83.06953,114.90235
5d2709d403f801723c32bd39_2a83a489565dfa1d77af9f51_0000000002374,0,83.485176,115.81006
5d2709d403f801723c32bd39_2a83a489565dfa1d77af9f51_0000000012639,0,84.73333333333335,123.2
5d2709d403f801723c32bd39_2a83a489565dfa1d77af9f51_0000000017808,0,87.9,124.76666666666668
5d2709d403f801723c32bd39_2a83a489565dfa1d77af9f51_0000000025860,0,89.10000000000002,130.51666666666665
5d2709d403f801723c32bd39_2a83a489565dfa1d77af9f51_0000000037647,0,87.5,122.85
5d2709d403f801723c32bd39_2a83a489565dfa1d77af9f51_0000000045446,0,89.22222222222223,118.76666666666668
5d2709d403f801723c32bd39_2a83a489565dfa1d77af9f51_0000000061709,0,85.22972,113.302765
5d2709d403f801723c32bd39_2a83a489565dfa1d77af9f51_0000000067754,0,82.81662,110.80696
5d2709d403f801723c32bd39_2a83a489565dfa1d77af9f51_0000000075809,0,82.25121,107.23664
5d2709d403f801723c32bd39_2a83a489565dfa1d77af9f51_0000000081032,0,84.134415,104.46305
5d2709d403f801723c32bd39_2a83a489565dfa1d77af9f51_0000000087532,0,81.588585,103.25019
5d2709d403f801723c32bd39_2a83a489565dfa1d77af9f51_0000000094167,0,81.588585,103.25019
5d2709d403f801723c32bd39_2a83a489565dfa1d77af9f51_0000000099989,0,81.588585,103.25019
5d2709d403f801723c32bd39_2a83a489565dfa1d77af9f51_0000000110789,0,83.54553,102.663994
5d2709d403f801723c32bd39_2a83a489565dfa1d77af9f51_0000000120743,0,86.40381,106.51807
5d2709d403f801723c32bd39_2a83a489565dfa1d77af9f51_0000000134930,0,82.81662,110.80696
5d2709d403f801723c32bd39_2b4bacedc942ffcb523ff20f_0000000000008,-1,178.84085,42.018883
5d2709d403f801723c32bd39_2b4bacedc942ffcb523ff20f_0000000003426,-1,178.84085,42.018883
5d2709d403f801723c32bd39_2b4bacedc942ffcb523ff20f_0000000005981,-1,178.84085,42.018883
5d2709d403f801723c32bd39_2b4bacedc942ffcb523ff20f_0000000018451,-1,180.87961,47.465023
5d2709d403f801723c32bd39_2b4bacedc942ffcb523ff20f_0000000024905,-1,177.57251000000002,47.378487
5d2709d403f801723c32bd39_2b4bacedc942ffcb523ff20f_0000000033305,-1,171.85927,46.938583
5d2709d403f801723c32bd39_2b4bacedc942ffcb523ff20f_0000000038421,-1,169.69536000000002,46.99164
5d2709d403f801723c32bd39_2b4bacedc942ffcb523ff20f_0000000052164,-1,172.66382,49.72066
5d2709d403f801723c32bd39_2b4bacedc942ffcb523ff20f_0000000058741,-1,171.85927,46.938583
5d2709d403f801723c32bd39_2b4bacedc942ffcb523ff20f_0000000068605,-1,167.97188,49.368324
5d2709d403f801723c32bd39_2b4bacedc942ffcb523ff20f_0000000076627,-1,172.66382,49.72066
5d2709d403f801723c32bd39_2b4bacedc942ffcb523ff20f_0000000084741,-1,171.76546000000002,52.148445
5d2709d403f801723c32bd39_2b4bacedc942ffcb523ff20f_0000000089815,-1,171.76546000000002,52.148445
5d2709d403f801723c32bd39_2b4bacedc942ffcb523ff20f_0000000099384,-1,171.76546000000002,52.148445
5d2709d403f801723c32bd39_2b4bacedc942ffcb523ff20f_0000000105503,-1,167.97188,49.368324
5d2709d403f801723c32bd39_2b4bacedc942ffcb523ff20f_0000000115050,-1,166.05264,47.71811
5d2709d403f801723c32bd39_2b4bacedc942ffcb523ff20f_0000000126774,-1,158.50206,47.27029
5d2709d403f801723c32bd39_2b4bacedc942ffcb523ff20f_0000000135127,-1,153.13043000000002,49.29249
5d2709d403f801723c32bd39_2b4bacedc942ffcb523ff20f_0000000141973,-1,146.47048999999998,49.689495
5d2709d403f801723c32bd39_2b4bacedc942ffcb523ff20f_0000000148732,-1,141.078,49.86449
5d2709d403f801723c32bd39_2b4bacedc942ffcb523ff20f_0000000155255,-1,141.078,49.86449
5d2709d403f801723c32bd39_2b4bacedc942ffcb523ff20f_0000000169206,-1,133.16743,54.32745
5d2709d403f801723c32bd39_2b4bacedc942ffcb523ff20f_0000000177761,-1,128.52478,57.228394
5d2709d403f801723c32bd39_2b4bacedc942ffcb523ff20f_0000000185677,-1,129.55649,59.1732
5d2709d403f801723c32bd39_2b4bacedc942ffcb523ff20f_0000000192945,-1,127.17483,65.13967
5d2709d403f801723c32bd39_2b4bacedc942ffcb523ff20f_0000000198263,-1,129.55228,69.29415
5d2709d403f801723c32bd39_2b4bacedc942ffcb523ff20f_0000000201792,-1,129.55228,69.29415
5d2709d403f801723c32bd39_2b4bacedc942ffcb523ff20f_0000000208142,-1,127.03343,71.4467
5d2709d403f801723c32bd39_2b4bacedc942ffcb523ff20f_0000000211032,-1,129.83847,74.71595
5d2709d403f801723c32bd39_2b4bacedc942ffcb523ff20f_0000000216857,-1,128.25726,78.95345
5d2709d403f801723c32bd39_2b4bacedc942ffcb523ff20f_0000000221903,-1,129.39569,81.25469
5d2709d403f801723c32bd39_2b4bacedc942ffcb523ff20f_0000000228118,-1,129.39569,81.25469
5d2709d403f801723c32bd39_2b4bacedc942ffcb523ff20f_0000000233083,-1,128.79144,90.448135
5d2709d403f801723c32bd39_2b4bacedc942ffcb523ff20f_0000000236728,-1,128.79144,90.448135
5d2709d403f801723c32bd39_2b4bacedc942ffcb523ff20f_0000000240490,-1,128.79144,90.448135
5d2709d403f801723c32bd39_2b4bacedc942ffcb523ff20f_0000000244327,-1,131.94281,96.10011
5d2709d403f801723c32bd39_2b4bacedc942ffcb523ff20f_0000000254277,-1,127.26927,95.49451
5d2709d403f801723c32bd39_2b4bacedc942ffcb523ff20f_0000000258921,-1,121.97149,97.042564
5d2709d403f801723c32bd39_2b4bacedc942ffcb523ff20f_0000000271792,-1,127.26927,95.49451
5d2709d403f801723c32bd39_2b4bacedc942ffcb523ff20f_0000000280590,-1,128.79144,90.448135
5d2709d403f801723c32bd39_2b4bacedc942ffcb523ff20f_0000000284278,-1,128.79144,90.448135
5d2709d403f801723c32bd39_2b4bacedc942ffcb523ff20f_0000000295000,-1,129.39569,81.25469
5d2709d403f801723c32bd39_2b4bacedc942ffcb523ff20f_0000000300290,-1,128.25726,78.95345
5d2709d403f801723c32bd39_2b4bacedc942ffcb523ff20f_0000000305464,-1,127.729576,76.013176
5d2709d403f801723c32bd39_2b4bacedc942ffcb523ff20f_0000000313874,-1,127.03343,71.4467
5d2709d403f801723c32bd39_2b4bacedc942ffcb523ff20f_0000000319472,-1,121.96623999999998,72.0062
5d2709d403f801723c32bd39_2b4bacedc942ffcb523ff20f_0000000323170,-1,121.96623999999998,72.0062
5d2709d403f801723c32bd39_2b4bacedc942ffcb523ff20f_0000000338440,-1,127.729576,76.013176
5d2709d403f801723c32bd39_2b4bacedc942ffcb523ff20f_0000000350168,-1,119.25045,78.030136
5d2709d403f801723c32bd39_2b4bacedc942ffcb523ff20f_0000000355697,-1,119.14807,80.683044
5d2709d403f801723c32bd39_2b4bacedc942ffcb523ff20f_0000000363594,-1,121.66418,85.04263
5d2709d403f801723c32bd39_2b4bacedc942ffcb523ff20f_0000000371218,-1,118.13843,87.063484
5d2709d403f801723c32bd39_2b4bacedc942ffcb523ff20f_0000000390223,-1,124.81753,85.3614
5d2709d403f801723c32bd39_2b4bacedc942ffcb523ff20f_0000000398234,-1,121.90343,90.532295
5d2709d403f801723c32bd39_2b4bacedc942ffcb523ff20f_0000000405545,-1,121.90343,90.532295
5d2709d403f801723c32bd39_2b4bacedc942ffcb523ff20f_0000000411284,-1,121.97149,97.042564
5d2709d403f801723c32bd39_2b4bacedc942ffcb523ff20f_0000000424531,-1,130.58002,99.04984
5d2709d403f801723c32bd39_2b4bacedc942ffcb523ff20f_0000000431507,-1,127.26927,95.49451
5d2709d403f801723c32bd39_2b4bacedc942ffcb523ff20f_0000000437681,-1,128.79144,90.448135
5d2709d403f801723c32bd39_2b4bacedc942ffcb523ff20f_0000000448121,-1,127.26927,95.49451
5d2709d403f801723c32bd39_2b4bacedc942ffcb523ff20f_0000000459267,-1,131.94281,96.10011
5d2709d403f801723c32bd39_2b4bacedc942ffcb523ff20f_0000000467319,-1,137.4626,100.43344
5d2709d403f801723c32bd39_2b4bacedc942ffcb523ff20f_0000000479784,-1,131.94281,96.10011
5d2709d403f801723c32bd39_2b9462352bb399a34091d861_0000000000011,0,45.475746,77.87738
5d2709d403f801723c32bd39_2b9462352bb399a34091d861_0000000003933,0,42.899155,78.166145
5d2709d403f801723c32bd39_2b9462352bb399a34091d861_0000000012161,0,35.302204,79.66449
5d2709d403f801723c32bd39_2b9462352bb399a34091d861_0000000017238,0,35.302204,79.66449
5d2709d403f801723c32bd39_2b9462352bb399a34091d861_0000000027078,0,35.603466,82.37876
5d2709d403f801723c32bd39_2b9462352bb399a34091d861_0000000060420,0,33.657295,84.79841
5d2709d403f801723c32bd39_2b9462352bb399a34091d861_0000000064469,0,34.563602,87.302635
5d2709d403f801723c32bd39_2b9462352bb399a34091d861_0000000069403,0,35.622654,89.76395
5d2709d403f801723c32bd39_2b9462352bb399a34091d861_0000000075585,0,37.04987,93.030525
5d2709d403f801723c32bd39_2b9462352bb399a34091d861_0000000082728,0,38.109398,92.75541
5d2709d403f801723c32bd39_2b9462352bb399a34091d861_0000000086570,0,38.109398,92.75541
5d2709d403f801723c32bd39_2b9462352bb399a34091d861_0000000088710,0,38.836033,92.14202
5d2709d403f801723c32bd39_2b9462352bb399a34091d861_0000000094420,0,41.89379,89.92871
5d2709d403f801723c32bd39_2b9462352bb399a34091d861_0000000099048,0,44.679455,88.35035
5d2709d403f801723c32bd39_2b9462352bb399a34091d861_0000000103348,0,46.8007,86.620834
5d2709d403f801723c32bd39_2b9462352bb399a34091d861_0000000107499,0,48.670387,85.45515999999999
5d2709d403f801723c32bd39_2b9462352bb399a34091d861_0000000114617,0,46.809925,82.03846999999999
5d2709d403f801723c32bd39_2b9462352bb399a34091d861_0000000123032,0,45.475746,77.87738
5d2709d403f801723c32bd39_2b9462352bb399a34091d861_0000000131712,0,42.657467,72.53678000000001
5d2709d403f801723c32bd39_2b9462352bb399a34091d861_0000000139694,0,42.793896,67.64294
5d2709d403f801723c32bd39_2b9462352bb399a34091d861_0000000150000,0,45.57363,61.54795
5d2709d403f801723c32bd39_2b9462352bb399a34091d861_0000000159305,0,50.09073,67.09898000000001
5d2709d403f801723c32bd39_2b9462352bb399a34091d861_0000000167132,0,42.793896,67.64294
5d2709d403f801723c32bd39_2b9462352bb399a34091d861_0000000170090,0,40.85703,65.76948
5d2709d403f801723c32bd39_2b9462352bb399a34091d861_0000000177297,0,42.793896,67.64294
5d2709d403f801723c32bd39_2b9462352bb399a34091d861_0000000194145,0,42.899155,78.166145
5d2709d403f801723c32bd39_2b9462352bb399a34091d861_0000000207988,0,46.809925,82.03846999999999
5d2709d403f801723c32bd39_2b9462352bb399a34091d861_0000000212073,0,46.809925,82.03846999999999
5d2709d403f801723c32bd39_2b9462352bb399a34091d861_0000000221462,0,40.46552,87.47048000000001
5d2709d403f801723c32bd39_2b9462352bb399a34091d861_0000000227002,0,37.975216,88.60441999999999
5d2709d403f801723c32bd39_2c5da83393691efba7f8da42_0000000000009,0,84.39081,33.781425
5d2709d403f801723c32bd39_2c5da83393691efba7f8da42_0000000005878,0,82.34959,33.51082
5d2709d403f801723c32bd39_2c5da83393691efba7f8da42_0000000011184,0,82.34959,33.51082
5d2709d403f801723c32bd39_2c5da83393691efba7f8da42_0000000018704,0,77.18278000000001,35.941320000000005
5d2709d403f801723c32bd39_2c5da83393691efba7f8da42_0000000029017,0,69.91401,37.248016
5d2709d403f801723c32bd39_2c5da83393691efba7f8da42_0000000038192,0,64.47618,39.041805
5d2709d403f801723c32bd39_2c5da83393691efba7f8da42_0000000047738,0,62.996190000000006,36.173885
5d2709d403f801723c32bd39_2c5da83393691efba7f8da42_0000000058841,0,57.16261,39.273476
5d2709d403f801723c32bd39_2c5da83393691efba7f8da42_0000000075193,0,59.252296,41.971302
5d2709d403f801723c32bd39_2c5da83393691efba7f8da42_0000000085116,0,64.47618,39.041805
5d2709d403f801723c32bd39_2c5da83393691efba7f8da42_0000000094136,0,64.47618,39.041805
5d2709d403f801723c32bd39_2c5da83393691efba7f8da42_0000000102192,0,70.23934,38.107517
5d2709d403f801723c32bd39_2c5da83393691efba7f8da42_0000000111703,0,77.09748,37.239975
5d2709d403f801723c32bd39_2c5da83393691efba7f8da42_0000000119441,0,77.09748,37.239975
5d2709d403f801723c32bd39_2c5da83393691efba7f8da42_0000000127423,0,81.470985,37.67662
5d2709d403f801723c32bd39_2d17cc2d5c1660c51e00d505_0000000000011,1,47.06779,76.166664
5d2709d403f801723c32bd39_2d17cc2d5c1660c51e00d505_0000000011945,1,48.751540000000006,84.14964
5d2709d403f801723c32bd39_2d17cc2d5c1660c51e00d505_0000000020688,1,49.615185,90.77918
5d2709d403f801723c32bd39_2d17cc2d5c1660c51e00d505_0000000031662,1,55.849876,95.09322
5d2709d403f801723c32bd39_2d17cc2d5c1660c51e00d505_0000000040670,1,52.316723,96.10932
5d2709d403f801723c32bd39_2d17cc2d5c1660c51e00d505_0000000051230,1,48.751540000000006,84.14964
5d2709d403f801723c32bd39_2d17cc2d5c1660c51e00d505_0000000062673,1,42.664337,74.121086
5d2709d403f801723c32bd39_2d17cc2d5c1660c51e00d505_0000000070533,1,50.153490000000005,71.48956
5d2709d403f801723c32bd39_2d17cc2d5c1660c51e00d505_0000000084754,1,44.430077,78.85398
5d2709d403f801723c32bd39_2d17cc2d5c1660c51e00d505_0000000092510,1,44.430077,78.85398
5d2709d403f801723c32bd39_2d17cc2d5c1660c51e00d505_0000000102972,1,46.91309,89.074585
5d2709d403f801723c32bd39_2d17cc2d5c1660c51e00d505_0000000113621,1,53.35341999999999,88.662865
5d2709d403f801723c32bd39_2d17cc2d5c1660c51e00d505_0000000122027,1,55.849876,95.09322
5d2709d403f801723c32bd39_2d17cc2d5c1660c51e00d505_0000000143966,1,47.06779,76.166664
5d2709d403f801723c32bd39_2d17cc2d5c1660c51e00d505_0000000154350,1,44.380478,69.87416999999999
5d2709d403f801723c32bd39_2d17cc2d5c1660c51e00d505_0000000182473,1,49.615185,90.77918
5d2709d403f801723c32bd39_2de4f5fea373eb7b69a84824_0000000000010,0,17.044420000000002,90.57456
5d2709d403f801723c32bd39_2de4f5fea373eb7b69a84824_0000000005576,0,16.376207,87.326454
5d2709d403f801723c32bd39_2de4f5fea373eb7b69a84824_0000000012309,0,20.94784,89.448746
5d2709d403f801723c32bd39_2de4f5fea373eb7b69a84824_0000000019626,0,24.010748,85.00891
5d2709d403f801723c32bd39_2de4f5fea373eb7b69a84824_0000000025157,0,24.010748,85.00891
5d2709d403f801723c32bd39_2de4f5fea373eb7b69a84824_0000000030638,0,24.010748,85.00891
5d2709d403f801723c32bd39_2de4f5fea373eb7b69a84824_0000000037926,0,19.997103,85.897285
5d2709d403f801723c32bd39_2de4f5fea373eb7b69a84824_0000000042688,0,16.376207,87.326454
5d2709d403f801723c32bd39_2de4f5fea373eb7b69a84824_0000000051102,0,20.94784,89.448746
5d2709d403f801723c32bd39_2de4f5fea373eb7b69a84824_0000000055809,0,22.316391,92.67201
5d2709d403f801723c32bd39_2de4f5fea373eb7b69a84824_0000000078786,0,22.316391,92.67201
5d2709d403f801723c32bd39_2de4f5fea373eb7b69a84824_0000000084143,0,23.634382,95.60199
5d2709d403f801723c32bd39_2de4f5fea373eb7b69a84824_0000000087705,0,25.0273,98.2258
5d2709d403f801723c32bd39_2de4f5fea373eb7b69a84824_0000000092542,0,26.55953,99.607155
5d2709d403f801723c32bd39_2de4f5fea373eb7b69a84824_0000000129061,0,23.946539,101.12864
5d2709d403f801723c32bd39_2de4f5fea373eb7b69a84824_0000000139352,0,27.5,112.5
5d2709d403f801723c32bd39_2de4f5fea373eb7b69a84824_0000000170670,0,30.5,116.0
5d2709d403f801723c32bd39_2de4f5fea373eb7b69a84824_0000000179903,0,34.515938,119.6849
5d2709d403f801723c32bd39_2de4f5fea373eb7b69a84824_0000000189030,0,39.4168,123.49376
5d2709d403f801723c32bd39_2de4f5fea373eb7b69a84824_0000000195099,0,39.4168,123.49376
5d2709d403f801723c32bd39_2de4f5fea373eb7b69a84824_0000000201557,0,43.7228,126.41696
5d2709d403f801723c32bd39_2de4f5fea373eb7b69a84824_0000000207604,0,48.074272,128.84705
5d2709d403f801723c32bd39_2de4f5fea373eb7b69a84824_0000000215870,0,48.074272,128.84705
5d2709d403f801723c32bd39_2de4f5fea373eb7b69a84824_0000000227320,0,54.104805000000006,131.75183
5d2709d403f801723c32bd39_2de4f5fea373eb7b69a84824_0000000235571,0,60.51939,133.5366
5d2709d403f801723c32bd39_2de4f5fea373eb7b69a84824_0000000245202,0,64.630554,134.76129
5d2709d403f801723c32bd39_2de4f5fea373eb7b69a84824_0000000259460,0,76.27929,136.0093
5d2709d403f801723c32bd39_2de4f5fea373eb7b69a84824_0000000272540,0,80.967865,135.71434
5d2709d403f801723c32bd39_2de4f5fea373eb7b69a84824_0000000284919,0,86.4,135.0
5d2709d403f801723c32bd39_2de4f5fea373eb7b69a84824_0000000289783,0,89.9,134.35
5d2709d403f801723c32bd39_2de4f5fea373eb7b69a84824_0000000294731,0,93.875656,135.87267
5d2709d403f801723c32bd39_2de4f5fea373eb7b69a84824_0000000302987,0,93.39399,133.72073
5d2709d403f801723c32bd39_2de4f5fea373eb7b69a84824_0000000315051,0,91.83333333333334,128.1
5d2709d403f801723c32bd39_2de4f5fea373eb7b69a84824_0000000322012,0,89.10000000000002,130.51666666666665
5d2709d403f801723c32bd39_2de4f5fea373eb7b69a84824_0000000328344,0,85.84444444444446,131.06666666666666
5d2709d403f801723c32bd39_2de4f5fea373eb7b69a84824_0000000336291,0,80.967865,135.71434
5d2709d403f801723c32bd39_2de4f5fea373eb7b69a84824_0000000353679,0,76.27929,136.0093
5d2709d403f801723c32bd39_2de4f5fea373eb7b69a84824_0000000361962,0,70.00650999999999,135.56184
5d2709d403f801723c32bd39_2de4f5fea373eb7b69a84824_0000000368241,0,64.630554,134.76129
5d2709d403f801723c32bd39_2de4f5fea373eb7b69a84824_0000000373439,0,60.51939,133.5366
5d2709d403f801723c32bd39_2de4f5fea373eb7b69a84824_0000000380244,0,54.104805000000006,131.75183
5d2709d403f801723c32bd39_2de4f5fea373eb7b69a84824_0000000385805,0,54.104805000000006,131.75183
5d2709d403f801723c32bd39_2de4f5fea373eb7b69a84824_0000000390540,0,54.104805000000006,131.75183
5d2709d403f801723c32bd39_2de4f5fea373eb7b69a84824_0000000395080,0,46.93598,130.69145
5d2709d403f801723c32bd39_2de4f5fea373eb7b69a84824_0000000400909,0,42.63262,127.735504
5d2709d403f801723c32bd39_2de4f5fea373eb7b69a84824_0000000406579,0,41.055576,129.3328
5d2709d403f801723c32bd39_2de4f5fea373eb7b69a84824_0000000412023,0,36.698025,126.363
5d2709d403f801723c32bd39_2de4f5fea373eb7b69a84824_0000000415780,0,36.698025,126.363
5d2709d403f801723c32bd39_2de4f5fea373eb7b69a84824_0000000419562,0,32.335575,122.35384
5d2709d403f801723c32bd39_2de4f5fea373eb7b69a84824_0000000424937,0,32.335575,122.35384
5d2709d403f801723c32bd39_38876a9e9fee20526c6890bf_0000000000014,1,97.79638,65.95607
5d2709d403f801723c32bd39_38876a9e9fee20526c6890bf_0000000006985,1,97.7246,71.214905
5d2709d403f801723c32bd39_38876a9e9fee20526c6890bf_0000000012099,1,97.79638,65.95607
5d2709d403f801723c32bd39_38876a9e9fee20526c6890bf_0000000022179,1,101.163155,71.54415
5d2709d403f801723c32bd39_38876a9e9fee20526c6890bf_0000000027386,1,101.46548,75.421646
5d2709d403f801723c32bd39_38876a9e9fee20526c6890bf_0000000031263,1,98.57658,76.26703
5d2709d403f801723c32bd39_38876a9e9fee20526c6890bf_0000000036183,1,100.95356,81.87771
5d2709d403f801723c32bd39_38876a9e9fee20526c6890bf_0000000045047,1,97.08989,89.526276
5d2709d403f801723c32bd39_38876a9e9fee20526c6890bf_0000000054325,1,102.556244,93.80207
5d2709d403f801723c32bd39_38876a9e9fee20526c6890bf_0000000060158,1,107.69719,92.256676
5d2709d403f801723c32bd39_38876a9e9fee20526c6890bf_0000000063742,1,110.24517,93.66152
5d2709d403f801723c32bd39_38876a9e9fee20526c6890bf_0000000066869,1,110.24517,93.66152
5d2709d403f801723c32bd39_38876a9e9fee20526c6890bf_0000000076727,1,107.06827,97.04359
5d2709d403f801723c32bd39_38876a9e9fee20526c6890bf_0000000084218,1,103.11219,101.42976
5d2709d403f801723c32bd39_38876a9e9fee20526c6890bf_0000000094047,1,101.80083,102.05398
5d2709d403f801723c32bd39_44bb4250c66f06bffc554828_0000000000012,-1,47.232033,130.35422
5d2709d403f801723c32bd39_44bb4250c66f06bffc554828_0000000006168,-1,50.389206,127.16479
5d2709d403f801723c32bd39_44bb4250c66f06bffc554828_0000000010986,-1,55.143234,126.370865
5d2709d403f801723c32bd39_44bb4250c66f06bffc554828_0000000022674,-1,55.741226,119.81378
5d2709d403f801723c32bd39_44bb4250c66f06bffc554828_0000000031540,-1,58.795036,116.15339
5d2709d403f801723c32bd39_44bb4250c66f06bffc554828_0000000037471,-1,61.125088,116.77788
5d2709d403f801723c32bd39_44bb4250c66f06bffc554828_0000000040952,-1,63.966747,118.03462
5d2709d403f801723c32bd39_44bb4250c66f06bffc554828_0000000051486,-1,65.3985,111.58712
5d2709d403f801723c32bd39_44bb4250c66f06bffc554828_0000000056666,-1,67.52295,112.10756
5d2709d403f801723c32bd39_44bb4250c66f06bffc554828_0000000062031,-1,67.52295,112.10756
5d2709d403f801723c32bd39_44bb4250c66f06bffc554828_0000000073741,-1,63.966747,118.03462
5d2709d403f801723c32bd39_44bb4250c66f06bffc554828_0000000083166,-1,58.280106,122.032936
5d2709d403f801723c32bd39_4573afa8da16a43e0e2a355f_0000000000008,0,104.33185,67.3487
5d2709d403f801723c32bd39_4573afa8da16a43e0e2a355f_0000000005886,0,104.33185,67.3487
5d2709d403f801723c32bd39_4573afa8da16a43e0e2a355f_0000000016135,0,104.59045,70.18595
5d2709d403f801723c32bd39_4573afa8da16a43e0e2a355f_0000000023402,0,105.014915,73.38651999999999
5d2709d403f801723c32bd39_4573afa8da16a43e0e2a355f_0000000028428,0,108.245544,81.02071
5d2709d403f801723c32bd39_4573afa8da16a43e0e2a355f_0000000036916,0,106.24454,86.22228
5d2709d403f801723c32bd39_4573afa8da16a43e0e2a355f_0000000043345,0,103.70609,90.23566
5d2709d403f801723c32bd39_4573afa8da16a43e0e2a355f_0000000050208,0,101.95673,95.17639
5d2709d403f801723c32bd39_4573afa8da16a43e0e2a355f_0000000054339,0,101.95673,95.17639
5d2709d403f801723c32bd39_4573afa8da16a43e0e2a355f_0000000060807,0,98.64547,97.95385
5d2709d403f801723c32bd39_4573afa8da16a43e0e2a355f_0000000065530,0,94.448265,100.96388
5d2709d403f801723c32bd39_4573afa8da16a43e0e2a355f_0000000071375,0,91.074425,104.7724
5d2709d403f801723c32bd39_4573afa8da16a43e0e2a355f_0000000078595,0,91.074425,104.7724
5d2709d403f801723c32bd39_4573afa8da16a43e0e2a355f_0000000084374,0,91.074425,104.7724
5d2709d403f801723c32bd39_4d497d31be6d37d79186717e_0000000000009,0,85.41073,12.574695
5d2709d403f801723c32bd39_4d497d31be6d37d79186717e_0000000005208,0,84.6873,14.258204
5d2709d403f801723c32bd39_4d497d31be6d37d79186717e_0000000018803,0,84.6873,14.258204
5d2709d403f801723c32bd39_4d497d31be6d37d79186717e_0000000027563,0,87.49101,15.174417000000002
5d2709d403f801723c32bd39_4d497d31be6d37d79186717e_0000000036610,0,87.49101,15.174417000000002
5d2709d403f801723c32bd39_4d497d31be6d37d79186717e_0000000047068,0,90.793816,15.986656
5d2709d403f801723c32bd39_4d497d31be6d37d79186717e_0000000057836,0,90.793816,15.986656
5d2709d403f801723c32bd39_4d497d31be6d37d79186717e_0000000070335,0,93.95955,16.506815
5d2709d403f801723c32bd39_4d497d31be6d37d79186717e_0000000082651,0,94.22062,14.495448
5d2709d403f801723c32bd39_4d497d31be6d37d79186717e_0000000109736,0,92.6819,14.0769615
5d2709d403f801723c32bd39_4d497d31be6d37d79186717e_0000000124610,0,91.33584,13.817499
5d2709d403f801723c32bd39_4d497d31be6d37d79186717e_0000000133207,0,87.49101,15.174417000000002
5d2709d403f801723c32bd39_4d497d31be6d37d79186717e_0000000144413,0,87.49101,15.174417000000002
5d2709d403f801723c32bd39_507749a1187be5b582671c62_0000000000011,1,55.9703,51.848213
5d2709d403f801723c32bd39_507749a1187be5b582671c62_0000000006963,1,59.732330000000005,49.508526
5d2709d403f801723c32bd39_507749a1187be5b582671c62_0000000009629,1,59.732330000000005,49.508526
5d2709d403f801723c32bd39_507749a1187be5b582671c62_0000000016717,1,56.904545,45.760670000000005
5d2709d403f801723c32bd39_507749a1187be5b582671c62_0000000026075,1,54.643173,49.961662
5d2709d403f801723c32bd39_507749a1187be5b582671c62_0000000031701,1,51.651413,53.189163
5d2709d403f801723c32bd39_507749a1187be5b582671c62_0000000042174,1,55.9703,51.848213
5d2709d403f801723c32bd39_507749a1187be5b582671c62_0000000050133,1,59.732330000000005,49.508526
5d2709d403f801723c32bd39_507749a1187be5b582671c62_0000000056812,1,62.97598000000001,47.525448
5d2709d403f801723c32bd39_507749a1187be5b582671c62_0000000065217,1,67.36479,40.752388
5d2709d403f801723c32bd39_50dfc9af184b9f9e05ef1ae2_0000000000011,0,26.55953,99.607155
5d2709d403f801723c32bd39_50dfc9af184b9f9e05ef1ae2_0000000004581,0,26.55953,99.607155
5d2709d403f801723c32bd39_50dfc9af184b9f9e05ef1ae2_0000000013311,0,23.634382,95.60199
5d2709d403f801723c32bd39_50dfc9af184b9f9e05ef1ae2_0000000019352,0,22.316391,92.67201
5d2709d403f801723c32bd39_50dfc9af184b9f9e05ef1ae2_0000000023624,0,22.316391,92.67201
5d2709d403f801723c32bd39_50dfc9af184b9f9e05ef1ae2_0000000028537,0,17.044420000000002,90.57456
5d2709d403f801723c32bd39_50dfc9af184b9f9e05ef1ae2_0000000046688,0,24.807796,88.15656
5d2709d403f801723c32bd39_50dfc9af184b9f9e05ef1ae2_0000000052065,0,24.807796,88.15656
5d2709d403f801723c32bd39_50dfc9af184b9f9e05ef1ae2_0000000061032,0,30.797245,88.76805
5d2709d403f801723c32bd39_50dfc9af184b9f9e05ef1ae2_0000000068321,0,34.563602,87.302635
5d2709d403f801723c32bd39_50dfc9af184b9f9e05ef1ae2_0000000073816,0,36.72559,85.32999000000001
5d2709d403f801723c32bd39_50dfc9af184b9f9e05ef1ae2_0000000083328,0,37.04987,93.030525
5d2709d403f801723c32bd39_52ad8c760ff9978d0949deed_0000000000012,-1,67.68321,52.459946
5d2709d403f801723c32bd39_52ad8c760ff9978d0949deed_0000000004857,-1,65.57266,50.842194
5d2709d403f801723c32bd39_52ad8c760ff9978d0949deed_0000000013438,-1,65.57266,50.842194
5d2709d403f801723c32bd39_52ad8c760ff9978d0949deed_0000000021959,-1,57.336235,57.98698
5d2709d403f801723c32bd39_52ad8c760ff9978d0949deed_0000000028409,-1,57.336235,57.98698
5d2709d403f801723c32bd39_52ad8c760ff9978d0949deed_0000000036552,-1,55.12194399999999,62.903046
5d2709d403f801723c32bd39_52ad8c760ff9978d0949deed_0000000044417,-1,53.369804,66.91156
5d2709d403f801723c32bd39_52ad8c760ff9978d0949deed_0000000054788,-1,53.369804,66.91156
5d2709d403f801723c32bd39_52ad8c760ff9978d0949deed_0000000069909,-1,52.08365,80.34751999999999
5d2709d403f801723c32bd39_52ad8c760ff9978d0949deed_0000000085884,-1,52.08365,80.34751999999999
5d2709d403f801723c32bd39_52ad8c760ff9978d0949deed_0000000099545,-1,58.149513,90.54824
5d2709d403f801723c32bd39_52ad8c760ff9978d0949deed_0000000114085,-1,60.89356,94.91174
5d2709d403f801723c32bd39_52ad8c760ff9978d0949deed_0000000129547,-1,64.58021,99.920044
5d2709d403f801723c32bd39_52ad8c760ff9978d0949deed_0000000141272,-1,68.21106999999999,104.12015
5d2709d403f801723c32bd39_52ad8c760ff9978d0949deed_0000000152185,-1,71.775024,106.23672
5d2709d403f801723c32bd39_52ad8c760ff9978d0949deed_0000000164244,-1,78.0804,109.181694
5d2709d403f801723c32bd39_52ad8c760ff9978d0949deed_0000000197586,-1,95.4079,108.77494
5d2709d403f801723c32bd39_5f0252bc39ee6688384856d4_0000000000011,0,82.45214,36.768875
5d2709d403f801723c32bd39_5f0252bc39ee6688384856d4_0000000006994,0,82.34959,33.51082
5d2709d403f801723c32bd39_5f0252bc39ee6688384856d4_0000000021672,0,82.34959,33.51082
5d2709d403f801723c32bd39_5f0252bc39ee6688384856d4_0000000030105,0,77.2114,32.97732
5d2709d403f801723c32bd39_5f0252bc39ee6688384856d4_0000000041758,0,69.03334,34.157974
5d2709d403f801723c32bd39_5f0252bc39ee6688384856d4_0000000052782,0,62.996190000000006,36.173885
5d2709d403f801723c32bd39_5f0252bc39ee6688384856d4_0000000061835,0,62.996190000000006,36.173885
5d2709d403f801723c32bd39_5f0252bc39ee6688384856d4_0000000071781,0,57.16261,39.273476
5d2709d403f801723c32bd39_5f0252bc39ee6688384856d4_0000000084795,0,59.252296,41.971302
5d2709d403f801723c32bd39_5f0252bc39ee6688384856d4_0000000095456,0,64.47618,39.041805
5d2709d403f801723c32bd39_5f0252bc39ee6688384856d4_0000000104292,0,69.91401,37.248016
5d2709d403f801723c32bd39_5f0252bc39ee6688384856d4_0000000112775,0,70.23934,38.107517
5d2709d403f801723c32bd39_5f0252bc39ee6688384856d4_0000000125168,0,77.09748,37.239975
5d2709d403f801723c32bd39_5f0252bc39ee6688384856d4_0000000133835,0,81.470985,37.67662
5d2709d403f801723c32bd39_5f0252bc39ee6688384856d4_0000000140809,0,81.470985,37.67662
5d2709d403f801723c32bd39_610f2c07b26508790d1cd355_0000000000010,-1,88.0,128.5
5d2709d403f801723c32bd39_610f2c07b26508790d1cd355_0000000008485,-1,83.5,128.0
5d2709d403f801723c32bd39_610f2c07b26508790d1cd355_0000000017153,-1,80.12031,128.24934
5d2709d403f801723c32bd39_610f2c07b26508790d1cd355_0000000020530,-1,75.0922,126.35965
5d2709d403f801723c32bd39_610f2c07b26508790d1cd355_0000000026043,-1,75.0922,126.35965
5d2709d403f801723c32bd39_610f2c07b26508790d1cd355_0000000030900,-1,68.94071,128.32793999999998
5d2709d403f801723c32bd39_610f2c07b26508790d1cd355_0000000041259,-1,75.0922,126.35965
5d2709d403f801723c32bd39_610f2c07b26508790d1cd355_0000000046089,-1,75.0922,126.35965
5d2709d403f801723c32bd39_610f2c07b26508790d1cd355_0000000049999,-1,80.12031,128.24934
5d2709d403f801723c32bd39_610f2c07b26508790d1cd355_0000000058268,-1,83.5,128.0
5d2709d403f801723c32bd39_610f2c07b26508790d1cd355_0000000065453,-1,88.0,128.5
5d2709d403f801723c32bd39_610f2c07b26508790d1cd355_0000000070096,-1,90.5,128.5
5d2709d403f801723c32bd39_610f2c07b26508790d1cd355_0000000079059,-1,88.0,128.5
5d2709d403f801723c32bd39_610f2c07b26508790d1cd355_0000000086515,-1,83.5,128.0
5d2709d403f801723c32bd39_610f2c07b26508790d1cd355_0000000090721,-1,83.5,128.0
5d2709d403f801723c32bd39_610f2c07b26508790d1cd355_0000000101100,-1,80.12031,128.24934
5d2709d403f801723c32bd39_610f2c07b26508790d1cd355_0000000107266,-1,75.0922,126.35965
5d2709d403f801723c32bd39_610f2c07b26508790d1cd355_0000000115540,-1,68.94071,128.32793999999998
5d2709d403f801723c32bd39_610f2c07b26508790d1cd355_0000000119409,-1,68.94071,128.32793999999998
5d2709d403f801723c32bd39_610f2c07b26508790d1cd355_0000000128386,-1,67.238075,127.4557
5d2709d403f801723c32bd39_610f2c07b26508790d1cd355_0000000136462,-1,66.91453,132.63419
5d2709d403f801723c32bd39_610f2c07b26508790d1cd355_0000000142739,-1,64.36485,133.54416
5d2709d403f801723c32bd39_610f2c07b26508790d1cd355_0000000153656,-1,70.498886,136.49611000000002
5d2709d403f801723c32bd39_610f2c07b26508790d1cd355_0000000159986,-1,73.94192,135.9661
5d2709d403f801723c32bd39_610f2c07b26508790d1cd355_0000000168635,-1,79.72805,132.63164
5d2709d403f801723c32bd39_610f2c07b26508790d1cd355_0000000176687,-1,75.0922,126.35965
5d2709d403f801723c32bd39_610f2c07b26508790d1cd355_0000000182319,-1,75.27937,124.714806
5d2709d403f801723c32bd39_610f2c07b26508790d1cd355_0000000189366,-1,81.03518000000001,120.9896
5d2709d403f801723c32bd39_610f2c07b26508790d1cd355_0000000193640,-1,81.03518000000001,120.9896
5d2709d403f801723c32bd39_610f2c07b26508790d1cd355_0000000207787,-1,81.03518000000001,120.9896
5d2709d403f801723c32bd39_610f2c07b26508790d1cd355_0000000212812,-1,80.12031,128.24934
5d2709d403f801723c32bd39_610f2c07b26508790d1cd355_0000000216846,-1,80.12031,128.24934
5d2709d403f801723c32bd39_610f2c07b26508790d1cd355_0000000224534,-1,79.72805,132.63164
5d2709d403f801723c32bd39_610f2c07b26508790d1cd355_0000000228207,-1,78.587395,137.05632
5d2709d403f801723c32bd39_610f2c07b26508790d1cd355_0000000232022,-1,78.587395,137.05632
5d2709d403f801723c32bd39_610f2c07b26508790d1cd355_0000000239077,-1,78.587395,137.05632
5d2709d403f801723c32bd39_610f2c07b26508790d1cd355_0000000247776,-1,70.498886,136.49611000000002
5d2709d403f801723c32bd39_610f2c07b26508790d1cd355_0000000255609,-1,66.91453,132.63419
5d2709d403f801723c32bd39_610f2c07b26508790d1cd355_0000000265149,-1,68.94071,128.32793999999998
5d2709d403f801723c32bd39_610f2c07b26508790d1cd355_0000000273575,-1,69.3216,122.43841
5d2709d403f801723c32bd39_610f2c07b26508790d1cd355_0000000286954,-1,72.59309,114.01005
5d2709d403f801723c32bd39_610f2c07b26508790d1cd355_0000000294076,-1,72.59309,114.01005
5d2709d403f801723c32bd39_610f2c07b26508790d1cd355_0000000306865,-1,70.5,119.5
5d2709d403f801723c32bd39_610f2c07b26508790d1cd355_0000000314162,-1,71.06814,124.368774
5d2709d403f801723c32bd39_610f2c07b26508790d1cd355_0000000320076,-1,69.3216,122.43841
5d2709d403f801723c32bd39_610f2c07b26508790d1cd355_0000000329560,-1,68.94071,128.32793999999998
5d2709d403f801723c32bd39_610f2c07b26508790d1cd355_0000000334236,-1,68.94071,128.32793999999998
5d2709d403f801723c32bd39_610f2c07b26508790d1cd355_0000000342548,-1,66.91453,132.63419
5d2709d403f801723c32bd39_71675faaf4dedd23ce8e2c39_0000000000017,-1,88.0,42.0
5d2709d403f801723c32bd39_71675faaf4dedd23ce8e2c39_0000000009965,-1,83.0,42.0
5d2709d403f801723c32bd39_71675faaf4dedd23ce8e2c39_0000000017461,-1,77.0,43.0
5d2709d403f801723c32bd39_71675faaf4dedd23ce8e2c39_0000000025761,-1,72.78488,44.325077
5d2709d403f801723c32bd39_71675faaf4dedd23ce8e2c39_0000000036615,-1,78.5,47.0
5d2709d403f801723c32bd39_71675faaf4dedd23ce8e2c39_0000000047972,-1,83.0,42.0
5d2709d403f801723c32bd39_71675faaf4dedd23ce8e2c39_0000000054876,-1,83.0,42.0
5d2709d403f801723c32bd39_71675faaf4dedd23ce8e2c39_0000000066935,-1,88.0,42.0
5d2709d403f801723c32bd39_71675faaf4dedd23ce8e2c39_0000000073342,-1,88.057236,42.28277
5d2709d403f801723c32bd39_71675faaf4dedd23ce8e2c39_0000000083668,-1,83.0,42.0
5d2709d403f801723c32bd39_7316acadafc00dbfdb47ca10_0000000000009,-1,61.674644,26.781803000000004
5d2709d403f801723c32bd39_7316acadafc00dbfdb47ca10_0000000005406,-1,59.73288,22.17826
5d2709d403f801723c32bd39_7316acadafc00dbfdb47ca10_0000000008473,-1,59.73288,22.17826
5d2709d403f801723c32bd39_7316acadafc00dbfdb47ca10_0000000019515,-1,61.252296,21.142857
5d2709d403f801723c32bd39_7316acadafc00dbfdb47ca10_0000000028782,-1,59.73288,22.17826
5d2709d403f801723c32bd39_7316acadafc00dbfdb47ca10_0000000033692,-1,61.140648,24.941715
5d2709d403f801723c32bd39_7316acadafc00dbfdb47ca10_0000000037145,-1,63.719063,26.440638
5d2709d403f801723c32bd39_7316acadafc00dbfdb47ca10_0000000040237,-1,63.74858,30.113136
5d2709d403f801723c32bd39_7316acadafc00dbfdb47ca10_0000000045189,-1,65.0,32.5
5d2709d403f801723c32bd39_7316acadafc00dbfdb47ca10_0000000049680,-1,67.5,32.0
5d2709d403f801723c32bd39_7316acadafc00dbfdb47ca10_0000000054313,-1,68.5,35.0
5d2709d403f801723c32bd39_7316acadafc00dbfdb47ca10_0000000058699,-1,70.0,37.5
5d2709d403f801723c32bd39_7316acadafc00dbfdb47ca10_0000000063649,-1,71.0,40.0
5d2709d403f801723c32bd39_7316acadafc00dbfdb47ca10_0000000079880,-1,68.72603000000001,43.68497
5d2709d403f801723c32bd39_7316acadafc00dbfdb47ca10_0000000089736,-1,68.5,41.0
5d2709d403f801723c32bd39_7316acadafc00dbfdb47ca10_0000000098041,-1,71.0,40.0
5d2709d403f801723c32bd39_7316acadafc00dbfdb47ca10_0000000107507,-1,70.0,37.5
5d2709d403f801723c32bd39_7316acadafc00dbfdb47ca10_0000000112018,-1,67.5,32.0
5d2709d403f801723c32bd39_7316acadafc00dbfdb47ca10_0000000117475,-1,66.320724,29.522032
5d2709d403f801723c32bd39_7316acadafc00dbfdb47ca10_0000000121662,-1,66.320724,29.522032
5d2709d403f801723c32bd39_7316acadafc00dbfdb47ca10_0000000124291,-1,65.49771,26.925047
5d2709d403f801723c32bd39_7316acadafc00dbfdb47ca10_0000000129299,-1,63.719063,26.440638
5d2709d403f801723c32bd39_7316acadafc00dbfdb47ca10_0000000133484,-1,63.88016,23.762598
5d2709d403f801723c32bd39_7316acadafc00dbfdb47ca10_0000000139617,-1,63.88016,23.762598
5d2709d403f801723c32bd39_7316acadafc00dbfdb47ca10_0000000156136,-1,71.73921999999999,17.482576
5d2709d403f801723c32bd39_7316acadafc00dbfdb47ca10_0000000162115,-1,71.73921999999999,17.482576
5d2709d403f801723c32bd39_7316acadafc00dbfdb47ca10_0000000168882,-1,80.16505,15.956232
5d2709d403f801723c32bd39_7316acadafc00dbfdb47ca10_0000000173316,-1,80.16505,15.956232
5d2709d403f801723c32bd39_7316acadafc00dbfdb47ca10_0000000178607,-1,82.0809,16.075525
5d2709d403f801723c32bd39_7316acadafc00dbfdb47ca10_0000000186988,-1,81.7817,24.747046
5d2709d403f801723c32bd39_7316acadafc00dbfdb47ca10_0000000194040,-1,85.14739,24.96295
5d2709d403f801723c32bd39_7316acadafc00dbfdb47ca10_0000000201838,-1,81.7817,24.747046
5d2709d403f801723c32bd39_7316acadafc00dbfdb47ca10_0000000209908,-1,79.221695,23.132303
5d2709d403f801723c32bd39_7316acadafc00dbfdb47ca10_0000000220530,-1,80.16505,15.956232
5d2709d403f801723c32bd39_7316acadafc00dbfdb47ca10_0000000226557,-1,80.16505,15.956232
5d2709d403f801723c32bd39_7316acadafc00dbfdb47ca10_0000000238108,-1,81.7817,24.747046
5d2709d403f801723c32bd39_7316acadafc00dbfdb47ca10_0000000241800,-1,81.7817,24.747046
5d2709d403f801723c32bd39_7316acadafc00dbfdb47ca10_0000000248359,-1,79.221695,23.132303
5d2709d403f801723c32bd39_7316acadafc00dbfdb47ca10_0000000255336,-1,75.75366,25.967983
5d2709d403f801723c32bd39_7316acadafc00dbfdb47ca10_0000000261995,-1,70.47901,27.752008
5d2709d403f801723c32bd39_7316acadafc00dbfdb47ca10_0000000267654,-1,66.320724,29.522032
5d2709d403f801723c32bd39_7c19987b64849e60e831c394_0000000000010,1,40.760567,52.7135
5d2709d403f801723c32bd39_7c19987b64849e60e831c394_0000000011084,1,35.109394,50.341457
5d2709d403f801723c32bd39_7c19987b64849e60e831c394_0000000018020,1,33.0312,47.23918
5d2709d403f801723c32bd39_7c19987b64849e60e831c394_0000000023231,1,33.0312,47.23918
5d2709d403f801723c32bd39_7c19987b64849e60e831c394_0000000032605,1,33.0312,47.23918
5d2709d403f801723c32bd39_7c19987b64849e60e831c394_0000000040174,1,35.70296,41.660175
5d2709d403f801723c32bd39_7c19987b64849e60e831c394_0000000048917,1,31.272108000000003,37.54598
5d2709d403f801723c32bd39_7c19987b64849e60e831c394_0000000052703,1,28.27457,28.757013
5d2709d403f801723c32bd39_7c19987b64849e60e831c394_0000000056616,1,28.27457,28.757013
5d2709d403f801723c32bd39_7c19987b64849e60e831c394_0000000064820,1,25.755615,31.952177
5d2709d403f801723c32bd39_7c19987b64849e60e831c394_0000000074001,1,24.5957,39.422703000000006
5d2709d403f801723c32bd39_7c19987b64849e60e831c394_0000000079687,1,24.5957,39.422703000000006
5d2709d403f801723c32bd39_7c19987b64849e60e831c394_0000000086212,1,27.197668,35.462543
5d2709d403f801723c32bd39_7c19987b64849e60e831c394_0000000092407,1,31.272108000000003,37.54598
5d2709d403f801723c32bd39_7c19987b64849e60e831c394_0000000100387,1,27.197668,35.462543
5d2709d403f801723c32bd39_7d401b038d6fdb08f4f8197d_0000000000008,1,50.580425,63.60683
5d2709d403f801723c32bd39_7d401b038d6fdb08f4f8197d_0000000014712,1,44.056297,62.383790000000005
5d2709d403f801723c32bd39_7d401b038d6fdb08f4f8197d_0000000019059,1,34.5,66.0
5d2709d403f801723c32bd39_7d401b038d6fdb08f4f8197d_0000000025928,1,34.5,66.0
5d2709d403f801723c32bd39_7d401b038d6fdb08f4f8197d_0000000032284,1,34.5,66.0
5d2709d403f801723c32bd39_7d401b038d6fdb08f4f8197d_0000000038466,1,38.5,66.5
5d2709d403f801723c32bd39_7d401b038d6fdb08f4f8197d_0000000058771,1,50.23755,67.38348
5d2709d403f801723c32bd39_7d401b038d6fdb08f4f8197d_0000000073596,1,42.21467,66.049835
5d2709d403f801723c32bd39_7d401b038d6fdb08f4f8197d_0000000080580,1,34.5,66.0
5d2709d403f801723c32bd39_7d401b038d6fdb08f4f8197d_0000000086439,1,30.5,74.5
5d2709d403f801723c32bd39_7d401b038d6fdb08f4f8197d_0000000096791,1,38.5,74.0
5d2709d403f801723c32bd39_7d401b038d6fdb08f4f8197d_0000000104777,1,38.5,66.5
5d2709d403f801723c32bd39_7d401b038d6fdb08f4f8197d_0000000110454,1,38.5,66.5
5d2709d403f801723c32bd39_7d401b038d6fdb08f4f8197d_0000000118369,1,43.866695,59.337753
5d2709d403f801723c32bd39_7d401b038d6fdb08f4f8197d_0000000131790,1,34.5,66.0
5d2709d403f801723c32bd39_7d401b038d6fdb08f4f8197d_0000000145575,1,34.5,66.0
5d2709d403f801723c32bd39_7d401b038d6fdb08f4f8197d_0000000153911,1,42.21467,66.049835
5d2709d403f801723c32bd39_7d401b038d6fdb08f4f8197d_0000000168340,1,30.5,65.5
5d2709d403f801723c32bd39_7d401b038d6fdb08f4f8197d_0000000178976,1,34.5,66.0
5d2709d403f801723c32bd39_7d401b038d6fdb08f4f8197d_0000000185830,1,38.5,66.5
5d2709d403f801723c32bd39_7d401b038d6fdb08f4f8197d_0000000199042,1,44.056297,62.383790000000005
5d2709d403f801723c32bd39_7d401b038d6fdb08f4f8197d_0000000208391,1,50.580425,63.60683
5d2709d403f801723c32bd39_7d401b038d6fdb08f4f8197d_0000000218952,1,50.23755,67.38348
5d2709d403f801723c32bd39_7d401b038d6fdb08f4f8197d_0000000223930,1,47.06779,76.166664
5d2709d403f801723c32bd39_7d401b038d6fdb08f4f8197d_0000000233792,1,51.41894,77.2594
5d2709d403f801723c32bd39_7d401b038d6fdb08f4f8197d_0000000252027,1,48.751540000000006,84.14964
5d2709d403f801723c32bd39_7d401b038d6fdb08f4f8197d_0000000257806,1,46.91309,89.074585
5d2709d403f801723c32bd39_7d401b038d6fdb08f4f8197d_0000000265208,1,44.61713,83.87986
5d2709d403f801723c32bd39_7d401b038d6fdb08f4f8197d_0000000271012,1,48.751540000000006,84.14964
5d2709d403f801723c32bd39_8c1fdb5fa1bafa5b56ecc4e0_0000000000008,0,81.09538,8.881496
5d2709d403f801723c32bd39_8c1fdb5fa1bafa5b56ecc4e0_0000000009558,0,79.070175,8.687987
5d2709d403f801723c32bd39_8c1fdb5fa1bafa5b56ecc4e0_0000000017150,0,79.070175,8.687987
5d2709d403f801723c32bd39_8c1fdb5fa1bafa5b56ecc4e0_0000000027177,0,72.80418399999999,3.8216007
5d2709d403f801723c32bd39_8c1fdb5fa1bafa5b56ecc4e0_0000000036937,0,67.08629,4.477028400000001
5d2709d403f801723c32bd39_8c1fdb5fa1bafa5b56ecc4e0_0000000045268,0,60.889576,5.858922
5d2709d403f801723c32bd39_8c1fdb5fa1bafa5b56ecc4e0_0000000054689,0,55.91054499999999,7.546023
5d2709d403f801723c32bd39_8c1fdb5fa1bafa5b56ecc4e0_0000000064390,0,50.9762,9.360177
5d2709d403f801723c32bd39_8c1fdb5fa1bafa5b56ecc4e0_0000000085471,0,42.972393,10.238427
5d2709d403f801723c32bd39_8c1fdb5fa1bafa5b56ecc4e0_0000000096649,0,42.972393,10.238427
5d2709d403f801723c32bd39_8c1fdb5fa1bafa5b56ecc4e0_0000000108056,0,36.109447,14.585976
5d2709d403f801723c32bd39_8c1fdb5fa1bafa5b56ecc4e0_0000000116780,0,36.109447,14.585976
5d2709d403f801723c32bd39_8c1fdb5fa1bafa5b56ecc4e0_0000000127113,0,31.785221000000003,17.846369
5d2709d403f801723c32bd39_8c4e95647f1f1277f434babc_0000000000010,0,103.96272,10.370694
5d2709d403f801723c32bd39_8c4e95647f1f1277f434babc_0000000008195,0,103.96272,10.370694
5d2709d403f801723c32bd39_8c4e95647f1f1277f434babc_0000000017600,0,110.05606,10.19409
5d2709d403f801723c32bd39_8c4e95647f1f1277f434babc_0000000026376,0,112.843056,15.204679
5d2709d403f801723c32bd39_8c4e95647f1f1277f434babc_0000000036062,0,116.31604,17.77523
5d2709d403f801723c32bd39_8c4e95647f1f1277f434babc_0000000044270,0,122.06299,18.679792000000003
5d2709d403f801723c32bd39_8c4e95647f1f1277f434babc_0000000051816,0,123.5325,24.165787
5d2709d403f801723c32bd39_8c4e95647f1f1277f434babc_0000000059540,0,123.5325,24.165787
5d2709d403f801723c32bd39_8c4e95647f1f1277f434babc_0000000067040,0,129.14128,25.62328
5d2709d403f801723c32bd39_8c4e95647f1f1277f434babc_0000000080591,0,129.40288,31.393835
5d2709d403f801723c32bd39_8c4e95647f1f1277f434babc_0000000087113,0,129.40288,31.393835
5d2709d403f801723c32bd39_8c4e95647f1f1277f434babc_0000000096064,0,131.73897,34.47043
5d2709d403f801723c32bd39_8d348ecb29022e18299be281_0000000000012,0,65.23001,73.140335
5d2709d403f801723c32bd39_8d348ecb29022e18299be281_0000000004096,0,64.83944,68.971756
5d2709d403f801723c32bd39_8d348ecb29022e18299be281_0000000008871,0,64.85115,66.80699
5d2709d403f801723c32bd39_8d348ecb29022e18299be281_0000000013884,0,64.85115,66.80699
5d2709d403f801723c32bd39_8d348ecb29022e18299be281_0000000030359,0,59.42599499999999,69.60396999999999
5d2709d403f801723c32bd39_8d348ecb29022e18299be281_0000000040822,0,64.83944,68.971756
5d2709d403f801723c32bd39_8d348ecb29022e18299be281_0000000054960,0,59.42599499999999,69.60396999999999
5d2709d403f801723c32bd39_8d348ecb29022e18299be281_0000000064544,0,60.16181,62.880135
5d2709d403f801723c32bd39_8d348ecb29022e18299be281_0000000079044,0,59.56622,66.84156999999999
5d2709d403f801723c32bd39_8d348ecb29022e18299be281_0000000086410,0,57.24643,67.14208
5d2709d403f801723c32bd39_8d348ecb29022e18299be281_0000000093133,0,54.03425,67.117226
5d2709d403f801723c32bd39_8d348ecb29022e18299be281_0000000099353,0,50.09073,67.09898000000001
5d2709d403f801723c32bd39_8d348ecb29022e18299be281_0000000103382,0,45.676426,67.66960999999999
5d2709d403f801723c32bd39_9609fb2f1c62cf3b7ac08521_0000000000007,1,59.294903000000005,100.97159
5d2709d403f801723c32bd39_9609fb2f1c62cf3b7ac08521_0000000013153,1,58.816296,91.68336
5d2709d403f801723c32bd39_9609fb2f1c62cf3b7ac08521_0000000022430,1,52.707127,84.35889
5d2709d403f801723c32bd39_9609fb2f1c62cf3b7ac08521_0000000032599,1,48.751540000000006,84.14964
5d2709d403f801723c32bd39_9609fb2f1c62cf3b7ac08521_0000000038901,1,48.751540000000006,84.14964
5d2709d403f801723c32bd39_9609fb2f1c62cf3b7ac08521_0000000043617,1,52.707127,84.35889
5d2709d403f801723c32bd39_9609fb2f1c62cf3b7ac08521_0000000054610,1,52.707127,84.35889
5d2709d403f801723c32bd39_9609fb2f1c62cf3b7ac08521_0000000064589,1,49.615185,90.77918
5d2709d403f801723c32bd39_9609fb2f1c62cf3b7ac08521_0000000073327,1,43.947132,95.64103
5d2709d403f801723c32bd39_9609fb2f1c62cf3b7ac08521_0000000077258,1,43.947132,95.64103
5d2709d403f801723c32bd39_9609fb2f1c62cf3b7ac08521_0000000080603,1,43.947132,95.64103
5d2709d403f801723c32bd39_9609fb2f1c62cf3b7ac08521_0000000085965,1,43.947132,95.64103
5d2709d403f801723c32bd39_9609fb2f1c62cf3b7ac08521_0000000089808,1,49.615185,90.77918
5d2709d403f801723c32bd39_9609fb2f1c62cf3b7ac08521_0000000095770,1,53.35341999999999,88.662865
5d2709d403f801723c32bd39_9609fb2f1c62cf3b7ac08521_0000000109424,1,52.707127,84.35889
5d2709d403f801723c32bd39_9609fb2f1c62cf3b7ac08521_0000000117457,1,48.751540000000006,84.14964
5d2709d403f801723c32bd39_9609fb2f1c62cf3b7ac08521_0000000126364,1,49.615185,90.77918
5d2709d403f801723c32bd39_9609fb2f1c62cf3b7ac08521_0000000135891,1,49.615185,90.77918
5d2709d403f801723c32bd39_9609fb2f1c62cf3b7ac08521_0000000141956,1,43.947132,95.64103
5d2709d403f801723c32bd39_9609fb2f1c62cf3b7ac08521_0000000150992,1,43.947132,95.64103
5d2709d403f801723c32bd39_9609fb2f1c62cf3b7ac08521_0000000157991,1,46.91309,89.074585
5d2709d403f801723c32bd39_9609fb2f1c62cf3b7ac08521_0000000165500,1,49.615185,90.77918
5d2709d403f801723c32bd39_9fd3fbeb694c4b7a37c125d5_0000000000010,-1,61.47495,122.729324
5d2709d403f801723c32bd39_9fd3fbeb694c4b7a37c125d5_0000000006095,-1,55.741226,119.81378
5d2709d403f801723c32bd39_9fd3fbeb694c4b7a37c125d5_0000000011203,-1,55.741226,119.81378
5d2709d403f801723c32bd39_9fd3fbeb694c4b7a37c125d5_0000000023234,-1,47.654102,113.14059
5d2709d403f801723c32bd39_9fd3fbeb694c4b7a37c125d5_0000000034320,-1,44.29179,116.49881
5d2709d403f801723c32bd39_9fd3fbeb694c4b7a37c125d5_0000000042849,-1,42.02479,118.97635
5d2709d403f801723c32bd39_9fd3fbeb694c4b7a37c125d5_0000000052863,-1,44.25913,126.67589
5d2709d403f801723c32bd39_9fd3fbeb694c4b7a37c125d5_0000000063805,-1,42.878525,127.65192
5d2709d403f801723c32bd39_9fd3fbeb694c4b7a37c125d5_0000000070902,-1,42.878525,127.65192
5d2709d403f801723c32bd39_9fd3fbeb694c4b7a37c125d5_0000000080767,-1,42.02479,118.97635
5d2709d403f801723c32bd39_9fd3fbeb694c4b7a37c125d5_0000000092451,-1,42.02479,118.97635
5d2709d403f801723c32bd39_9fd3fbeb694c4b7a37c125d5_0000000097282,-1,44.29179,116.49881
5d2709d403f801723c32bd39_9fd3fbeb694c4b7a37c125d5_0000000103400,-1,44.29179,116.49881
5d2709d403f801723c32bd39_a0c05d232b01247a9ba48be0_0000000000008,1,33.0312,47.23918
5d2709d403f801723c32bd39_a0c05d232b01247a9ba48be0_0000000005111,1,35.109394,50.341457
5d2709d403f801723c32bd39_a0c05d232b01247a9ba48be0_0000000008028,1,35.109394,50.341457
5d2709d403f801723c32bd39_a0c05d232b01247a9ba48be0_0000000013383,1,41.689465000000006,50.15828
5d2709d403f801723c32bd39_a0c05d232b01247a9ba48be0_0000000019793,1,45.937115000000006,52.772186
5d2709d403f801723c32bd39_a0c05d232b01247a9ba48be0_0000000023971,1,44.861034,54.882217
5d2709d403f801723c32bd39_a0c05d232b01247a9ba48be0_0000000032783,1,41.689465000000006,50.15828
5d2709d403f801723c32bd39_a0c05d232b01247a9ba48be0_0000000039398,1,40.760567,52.7135
5d2709d403f801723c32bd39_a0c05d232b01247a9ba48be0_0000000047432,1,35.109394,50.341457
5d2709d403f801723c32bd39_a0c05d232b01247a9ba48be0_0000000053560,1,35.109394,50.341457
5d2709d403f801723c32bd39_a0c05d232b01247a9ba48be0_0000000062136,1,33.0312,47.23918
5d2709d403f801723c32bd39_a0c05d232b01247a9ba48be0_0000000066048,1,22.581041,43.029472
5d2709d403f801723c32bd39_a0c05d232b01247a9ba48be0_0000000076682,1,35.70296,41.660175
5d2709d403f801723c32bd39_a0c05d232b01247a9ba48be0_0000000086550,1,31.272108000000003,37.54598
5d2709d403f801723c32bd39_a0c05d232b01247a9ba48be0_0000000089959,1,31.272108000000003,37.54598
5d2709d403f801723c32bd39_a0c05d232b01247a9ba48be0_0000000097264,1,25.755615,31.952177
5d2709d403f801723c32bd39_a0c05d232b01247a9ba48be0_0000000104449,1,28.27457,28.757013
5d2709d403f801723c32bd39_a0c05d232b01247a9ba48be0_0000000108943,1,28.27457,28.757013
5d2709d403f801723c32bd39_a0c05d232b01247a9ba48be0_0000000123918,1,31.272108000000003,37.54598
5d2709d403f801723c32bd39_a0c05d232b01247a9ba48be0_0000000130017,1,35.70296,41.660175
5d2709d403f801723c32bd39_a0c05d232b01247a9ba48be0_0000000137260,1,35.70296,41.660175
5d2709d403f801723c32bd39_a0c05d232b01247a9ba48be0_0000000140514,1,33.0312,47.23918
5d2709d403f801723c32bd39_a0c05d232b01247a9ba48be0_0000000148293,1,35.70296,41.660175
5d2709d403f801723c32bd39_a221eeef88b64a9e58c95f6f_0000000000009,0,55.10054399999999,44.974766
5d2709d403f801723c32bd39_a221eeef88b64a9e58c95f6f_0000000017779,0,59.252296,41.971302
5d2709d403f801723c32bd39_a221eeef88b64a9e58c95f6f_0000000033236,0,53.084015,42.8456
5d2709d403f801723c32bd39_a221eeef88b64a9e58c95f6f_0000000043407,0,47.367847,48.73592
5d2709d403f801723c32bd39_a221eeef88b64a9e58c95f6f_0000000051156,0,47.367847,48.73592
5d2709d403f801723c32bd39_a221eeef88b64a9e58c95f6f_0000000061374,0,47.455532,55.860943000000006
5d2709d403f801723c32bd39_a221eeef88b64a9e58c95f6f_0000000067394,0,44.15981,53.8565
5d2709d403f801723c32bd39_a221eeef88b64a9e58c95f6f_0000000079090,0,45.57363,61.54795
5d2709d403f801723c32bd39_a221eeef88b64a9e58c95f6f_0000000087659,0,50.338806,63.431232
5d2709d403f801723c32bd39_a221eeef88b64a9e58c95f6f_0000000092846,0,52.711327,65.44884499999999
5d2709d403f801723c32bd39_a221eeef88b64a9e58c95f6f_0000000097657,0,56.007935,64.65221
5d2709d403f801723c32bd39_a4609e6c40ba7c527c8c5da2_0000000000013,0,89.48514,72.351524
5d2709d403f801723c32bd39_a4609e6c40ba7c527c8c5da2_0000000007514,0,95.587494,66.08361
5d2709d403f801723c32bd39_a4609e6c40ba7c527c8c5da2_0000000010278,0,94.494,62.350517
5d2709d403f801723c32bd39_a4609e6c40ba7c527c8c5da2_0000000014269,0,94.494,62.350517
5d2709d403f801723c32bd39_a4609e6c40ba7c527c8c5da2_0000000017391,0,92.3789,59.01725
5d2709d403f801723c32bd39_a4609e6c40ba7c527c8c5da2_0000000022641,0,92.3789,59.01725
5d2709d403f801723c32bd39_a4609e6c40ba7c527c8c5da2_0000000028905,0,90.10422,54.528645
5d2709d403f801723c32bd39_a4609e6c40ba7c527c8c5da2_0000000032568,0,87.29124,52.630196
5d2709d403f801723c32bd39_a4609e6c40ba7c527c8c5da2_0000000038032,0,81.84225500000001,51.861893
5d2709d403f801723c32bd39_a4609e6c40ba7c527c8c5da2_0000000043323,0,81.84225500000001,51.861893
5d2709d403f801723c32bd39_a4609e6c40ba7c527c8c5da2_0000000049631,0,77.014206,51.028267
5d2709d403f801723c32bd39_a4609e6c40ba7c527c8c5da2_0000000055014,0,72.76371,51.781834
5d2709d403f801723c32bd39_a4609e6c40ba7c527c8c5da2_0000000060209,0,67.24821,52.248158
5d2709d403f801723c32bd39_a4609e6c40ba7c527c8c5da2_0000000065662,0,64.20962,56.591423
5d2709d403f801723c32bd39_a4609e6c40ba7c527c8c5da2_0000000071051,0,64.20962,56.591423
5d2709d403f801723c32bd39_a4609e6c40ba7c527c8c5da2_0000000076558,0,61.376434,60.35612
5d2709d403f801723c32bd39_a4609e6c40ba7c527c8c5da2_0000000095355,0,64.20962,56.591423
5d2709d403f801723c32bd39_a4609e6c40ba7c527c8c5da2_0000000098227,0,64.20962,56.591423
5d2709d403f801723c32bd39_a4609e6c40ba7c527c8c5da2_0000000103489,0,67.24821,52.248158
5d2709d403f801723c32bd39_a4609e6c40ba7c527c8c5da2_0000000108686,0,72.76371,51.781834
5d2709d403f801723c32bd39_a4609e6c40ba7c527c8c5da2_0000000114348,0,77.014206,51.028267
5d2709d403f801723c32bd39_a4609e6c40ba7c527c8c5da2_0000000119124,0,77.014206,51.028267
5d2709d403f801723c32bd39_a4609e6c40ba7c527c8c5da2_0000000123936,0,81.84225500000001,51.861893
5d2709d403f801723c32bd39_a4609e6c40ba7c527c8c5da2_0000000128524,0,82.43628000000001,50.750397
5d2709d403f801723c32bd39_a4609e6c40ba7c527c8c5da2_0000000131526,0,87.29124,52.630196
5d2709d403f801723c32bd39_a4609e6c40ba7c527c8c5da2_0000000136178,0,87.29124,52.630196
5d2709d403f801723c32bd39_a4609e6c40ba7c527c8c5da2_0000000143691,0,90.10422,54.528645
5d2709d403f801723c32bd39_a4609e6c40ba7c527c8c5da2_0000000150155,0,92.3789,59.01725
5d2709d403f801723c32bd39_a4609e6c40ba7c527c8c5da2_0000000159645,0,90.10422,54.528645
5d2709d403f801723c32bd39_a4609e6c40ba7c527c8c5da2_0000000163932,0,90.10422,54.528645
5d2709d403f801723c32bd39_a4609e6c40ba7c527c8c5da2_0000000167738,0,87.29124,52.630196
5d2709d403f801723c32bd39_a4609e6c40ba7c527c8c5da2_0000000171265,0,87.29124,52.630196
5d2709d403f801723c32bd39_a4609e6c40ba7c527c8c5da2_0000000175812,0,81.84225500000001,51.861893
5d2709d403f801723c32bd39_a4609e6c40ba7c527c8c5da2_0000000180103,0,81.84225500000001,51.861893
5d2709d403f801723c32bd39_a4609e6c40ba7c527c8c5da2_0000000183784,0,77.014206,51.028267
5d2709d403f801723c32bd39_a4609e6c40ba7c527c8c5da2_0000000190336,0,72.76371,51.781834
5d2709d403f801723c32bd39_a4609e6c40ba7c527c8c5da2_0000000196137,0,72.76371,51.781834
5d2709d403f801723c32bd39_a4609e6c40ba7c527c8c5da2_0000000201182,0,67.24821,52.248158
5d2709d403f801723c32bd39_a4609e6c40ba7c527c8c5da2_0000000205990,0,64.20962,56.591423
5d2709d403f801723c32bd39_a4609e6c40ba7c527c8c5da2_0000000216272,0,63.10274,55.72129399999999
5d2709d403f801723c32bd39_a4609e6c40ba7c527c8c5da2_0000000219789,0,62.219227,54.74723
5d2709d403f801723c32bd39_a4609e6c40ba7c527c8c5da2_0000000229864,0,60.011925,59.611534
5d2709d403f801723c32bd39_a4609e6c40ba7c527c8c5da2_0000000239349,0,63.10274,55.72129399999999
5d2709d403f801723c32bd39_a4609e6c40ba7c527c8c5da2_0000000244174,0,62.219227,54.74723
5d2709d403f801723c32bd39_a4609e6c40ba7c527c8c5da2_0000000253429,0,67.24821,52.248158
5d2709d403f801723c32bd39_a4609e6c40ba7c527c8c5da2_0000000263232,0,72.76371,51.781834
5d2709d403f801723c32bd39_a4609e6c40ba7c527c8c5da2_0000000269037,0,72.471176,50.086037
5d2709d403f801723c32bd39_b1f1e78acfb77ad82d538183_0000000000012,-1,101.0,130.0
5d2709d403f801723c32bd39_b1f1e78acfb77ad82d538183_0000000006872,-1,98.0,130.5
5d2709d403f801723c32bd39_b1f1e78acfb77ad82d538183_0000000019526,-1,100.0,136.0
5d2709d403f801723c32bd39_b1f1e78acfb77ad82d538183_0000000029369,-1,99.5,134.0
5d2709d403f801723c32bd39_b1f1e78acfb77ad82d538183_0000000038353,-1,101.0,130.0
5d2709d403f801723c32bd39_b1f1e78acfb77ad82d538183_0000000044620,-1,108.5,131.5
5d2709d403f801723c32bd39_b1f1e78acfb77ad82d538183_0000000055515,-1,101.0,130.0
5d2709d403f801723c32bd39_b1f1e78acfb77ad82d538183_0000000068385,-1,100.0,136.0
5d2709d403f801723c32bd39_b1f1e78acfb77ad82d538183_0000000078425,-1,100.0,136.0
5d2709d403f801723c32bd39_b1f1e78acfb77ad82d538183_0000000085051,-1,100.0,136.0
5d2709d403f801723c32bd39_b1f1e78acfb77ad82d538183_0000000093601,-1,98.0,130.5
5d2709d403f801723c32bd39_b1f1e78acfb77ad82d538183_0000000103875,-1,93.0,128.5
5d2709d403f801723c32bd39_b1f1e78acfb77ad82d538183_0000000107719,-1,93.0,128.5
5d2709d403f801723c32bd39_b1f1e78acfb77ad82d538183_0000000112863,-1,96.5,124.75
5d2709d403f801723c32bd39_b1f1e78acfb77ad82d538183_0000000123718,-1,95.0,119.0
5d2709d403f801723c32bd39_b1f1e78acfb77ad82d538183_0000000132689,-1,95.0,119.0
5d2709d403f801723c32bd39_b1f1e78acfb77ad82d538183_0000000141560,-1,96.5,124.75
5d2709d403f801723c32bd39_b1f1e78acfb77ad82d538183_0000000151300,-1,98.0,130.5
5d2709d403f801723c32bd39_b1f1e78acfb77ad82d538183_0000000161423,-1,99.5,134.0
5d2709d403f801723c32bd39_b1f1e78acfb77ad82d538183_0000000170739,-1,103.0,133.0
5d2709d403f801723c32bd39_b1f1e78acfb77ad82d538183_0000000186373,-1,100.0,136.0
5d2709d403f801723c32bd39_b1f1e78acfb77ad82d538183_0000000190983,-1,100.0,136.0
5d2709d403f801723c32bd39_b1f1e78acfb77ad82d538183_0000000199584,-1,99.5,134.0
5d2709d403f801723c32bd39_b1f1e78acfb77ad82d538183_0000000211999,-1,93.0,128.5
5d2709d403f801723c32bd39_b1f1e78acfb77ad82d538183_0000000218231,-1,93.0,128.5
5d2709d403f801723c32bd39_b1f1e78acfb77ad82d538183_0000000227739,-1,96.5,124.75
5d2709d403f801723c32bd39_b1f1e78acfb77ad82d538183_0000000233054,-1,95.0,119.0
5d2709d403f801723c32bd39_b1f1e78acfb77ad82d538183_0000000248439,-1,84.66045,113.953835
5d2709d403f801723c32bd39_b2dd56b88cf0d00902503eba_0000000000010,0,95.6244,102.647
5d2709d403f801723c32bd39_b2dd56b88cf0d00902503eba_0000000014157,0,88.7,116.9
5d2709d403f801723c32bd39_b2dd56b88cf0d00902503eba_0000000017556,0,88.7,116.9
5d2709d403f801723c32bd39_b2dd56b88cf0d00902503eba_0000000032055,0,89.74444444444445,120.63333333333334
5d2709d403f801723c32bd39_b2dd56b88cf0d00902503eba_0000000041015,0,87.9,124.76666666666668
5d2709d403f801723c32bd39_b2dd56b88cf0d00902503eba_0000000049192,0,87.5,122.85
5d2709d403f801723c32bd39_b2dd56b88cf0d00902503eba_0000000052316,0,87.10000000000001,120.93333333333334
5d2709d403f801723c32bd39_b2dd56b88cf0d00902503eba_0000000064154,0,85.01111111111112,125.16666666666669
5d2709d403f801723c32bd39_b2dd56b88cf0d00902503eba_0000000075363,0,76.27929,136.0093
5d2709d403f801723c32bd39_b2dd56b88cf0d00902503eba_0000000080987,0,85.28888888888889,127.13333333333333
5d2709d403f801723c32bd39_b2dd56b88cf0d00902503eba_0000000087348,0,85.28888888888889,127.13333333333333
5d2709d403f801723c32bd39_b2dd56b88cf0d00902503eba_0000000091856,0,85.01111111111112,125.16666666666669
5d2709d403f801723c32bd39_b7987955dad0b6685500132b_0000000000009,-1,121.805046,79.509445
5d2709d403f801723c32bd39_b7987955dad0b6685500132b_0000000006017,-1,122.145294,76.28939
5d2709d403f801723c32bd39_b7987955dad0b6685500132b_0000000012854,-1,121.96623999999998,72.0062
5d2709d403f801723c32bd39_b7987955dad0b6685500132b_0000000027697,-1,120.47027,59.30776
5d2709d403f801723c32bd39_b7987955dad0b6685500132b_0000000040274,-1,117.31221,54.674686
5d2709d403f801723c32bd39_b7987955dad0b6685500132b_0000000049403,-1,112.481186,49.00226
5d2709d403f801723c32bd39_b7987955dad0b6685500132b_0000000064145,-1,107.267654,44.97376
5d2709d403f801723c32bd39_b7987955dad0b6685500132b_0000000072963,-1,102.06138,42.094536
5d2709d403f801723c32bd39_b7987955dad0b6685500132b_0000000085024,-1,102.06138,42.094536
5d2709d403f801723c32bd39_b7987955dad0b6685500132b_0000000091868,-1,103.09753,37.874462
5d2709d403f801723c32bd39_b7987955dad0b6685500132b_0000000096777,-1,100.1716,31.776602
5d2709d403f801723c32bd39_b7987955dad0b6685500132b_0000000105859,-1,105.10074,33.586535999999995
5d2709d403f801723c32bd39_b7987955dad0b6685500132b_0000000112025,-1,105.10074,33.586535999999995
5d2709d403f801723c32bd39_b7987955dad0b6685500132b_0000000116415,-1,103.09753,37.874462
5d2709d403f801723c32bd39_b7987955dad0b6685500132b_0000000122417,-1,102.06138,42.094536
5d2709d403f801723c32bd39_b7987955dad0b6685500132b_0000000128381,-1,107.267654,44.97376
5d2709d403f801723c32bd39_b7987955dad0b6685500132b_0000000136824,-1,102.06138,42.094536
5d2709d403f801723c32bd39_b7987955dad0b6685500132b_0000000149248,-1,102.06138,42.094536
5d2709d403f801723c32bd39_b7987955dad0b6685500132b_0000000158509,-1,103.09753,37.874462
5d2709d403f801723c32bd39_b7987955dad0b6685500132b_0000000167828,-1,105.10074,33.586535999999995
5d2709d403f801723c32bd39_b7987955dad0b6685500132b_0000000177114,-1,100.1716,31.776602
5d2709d403f801723c32bd39_b7987955dad0b6685500132b_0000000186086,-1,105.10074,33.586535999999995
5d2709d403f801723c32bd39_b7987955dad0b6685500132b_0000000196894,-1,102.06138,42.094536
5d2709d403f801723c32bd39_b7987955dad0b6685500132b_0000000206480,-1,107.267654,44.97376
5d2709d403f801723c32bd39_b7987955dad0b6685500132b_0000000219667,-1,107.267654,44.97376
5d2709d403f801723c32bd39_c49c72f7f7036cc8a661917e_0000000000008,-1,70.0,37.5
5d2709d403f801723c32bd39_c49c72f7f7036cc8a661917e_0000000004910,-1,76.5,35.5
5d2709d403f801723c32bd39_c49c72f7f7036cc8a661917e_0000000012091,-1,82.5,34.5
5d2709d403f801723c32bd39_c49c72f7f7036cc8a661917e_0000000019864,-1,82.5,34.5
5d2709d403f801723c32bd39_c49c72f7f7036cc8a661917e_0000000027757,-1,88.04661999999999,33.893066
5d2709d403f801723c32bd39_c49c72f7f7036cc8a661917e_0000000038636,-1,82.5,36.5
5d2709d403f801723c32bd39_c49c72f7f7036cc8a661917e_0000000042660,-1,82.5,34.5
5d2709d403f801723c32bd39_c49c72f7f7036cc8a661917e_0000000051026,-1,76.5,35.5
5d2709d403f801723c32bd39_c49c72f7f7036cc8a661917e_0000000055816,-1,76.5,35.5
5d2709d403f801723c32bd39_c49c72f7f7036cc8a661917e_0000000067533,-1,70.0,37.5
5d2709d403f801723c32bd39_c49c72f7f7036cc8a661917e_0000000075303,-1,68.0,38.5
5d2709d403f801723c32bd39_c49c72f7f7036cc8a661917e_0000000083021,-1,68.5,35.0
5d2709d403f801723c32bd39_c49c72f7f7036cc8a661917e_0000000090229,-1,68.0,38.5
5d2709d403f801723c32bd39_c49c72f7f7036cc8a661917e_0000000097483,-1,71.0,40.0
5d2709d403f801723c32bd39_c49c72f7f7036cc8a661917e_0000000106449,-1,77.0,43.0
5d2709d403f801723c32bd39_c49c72f7f7036cc8a661917e_0000000118372,-1,83.0,42.0
5d2709d403f801723c32bd39_c49c72f7f7036cc8a661917e_0000000126592,-1,88.0,42.0
5d2709d403f801723c32bd39_c49c72f7f7036cc8a661917e_0000000134768,-1,88.15064,36.266422
5d2709d403f801723c32bd39_d6daf4cca1df91ce7f5ca2c6_0000000000022,-1,54.150352000000005,110.31738
5d2709d403f801723c32bd39_d6daf4cca1df91ce7f5ca2c6_0000000011633,-1,58.795036,116.15339
5d2709d403f801723c32bd39_d6daf4cca1df91ce7f5ca2c6_0000000025751,-1,54.150352000000005,110.31738
5d2709d403f801723c32bd39_d6daf4cca1df91ce7f5ca2c6_0000000033126,-1,49.610252,111.56603
5d2709d403f801723c32bd39_d6daf4cca1df91ce7f5ca2c6_0000000038280,-1,49.610252,111.56603
5d2709d403f801723c32bd39_d6daf4cca1df91ce7f5ca2c6_0000000044666,-1,47.654102,113.14059
5d2709d403f801723c32bd39_d6daf4cca1df91ce7f5ca2c6_0000000051677,-1,44.29179,116.49881
5d2709d403f801723c32bd39_d6daf4cca1df91ce7f5ca2c6_0000000056875,-1,44.29179,116.49881
5d2709d403f801723c32bd39_d6daf4cca1df91ce7f5ca2c6_0000000064591,-1,42.02479,118.97635
5d2709d403f801723c32bd39_d6daf4cca1df91ce7f5ca2c6_0000000075088,-1,42.02479,118.97635
5d2709d403f801723c32bd39_d6daf4cca1df91ce7f5ca2c6_0000000081926,-1,36.896614,113.258415
5d2709d403f801723c32bd39_d6daf4cca1df91ce7f5ca2c6_0000000088721,-1,36.896614,113.258415
5d2709d403f801723c32bd39_d6daf4cca1df91ce7f5ca2c6_0000000096690,-1,33.743953999999995,108.17061
5d2709d403f801723c32bd39_d6daf4cca1df91ce7f5ca2c6_0000000111463,-1,30.563799,101.48327
5d2709d403f801723c32bd39_d6daf4cca1df91ce7f5ca2c6_0000000121470,-1,25.658426,94.22698
5d2709d403f801723c32bd39_d6daf4cca1df91ce7f5ca2c6_0000000126598,-1,25.658426,94.22698
5d2709d403f801723c32bd39_d6daf4cca1df91ce7f5ca2c6_0000000130739,-1,24.49266,87.663155
5d2709d403f801723c32bd39_d6daf4cca1df91ce7f5ca2c6_0000000135094,-1,24.49266,87.663155
5d2709d403f801723c32bd39_d6daf4cca1df91ce7f5ca2c6_0000000139917,-1,26.159103,84.54133
5d2709d403f801723c32bd39_d6daf4cca1df91ce7f5ca2c6_0000000152302,-1,24.49266,87.663155
5d2709d403f801723c32bd39_d6daf4cca1df91ce7f5ca2c6_0000000155636,-1,27.911636,92.25509
5d2709d403f801723c32bd39_d6daf4cca1df91ce7f5ca2c6_0000000162590,-1,25.658426,94.22698
5d2709d403f801723c32bd39_d6daf4cca1df91ce7f5ca2c6_0000000165484,-1,25.658426,94.22698
5d2709d403f801723c32bd39_d6daf4cca1df91ce7f5ca2c6_0000000173897,-1,30.563799,101.48327
5d2709d403f801723c32bd39_d6daf4cca1df91ce7f5ca2c6_0000000184192,-1,33.743953999999995,108.17061
5d2709d403f801723c32bd39_d6daf4cca1df91ce7f5ca2c6_0000000192239,-1,33.743953999999995,108.17061
5d2709d403f801723c32bd39_d6daf4cca1df91ce7f5ca2c6_0000000200626,-1,36.896614,113.258415
5d2709d403f801723c32bd39_d6daf4cca1df91ce7f5ca2c6_0000000210171,-1,44.29179,116.49881
5d2709d403f801723c32bd39_d6daf4cca1df91ce7f5ca2c6_0000000224834,-1,36.896614,113.258415
5d2709d403f801723c32bd39_d6daf4cca1df91ce7f5ca2c6_0000000228795,-1,36.896614,113.258415
5d2709d403f801723c32bd39_d6daf4cca1df91ce7f5ca2c6_0000000235861,-1,32.50118,110.41871
5d2709d403f801723c32bd39_d6daf4cca1df91ce7f5ca2c6_0000000239354,-1,33.743953999999995,108.17061
5d2709d403f801723c32bd39_d817eb4bd2f39280ea1037b9_0000000000008,-1,121.90343,90.532295
5d2709d403f801723c32bd39_d817eb4bd2f39280ea1037b9_0000000009081,-1,121.97149,97.042564
5d2709d403f801723c32bd39_d817eb4bd2f39280ea1037b9_0000000030114,-1,121.90343,90.532295
5d2709d403f801723c32bd39_d817eb4bd2f39280ea1037b9_0000000037504,-1,121.66418,85.04263
5d2709d403f801723c32bd39_d817eb4bd2f39280ea1037b9_0000000044773,-1,124.81753,85.3614
5d2709d403f801723c32bd39_d817eb4bd2f39280ea1037b9_0000000051788,-1,121.805046,79.509445
5d2709d403f801723c32bd39_d817eb4bd2f39280ea1037b9_0000000058069,-1,122.145294,76.28939
5d2709d403f801723c32bd39_d817eb4bd2f39280ea1037b9_0000000067911,-1,121.96623999999998,72.0062
5d2709d403f801723c32bd39_d817eb4bd2f39280ea1037b9_0000000073183,-1,125.30612,69.90861
5d2709d403f801723c32bd39_d817eb4bd2f39280ea1037b9_0000000083503,-1,124.80746,66.10922
5d2709d403f801723c32bd39_d817eb4bd2f39280ea1037b9_0000000091707,-1,122.93182,62.36988
5d2709d403f801723c32bd39_d817eb4bd2f39280ea1037b9_0000000104858,-1,125.30612,69.90861
5d2709d403f801723c32bd39_d817eb4bd2f39280ea1037b9_0000000114650,-1,124.80746,66.10922
5d2709d403f801723c32bd39_d817eb4bd2f39280ea1037b9_0000000123016,-1,122.93182,62.36988
5d2709d403f801723c32bd39_d817eb4bd2f39280ea1037b9_0000000135252,-1,117.31221,54.674686
5d2709d403f801723c32bd39_d817eb4bd2f39280ea1037b9_0000000145170,-1,112.481186,49.00226
5d2709d403f801723c32bd39_d817eb4bd2f39280ea1037b9_0000000158702,-1,107.267654,44.97376
5d2709d403f801723c32bd39_d95450e3be51a1d7d284a29b_0000000000007,-1,110.16776000000002,106.41319
5d2709d403f801723c32bd39_d95450e3be51a1d7d284a29b_0000000008046,-1,114.20792,105.105194
5d2709d403f801723c32bd39_d95450e3be51a1d7d284a29b_0000000028485,-1,120.08752,95.06738
5d2709d403f801723c32bd39_d95450e3be51a1d7d284a29b_0000000044639,-1,124.81753,85.3614
5d2709d403f801723c32bd39_d95450e3be51a1d7d284a29b_0000000061603,-1,128.25726,78.95345
5d2709d403f801723c32bd39_d95450e3be51a1d7d284a29b_0000000068486,-1,130.72928000000002,75.989365
5d2709d403f801723c32bd39_db7b0850aed5577702f151c4_0000000000010,1,26.5,65.0
5d2709d403f801723c32bd39_db7b0850aed5577702f151c4_0000000011451,1,26.5,70.5
5d2709d403f801723c32bd39_db7b0850aed5577702f151c4_0000000016045,1,27.0,75.0
5d2709d403f801723c32bd39_db7b0850aed5577702f151c4_0000000032598,1,34.5,74.5
5d2709d403f801723c32bd39_db7b0850aed5577702f151c4_0000000055201,1,47.06779,76.166664
5d2709d403f801723c32bd39_db7b0850aed5577702f151c4_0000000067838,1,42.664337,74.121086
5d2709d403f801723c32bd39_db7b0850aed5577702f151c4_0000000091433,1,27.0,75.0
5d2709d403f801723c32bd39_db7b0850aed5577702f151c4_0000000100521,1,26.5,70.5
5d2709d403f801723c32bd39_db7b0850aed5577702f151c4_0000000108250,1,26.5,65.0
5d2709d403f801723c32bd39_db7b0850aed5577702f151c4_0000000123094,1,34.5,66.0
5d2709d403f801723c32bd39_db7b0850aed5577702f151c4_0000000133307,1,38.5,66.5
5d2709d403f801723c32bd39_db7b0850aed5577702f151c4_0000000143628,1,34.5,66.0
5d2709d403f801723c32bd39_db7b0850aed5577702f151c4_0000000153045,1,30.5,65.5
5d2709d403f801723c32bd39_db7b0850aed5577702f151c4_0000000165901,1,34.5,66.0
5d2709d403f801723c32bd39_db7b0850aed5577702f151c4_0000000174286,1,38.5,66.5
5d2709d403f801723c32bd39_db7b0850aed5577702f151c4_0000000192532,1,30.5,65.5
5d2709d403f801723c32bd39_db7b0850aed5577702f151c4_0000000207041,1,26.5,70.5
5d2709d403f801723c32bd39_db7b0850aed5577702f151c4_0000000221823,1,27.0,75.0
5d2709d403f801723c32bd39_db7b0850aed5577702f151c4_0000000234531,1,30.5,74.5
5d2709d403f801723c32bd39_db7b0850aed5577702f151c4_0000000242363,1,38.5,74.0
5d2709d403f801723c32bd39_db7b0850aed5577702f151c4_0000000255733,1,30.5,74.5
5d2709d403f801723c32bd39_db7b0850aed5577702f151c4_0000000264731,1,27.0,75.0
5d2709d403f801723c32bd39_db7b0850aed5577702f151c4_0000000277423,1,26.5,70.5
5d2709d403f801723c32bd39_db7b0850aed5577702f151c4_0000000291567,1,26.5,65.0
5d2709d403f801723c32bd39_db7b0850aed5577702f151c4_0000000302737,1,34.5,66.0
5d2709d403f801723c32bd39_eafbdd565c2e1e7650607e43_0000000000013,-1,107.267654,44.97376
5d2709d403f801723c32bd39_eafbdd565c2e1e7650607e43_0000000008874,-1,108.983376,46.201523
5d2709d403f801723c32bd39_eafbdd565c2e1e7650607e43_0000000017460,-1,112.481186,49.00226
5d2709d403f801723c32bd39_eafbdd565c2e1e7650607e43_0000000028231,-1,116.48031,50.04637
5d2709d403f801723c32bd39_eafbdd565c2e1e7650607e43_0000000035775,-1,119.11152,53.12686
5d2709d403f801723c32bd39_eafbdd565c2e1e7650607e43_0000000043568,-1,117.31221,54.674686
5d2709d403f801723c32bd39_eafbdd565c2e1e7650607e43_0000000058863,-1,125.934,61.148388
5d2709d403f801723c32bd39_eafbdd565c2e1e7650607e43_0000000070598,-1,122.93182,62.36988
5d2709d403f801723c32bd39_eafbdd565c2e1e7650607e43_0000000085446,-1,115.291504,55.22104
5d2709d403f801723c32bd39_eafbdd565c2e1e7650607e43_0000000097265,-1,120.47027,59.30776
5d2709d403f801723c32bd39_eafbdd565c2e1e7650607e43_0000000105437,-1,124.26325,57.48268
5d2709d403f801723c32bd39_eafbdd565c2e1e7650607e43_0000000117691,-1,127.91018,55.44144
5d2709d403f801723c32bd39_eafbdd565c2e1e7650607e43_0000000124952,-1,133.16743,54.32745
5d2709d403f801723c32bd39_eafbdd565c2e1e7650607e43_0000000131027,-1,133.10924,52.384346
5d2709d403f801723c32bd39_eb1988b0b15be78203297cbf_0000000000006,-1,177.9515,52.31447
5d2709d403f801723c32bd39_eb1988b0b15be78203297cbf_0000000005999,-1,171.76546000000002,52.148445
5d2709d403f801723c32bd39_eb1988b0b15be78203297cbf_0000000009634,-1,171.76546000000002,52.148445
5d2709d403f801723c32bd39_eb1988b0b15be78203297cbf_0000000013196,-1,171.76546000000002,52.148445
5d2709d403f801723c32bd39_eb1988b0b15be78203297cbf_0000000015812,-1,167.95161000000002,52.134953
5d2709d403f801723c32bd39_eb1988b0b15be78203297cbf_0000000019422,-1,167.95161000000002,52.134953
5d2709d403f801723c32bd39_eb1988b0b15be78203297cbf_0000000023606,-1,167.95161000000002,52.134953
5d2709d403f801723c32bd39_eb1988b0b15be78203297cbf_0000000030866,-1,162.79561,60.86196999999999
5d2709d403f801723c32bd39_eb1988b0b15be78203297cbf_0000000043074,-1,157.01198,60.957138
5d2709d403f801723c32bd39_eb1988b0b15be78203297cbf_0000000049170,-1,151.47284,60.810444
5d2709d403f801723c32bd39_eb1988b0b15be78203297cbf_0000000053479,-1,151.47284,60.810444
5d2709d403f801723c32bd39_eb1988b0b15be78203297cbf_0000000060162,-1,151.47284,60.810444
5d2709d403f801723c32bd39_eb1988b0b15be78203297cbf_0000000065394,-1,157.01198,60.957138
5d2709d403f801723c32bd39_eb1988b0b15be78203297cbf_0000000070783,-1,157.01198,60.957138
5d2709d403f801723c32bd39_eb1988b0b15be78203297cbf_0000000077024,-1,162.79561,60.86196999999999
5d2709d403f801723c32bd39_eb1988b0b15be78203297cbf_0000000080385,-1,162.79561,60.86196999999999
5d2709d403f801723c32bd39_eb1988b0b15be78203297cbf_0000000084904,-1,166.6093,60.844746
5d2709d403f801723c32bd39_eb1988b0b15be78203297cbf_0000000089068,-1,166.6093,60.844746
5d2709d403f801723c32bd39_eb1988b0b15be78203297cbf_0000000092176,-1,166.6093,60.844746
5d2709d403f801723c32bd39_eb1988b0b15be78203297cbf_0000000095943,-1,166.6093,60.844746
5d2709d403f801723c32bd39_eb1988b0b15be78203297cbf_0000000109739,-1,177.9515,52.31447
5d2709d403f801723c32bd39_eb1988b0b15be78203297cbf_0000000117767,-1,171.76546000000002,52.148445
5d2709d403f801723c32bd39_eb1988b0b15be78203297cbf_0000000125967,-1,171.76546000000002,52.148445
5d2709d403f801723c32bd39_eb1988b0b15be78203297cbf_0000000131559,-1,171.76546000000002,52.148445
5d2709d403f801723c32bd39_eb1988b0b15be78203297cbf_0000000137574,-1,167.95161000000002,52.134953
5d2709d403f801723c32bd39_eb1988b0b15be78203297cbf_0000000143343,-1,167.95161000000002,52.134953
5d2709d403f801723c32bd39_eb1988b0b15be78203297cbf_0000000149825,-1,167.95161000000002,52.134953
5d2709d403f801723c32bd39_eb1988b0b15be78203297cbf_0000000156943,-1,167.95161000000002,52.134953
5d2709d403f801723c32bd39_f0d402a465655bfc8ab41242_0000000000011,1,77.693794,25.581972
5d2709d403f801723c32bd39_f0d402a465655bfc8ab41242_0000000005957,1,79.99767,21.122753
5d2709d403f801723c32bd39_f0d402a465655bfc8ab41242_0000000016522,1,79.14873,31.385288
5d2709d403f801723c32bd39_f0d402a465655bfc8ab41242_0000000021572,1,79.14873,31.385288
5d2709d403f801723c32bd39_f0d402a465655bfc8ab41242_0000000028111,1,84.74602,36.41706
5d2709d403f801723c32bd39_f0d402a465655bfc8ab41242_0000000043898,1,96.12984,40.56749
5d2709d403f801723c32bd39_f0d402a465655bfc8ab41242_0000000050536,1,94.34014,44.9087
5d2709d403f801723c32bd39_f0d402a465655bfc8ab41242_0000000055929,1,93.64294,49.808872
5d2709d403f801723c32bd39_f0d402a465655bfc8ab41242_0000000068342,1,87.52242,45.366947
5d2709d403f801723c32bd39_f0d402a465655bfc8ab41242_0000000078439,1,78.96833000000001,44.530743
5d2709d403f801723c32bd39_f0d402a465655bfc8ab41242_0000000084625,1,73.68439000000001,43.917892
5d2709d403f801723c32bd39_f0d402a465655bfc8ab41242_0000000091098,1,68.21599599999999,44.4935
5d2709d403f801723c32bd39_f4bd7479dbe91f3d18f44c49_0000000000008,-1,142.91451999999998,57.908104
5d2709d403f801723c32bd39_f4bd7479dbe91f3d18f44c49_0000000005879,-1,145.0,61.0
5d2709d403f801723c32bd39_f4bd7479dbe91f3d18f44c49_0000000008149,-1,145.0,61.0
5d2709d403f801723c32bd39_f4bd7479dbe91f3d18f44c49_0000000013089,-1,145.0,64.5
5d2709d403f801723c32bd39_f4bd7479dbe91f3d18f44c49_0000000018450,-1,145.0,68.0
5d2709d403f801723c32bd39_f4bd7479dbe91f3d18f44c49_0000000021713,-1,145.0,68.0
5d2709d403f801723c32bd39_f4bd7479dbe91f3d18f44c49_0000000025206,-1,145.0,71.5
5d2709d403f801723c32bd39_f4bd7479dbe91f3d18f44c49_0000000027178,-1,145.0,71.5
5d2709d403f801723c32bd39_f4bd7479dbe91f3d18f44c49_0000000041279,-1,146.22691,76.48614
5d2709d403f801723c32bd39_f4bd7479dbe91f3d18f44c49_0000000047438,-1,145.18669,81.04389
5d2709d403f801723c32bd39_f4bd7479dbe91f3d18f44c49_0000000058257,-1,146.22691,76.48614
5d2709d403f801723c32bd39_f4bd7479dbe91f3d18f44c49_0000000061703,-1,145.30228,73.8498
5d2709d403f801723c32bd39_f4bd7479dbe91f3d18f44c49_0000000072901,-1,138.85135,74.16559000000001
5d2709d403f801723c32bd39_f4bd7479dbe91f3d18f44c49_0000000080759,-1,137.51761000000002,76.286385
5d2709d403f801723c32bd39_f4bd7479dbe91f3d18f44c49_0000000087468,-1,138.85135,74.16559000000001
5d2709d403f801723c32bd39_f4bd7479dbe91f3d18f44c49_0000000096387,-1,138.85135,74.16559000000001
5d2709d403f801723c32bd39_f4bd7479dbe91f3d18f44c49_0000000104942,-1,143.0,71.5
5d2709d403f801723c32bd39_f4bd7479dbe91f3d18f44c49_0000000110703,-1,143.0,71.5
5d2709d403f801723c32bd39_f4bd7479dbe91f3d18f44c49_0000000117161,-1,145.0,68.0
5d2709d403f801723c32bd39_f4bd7479dbe91f3d18f44c49_0000000123285,-1,145.0,64.5
5d2709d403f801723c32bd39_f4bd7479dbe91f3d18f44c49_0000000127217,-1,145.0,64.5
5d2709d403f801723c32bd39_f4bd7479dbe91f3d18f44c49_0000000144740,-1,145.0,68.0
5d2709d403f801723c32bd39_f4bd7479dbe91f3d18f44c49_0000000149612,-1,145.0,71.5
5d2709d403f801723c32bd39_f4bd7479dbe91f3d18f44c49_0000000159363,-1,145.30228,73.8498
5d2709d403f801723c32bd39_f4bd7479dbe91f3d18f44c49_0000000166693,-1,146.22691,76.48614
5d2709d403f801723c32bd39_f4bd7479dbe91f3d18f44c49_0000000174785,-1,146.27617,79.57007
5d2709d403f801723c32bd39_f4bd7479dbe91f3d18f44c49_0000000181247,-1,146.27617,79.57007
5d2709d403f801723c32bd39_f4bd7479dbe91f3d18f44c49_0000000190150,-1,145.0,83.5
5d2709d403f801723c32bd39_f4bd7479dbe91f3d18f44c49_0000000198379,-1,152.625,88.5
5d2709d403f801723c32bd39_f4bd7479dbe91f3d18f44c49_0000000209298,-1,152.625,88.5
5d2709d403f801723c32bd39_f4bd7479dbe91f3d18f44c49_0000000215360,-1,157.25,88.5
5d2709d403f801723c32bd39_f4bd7479dbe91f3d18f44c49_0000000222584,-1,161.875,88.5
5d2709d403f801723c32bd39_f4bd7479dbe91f3d18f44c49_0000000230193,-1,166.5,88.5
5d2709d403f801723c32bd39_f4bd7479dbe91f3d18f44c49_0000000236428,-1,169.0,89.0
5d2709d403f801723c32bd39_f4bd7479dbe91f3d18f44c49_0000000244934,-1,172.5,89.0
5d2709d403f801723c32bd39_f4bd7479dbe91f3d18f44c49_0000000249514,-1,172.5,89.0
5d2709d403f801723c32bd39_f4bd7479dbe91f3d18f44c49_0000000257907,-1,178.0,85.9
5d2709d403f801723c32bd39_f4bd7479dbe91f3d18f44c49_0000000265936,-1,178.0,80.3
5d2709d403f801723c32bd39_f4bd7479dbe91f3d18f44c49_0000000270982,-1,176.83575,76.75851999999999
5d2709d403f801723c32bd39_f4bd7479dbe91f3d18f44c49_0000000274411,-1,178.0,74.7
5d2709d403f801723c32bd39_f4bd7479dbe91f3d18f44c49_0000000277794,-1,177.77792,74.61726
5d2709d403f801723c32bd39_f4bd7479dbe91f3d18f44c49_0000000284034,-1,178.0,69.10000000000001
5d2709d403f801723c32bd39_f4bd7479dbe91f3d18f44c49_0000000293712,-1,178.0,63.5
5d2709d403f801723c32bd39_f4bd7479dbe91f3d18f44c49_0000000303049,-1,177.9515,52.31447
5d2709d403f801723c32bd39_f4bd7479dbe91f3d18f44c49_0000000309491,-1,177.9515,52.31447
5d2709d403f801723c32bd39_f4bd7479dbe91f3d18f44c49_0000000316770,-1,177.57251000000002,47.378487
5d2709d403f801723c32bd39_f4bd7479dbe91f3d18f44c49_0000000321690,-1,177.57251000000002,47.378487
5d2709d403f801723c32bd39_f4bd7479dbe91f3d18f44c49_0000000327122,-1,178.84085,42.018883
5d2709d403f801723c32bd39_f4bd7479dbe91f3d18f44c49_0000000332771,-1,179.15578,37.660583
5d2709d403f801723c32bd39_f4bd7479dbe91f3d18f44c49_0000000336694,-1,178.99611000000002,32.615925
5d2709d403f801723c32bd39_f4bd7479dbe91f3d18f44c49_0000000347312,-1,171.40804,25.274109
5d2709d403f801723c32bd39_f4bd7479dbe91f3d18f44c49_0000000358342,-1,171.40804,25.274109
5d2709d403f801723c32bd39_f4bd7479dbe91f3d18f44c49_0000000361083,-1,177.65407,25.346138
5d2709d403f801723c32bd39_f4bd7479dbe91f3d18f44c49_0000000368850,-1,177.68706,27.936684000000003
5d2709d403f801723c32bd39_f4bd7479dbe91f3d18f44c49_0000000372283,-1,178.99611000000002,32.615925
5d2709d403f801723c32bd39_f4bd7479dbe91f3d18f44c49_0000000376439,-1,179.15578,37.660583
5d2709d403f801723c32bd39_f4bd7479dbe91f3d18f44c49_0000000381646,-1,179.15578,37.660583
5d2709d403f801723c32bd39_f4bd7479dbe91f3d18f44c49_0000000385653,-1,178.84085,42.018883
5d2709d403f801723c32bd39_f4bd7479dbe91f3d18f44c49_0000000392521,-1,179.36266,47.654327
5d2709d403f801723c32bd39_f4bd7479dbe91f3d18f44c49_0000000400557,-1,178.49841,49.740784000000005
5d2709d403f801723c32bd39_f4bd7479dbe91f3d18f44c49_0000000408574,-1,177.9515,52.31447
5d2709d403f801723c32bd39_f4bd7479dbe91f3d18f44c49_0000000412201,-1,180.75105,60.622746
5d2709d403f801723c32bd39_f4bd7479dbe91f3d18f44c49_0000000417552,-1,180.75105,60.622746
5d2709d403f801723c32bd39_f4bd7479dbe91f3d18f44c49_0000000422953,-1,181.0,63.5
5d2709d403f801723c32bd39_f4bd7479dbe91f3d18f44c49_0000000425928,-1,181.0,69.10000000000001
5d2709d403f801723c32bd39_f4bd7479dbe91f3d18f44c49_0000000428653,-1,181.0,69.10000000000001
5d2709d403f801723c32bd39_f4bd7479dbe91f3d18f44c49_0000000430733,-1,181.0,69.10000000000001
5d2709d403f801723c32bd39_f4bd7479dbe91f3d18f44c49_0000000439332,-1,181.0,74.7
5d2709d403f801723c32bd39_f4bd7479dbe91f3d18f44c49_0000000446846,-1,178.0,80.3
5d2709d403f801723c32bd39_f4bd7479dbe91f3d18f44c49_0000000452673,-1,171.19994,81.1218
5d2709d403f801723c32bd39_f4bd7479dbe91f3d18f44c49_0000000458220,-1,171.19994,81.1218
5d2709d403f801723c32bd39_f4bd7479dbe91f3d18f44c49_0000000462905,-1,166.5,88.5
5d2709d403f801723c32bd39_f4bd7479dbe91f3d18f44c49_0000000469169,-1,161.875,88.5
5d2709d403f801723c32bd39_f4bd7479dbe91f3d18f44c49_0000000477024,-1,157.25,88.5
5d2709d403f801723c32bd39_f4bd7479dbe91f3d18f44c49_0000000488730,-1,152.625,91.125
5d2709d403f801723c32bd39_f4bd7479dbe91f3d18f44c49_0000000497023,-1,152.625,91.125
5d2709d403f801723c32bd39_f4bd7479dbe91f3d18f44c49_0000000503539,-1,157.25,91.25
5d2709d403f801723c32bd39_f4bd7479dbe91f3d18f44c49_0000000507616,-1,161.875,91.375
5d2709d403f801723c32bd39_f4bd7479dbe91f3d18f44c49_0000000512936,-1,161.875,91.375
5d2709d403f801723c32bd39_f4bd7479dbe91f3d18f44c49_0000000518362,-1,166.5,91.5
5d2709d403f801723c32bd39_f4bd7479dbe91f3d18f44c49_0000000523760,-1,169.02045,91.30712
5d2709d403f801723c32bd39_f4bd7479dbe91f3d18f44c49_0000000527802,-1,169.02045,91.30712
5d2709d403f801723c32bd39_f4bd7479dbe91f3d18f44c49_0000000533190,-1,172.34775,91.18043
5d2709d403f801723c32bd39_f4bd7479dbe91f3d18f44c49_0000000537041,-1,178.0,91.5
5d2709d403f801723c32bd39_f4bd7479dbe91f3d18f44c49_0000000543687,-1,178.0,91.5
5d2709d403f801723c32bd39_f4bd7479dbe91f3d18f44c49_0000000552976,-1,181.0,91.5
5d2709d403f801723c32bd39_f4bd7479dbe91f3d18f44c49_0000000561848,-1,178.0,85.9
5d2709d403f801723c32bd39_f4bd7479dbe91f3d18f44c49_0000000568942,-1,181.0,85.9
5d2709d403f801723c32bd39_f4bd7479dbe91f3d18f44c49_0000000577419,-1,178.0,85.9
5d2709d403f801723c32bd39_f4bd7479dbe91f3d18f44c49_0000000583742,-1,181.0,80.3
5d2709d403f801723c32bd39_f4bd7479dbe91f3d18f44c49_0000000591090,-1,176.83575,76.75851999999999
5d2709d403f801723c32bd39_f4bd7479dbe91f3d18f44c49_0000000596621,-1,177.77792,74.61726
5d2709d403f801723c32bd39_f4bd7479dbe91f3d18f44c49_0000000604126,-1,171.60904,74.33242
5d2709d403f801723c32bd39_f4bd7479dbe91f3d18f44c49_0000000611877,-1,177.77792,74.61726
5d2709d403f801723c32bd39_f4bd7479dbe91f3d18f44c49_0000000618515,-1,178.0,69.10000000000001
5d2709d403f801723c32bd39_f4bd7479dbe91f3d18f44c49_0000000623927,-1,178.0,69.10000000000001
5d2709d403f801723c32bd39_f4bd7479dbe91f3d18f44c49_0000000631847,-1,178.0,63.5
5d2709d403f801723c32bd39_f4bd7479dbe91f3d18f44c49_0000000636848,-1,178.0,63.5
5d2709d403f801723c32bd39_f4bd7479dbe91f3d18f44c49_0000000651226,-1,177.9515,52.31447
5d2709d403f801723c32bd39_f4bd7479dbe91f3d18f44c49_0000000664844,-1,177.57251000000002,47.378487
5d2709d403f801723c32bd39_f4bd7479dbe91f3d18f44c49_0000000680658,-1,178.84085,42.018883
5d2709d403f801723c32bd39_f4bd7479dbe91f3d18f44c49_0000000689613,-1,179.15578,37.660583
5d2709d403f801723c32bd39_f4bd7479dbe91f3d18f44c49_0000000695599,-1,178.99611000000002,32.615925
5d2709d403f801723c32bd39_f4bd7479dbe91f3d18f44c49_0000000702258,-1,177.68706,27.936684000000003
5d2709d403f801723c32bd39_f4bd7479dbe91f3d18f44c49_0000000710917,-1,177.65407,25.346138
5d2709d403f801723c32bd39_f4bd7479dbe91f3d18f44c49_0000000717010,-1,177.78933999999998,19.469292000000003
5d2709d403f801723c32bd39_f4bd7479dbe91f3d18f44c49_0000000724803,-1,171.53255,19.029524
5d2709d403f801723c32bd39_f5868ddf1e5f4ccf9a648517_0000000000010,0,88.59579000000001,12.968002
5d2709d403f801723c32bd39_f5868ddf1e5f4ccf9a648517_0000000015785,0,86.35469,21.58323
5d2709d403f801723c32bd39_f5868ddf1e5f4ccf9a648517_0000000029570,0,86.35469,21.58323
5d2709d403f801723c32bd39_f5868ddf1e5f4ccf9a648517_0000000039663,0,85.56305,25.731207
5d2709d403f801723c32bd39_f5868ddf1e5f4ccf9a648517_0000000047546,0,85.56305,25.731207
5d2709d403f801723c32bd39_f5868ddf1e5f4ccf9a648517_0000000056371,0,83.117676,30.014002
5d2709d403f801723c32bd39_f5868ddf1e5f4ccf9a648517_0000000064548,0,82.34959,33.51082
5d2709d403f801723c32bd39_f5868ddf1e5f4ccf9a648517_0000000072130,0,82.34959,33.51082
5d2709d403f801723c32bd39_f5868ddf1e5f4ccf9a648517_0000000079306,0,82.34959,33.51082
5d2709d403f801723c32bd39_f5868ddf1e5f4ccf9a648517_0000000088032,0,83.117676,30.014002
5d2709d403f801723c32bd39_f5868ddf1e5f4ccf9a648517_0000000096052,0,83.64378,25.791897
5d2709d403f801723c32bd39_f5868ddf1e5f4ccf9a648517_0000000106203,0,85.56305,25.731207
5d2709d403f801723c32bd39_f64fb235136206764a4c23fc_0000000000007,0,50.76344,96.278755
5d2709d403f801723c32bd39_f64fb235136206764a4c23fc_0000000003019,0,50.76344,96.278755
5d2709d403f801723c32bd39_f64fb235136206764a4c23fc_0000000010266,0,47.60372,92.5815
5d2709d403f801723c32bd39_f64fb235136206764a4c23fc_0000000016647,0,46.8007,86.620834
5d2709d403f801723c32bd39_f64fb235136206764a4c23fc_0000000023572,0,46.809925,82.03846999999999
5d2709d403f801723c32bd39_f64fb235136206764a4c23fc_0000000033958,0,48.670387,85.45515999999999
5d2709d403f801723c32bd39_f64fb235136206764a4c23fc_0000000039600,0,49.604862,90.944305
5d2709d403f801723c32bd39_f64fb235136206764a4c23fc_0000000046811,0,52.259712,94.75823
5d2709d403f801723c32bd39_f64fb235136206764a4c23fc_0000000049800,0,52.259712,94.75823
5d2709d403f801723c32bd39_f64fb235136206764a4c23fc_0000000054916,0,55.183258,97.4402
5d2709d403f801723c32bd39_f64fb235136206764a4c23fc_0000000061287,0,59.63492,100.37122
5d2709d403f801723c32bd39_f64fb235136206764a4c23fc_0000000066040,0,59.63492,100.37122
5d2709d403f801723c32bd39_f64fb235136206764a4c23fc_0000000070224,0,63.258923,105.07945
5d2709d403f801723c32bd39_f64fb235136206764a4c23fc_0000000074313,0,67.89974000000001,104.13494
5d2709d403f801723c32bd39_f64fb235136206764a4c23fc_0000000079338,0,67.89974000000001,104.13494
5d2709d403f801723c32bd39_f64fb235136206764a4c23fc_0000000087417,0,74.79868,105.3456
5d2709d403f801723c32bd39_f64fb235136206764a4c23fc_0000000101483,0,70.25025,102.54225
5d2709d403f801723c32bd39_f64fb235136206764a4c23fc_0000000107359,0,67.89974000000001,104.13494
5d2709d403f801723c32bd39_f64fb235136206764a4c23fc_0000000110657,0,67.89974000000001,104.13494
5d2709d403f801723c32bd39_f64fb235136206764a4c23fc_0000000116796,0,63.258923,105.07945
5d2709d403f801723c32bd39_f64fb235136206764a4c23fc_0000000120508,0,59.63492,100.37122
5d2709d403f801723c32bd39_f64fb235136206764a4c23fc_0000000122656,0,59.63492,100.37122
5d2709d403f801723c32bd39_f64fb235136206764a4c23fc_0000000126697,0,59.63492,100.37122
5d2709d403f801723c32bd39_f64fb235136206764a4c23fc_0000000132713,0,55.183258,97.4402
5d2709d403f801723c32bd39_f64fb235136206764a4c23fc_0000000138430,0,52.259712,94.75823
5d2709d403f801723c32bd39_f64fb235136206764a4c23fc_0000000145939,0,49.604862,90.944305
5d2709d403f801723c32bd39_f64fb235136206764a4c23fc_0000000152841,0,46.8007,86.620834
5d2709d403f801723c32bd39_f64fb235136206764a4c23fc_0000000159178,0,46.809925,82.03846999999999
5d2709d403f801723c32bd39_f64fb235136206764a4c23fc_0000000164243,0,46.809925,82.03846999999999
5d2709d403f801723c32bd39_f64fb235136206764a4c23fc_0000000172457,0,46.8007,86.620834
5d2709d403f801723c32bd39_f64fb235136206764a4c23fc_0000000180607,0,47.60372,92.5815
5d2709d403f801723c32bd39_f64fb235136206764a4c23fc_0000000190888,0,52.259712,94.75823
5d2709d403f801723c32bd39_f64fb235136206764a4c23fc_0000000198485,0,56.211697,98.0882
5d2709d403f801723c32bd39_f64fb235136206764a4c23fc_0000000206231,0,59.63492,100.37122
5d2709d403f801723c32bd39_f64fb235136206764a4c23fc_0000000211669,0,63.258923,105.07945
5d2709d403f801723c32bd39_f64fb235136206764a4c23fc_0000000216819,0,63.67227,105.28038
5d2709d403f801723c32bd39_f64fb235136206764a4c23fc_0000000221148,0,67.89974000000001,104.13494
5d2709d403f801723c32bd39_f64fb235136206764a4c23fc_0000000225798,0,70.25025,102.54225
5d2709d403f801723c32bd39_fc99dca042a1ed67dc80a0fe_0000000000009,0,46.93598,130.69145
5d2709d403f801723c32bd39_fc99dca042a1ed67dc80a0fe_0000000004276,0,48.074272,128.84705
5d2709d403f801723c32bd39_fc99dca042a1ed67dc80a0fe_0000000012865,0,42.63262,127.735504
5d2709d403f801723c32bd39_fc99dca042a1ed67dc80a0fe_0000000020404,0,36.698025,126.363
5d2709d403f801723c32bd39_fc99dca042a1ed67dc80a0fe_0000000025448,0,38.12281,124.77386
5d2709d403f801723c32bd39_fc99dca042a1ed67dc80a0fe_0000000029096,0,39.4168,123.49376
5d2709d403f801723c32bd39_fc99dca042a1ed67dc80a0fe_0000000036440,0,33.440166,120.903046
5d2709d403f801723c32bd39_fc99dca042a1ed67dc80a0fe_0000000043697,0,33.440166,120.903046
5d2709d403f801723c32bd39_fc99dca042a1ed67dc80a0fe_0000000048826,0,34.515938,119.6849
5d2709d403f801723c32bd39_fc99dca042a1ed67dc80a0fe_0000000051121,0,34.515938,119.6849
5d2709d403f801723c32bd39_fc99dca042a1ed67dc80a0fe_0000000057861,0,30.5,116.0
5d2709d403f801723c32bd39_fc99dca042a1ed67dc80a0fe_0000000062633,0,26.0,113.625
5d2709d403f801723c32bd39_fc99dca042a1ed67dc80a0fe_0000000070791,0,24.5,109.0
5d2709d403f801723c32bd39_fc99dca042a1ed67dc80a0fe_0000000080380,0,18.736107,104.93283
5d2709d403f801723c32bd39_fdac8be560a05943aba7e41f_0000000000009,0,27.5,112.5
5d2709d403f801723c32bd39_fdac8be560a05943aba7e41f_0000000008227,0,30.5,116.0
5d2709d403f801723c32bd39_fdac8be560a05943aba7e41f_0000000012184,0,30.5,116.0
5d2709d403f801723c32bd39_fdac8be560a05943aba7e41f_0000000016527,0,34.515938,119.6849
5d2709d403f801723c32bd39_fdac8be560a05943aba7e41f_0000000022122,0,34.515938,119.6849
5d2709d403f801723c32bd39_fdac8be560a05943aba7e41f_0000000027191,0,39.4168,123.49376
5d2709d403f801723c32bd39_fdac8be560a05943aba7e41f_0000000032657,0,43.7228,126.41696
5d2709d403f801723c32bd39_fdac8be560a05943aba7e41f_0000000036894,0,43.7228,126.41696
5d2709d403f801723c32bd39_fdac8be560a05943aba7e41f_0000000041752,0,48.074272,128.84705
5d2709d403f801723c32bd39_fdac8be560a05943aba7e41f_0000000048237,0,48.074272,128.84705
5d2709d403f801723c32bd39_fdac8be560a05943aba7e41f_0000000054545,0,54.104805000000006,131.75183
5d2709d403f801723c32bd39_fdac8be560a05943aba7e41f_0000000059814,0,60.51939,133.5366
5d2709d403f801723c32bd39_fdac8be560a05943aba7e41f_0000000064439,0,60.51939,133.5366
5d2709d403f801723c32bd39_fdac8be560a05943aba7e41f_0000000070311,0,64.630554,134.76129
5d2709d403f801723c32bd39_fdac8be560a05943aba7e41f_0000000075530,0,70.00650999999999,135.56184
5d2709d403f801723c32bd39_fdac8be560a05943aba7e41f_0000000080563,0,70.00650999999999,135.56184
5d2709d403f801723c32bd39_fdac8be560a05943aba7e41f_0000000083611,0,76.27929,136.0093
5d2709d403f801723c32bd39_fdac8be560a05943aba7e41f_0000000090023,0,76.27929,136.0093
5d2709d403f801723c32bd39_fdac8be560a05943aba7e41f_0000000102486,0,80.967865,135.71434
5d2709d403f801723c32bd39_fdac8be560a05943aba7e41f_0000000110555,0,76.27929,136.0093
5d2709d403f801723c32bd39_fdac8be560a05943aba7e41f_0000000115140,0,75.76395,139.88785
5d2709d403f801723c32bd39_fdac8be560a05943aba7e41f_0000000135014,0,75.91824,137.73332
5d2709d403f801723c32bd39_fdac8be560a05943aba7e41f_0000000138365,0,76.27929,136.0093
5d2709d403f801723c32bd39_fdac8be560a05943aba7e41f_0000000145115,0,75.91824,137.73332
5d2709d403f801723c32bd39_fdac8be560a05943aba7e41f_0000000151970,0,69.502335,139.42606999999998
5d2709d403f801723c32bd39_fdac8be560a05943aba7e41f_0000000158155,0,70.00650999999999,135.56184
5d2709d403f801723c32bd39_fdac8be560a05943aba7e41f_0000000161045,0,70.00650999999999,135.56184
5d2709d403f801723c32bd39_fdac8be560a05943aba7e41f_0000000170304,0,64.630554,134.76129
5d2709d403f801723c32bd39_fdac8be560a05943aba7e41f_0000000177290,0,59.5309,135.22498000000002
5d2709e003f801723c32d896_16e7537d3cb1b1b206cf08a8_0000000000011,0,33.873875,26.09216
5d2709e003f801723c32d896_16e7537d3cb1b1b206cf08a8_0000000012046,0,39.34992,18.4749
5d2709e003f801723c32d896_16e7537d3cb1b1b206cf08a8_0000000022731,0,42.638332,22.224985
5d2709e003f801723c32d896_16e7537d3cb1b1b206cf08a8_0000000038761,0,47.04487,28.877434
5d2709e003f801723c32d896_16e7537d3cb1b1b206cf08a8_0000000055941,0,53.1174,33.949265000000004
5d2709e003f801723c32d896_16e7537d3cb1b1b206cf08a8_0000000063837,0,45.716774,35.38531
5d2709e003f801723c32d896_16e7537d3cb1b1b206cf08a8_0000000073626,0,53.1174,33.949265000000004
5d2709e003f801723c32d896_16e7537d3cb1b1b206cf08a8_0000000092483,0,47.04487,28.877434
5d2709e003f801723c32d896_16e7537d3cb1b1b206cf08a8_0000000104362,0,45.716774,35.38531
5d2709e003f801723c32d896_16e7537d3cb1b1b206cf08a8_0000000113056,0,41.701984,34.493378
5d2709e003f801723c32d896_21459c30ba2ac052fed92f25_0000000000013,0,219.5047,53.222923
5d2709e003f801723c32d896_21459c30ba2ac052fed92f25_0000000006927,0,210.72206,52.011566
5d2709e003f801723c32d896_21459c30ba2ac052fed92f25_0000000011721,0,209.9813,55.183212
5d2709e003f801723c32d896_21459c30ba2ac052fed92f25_0000000022277,0,200.67722,55.679672
5d2709e003f801723c32d896_21459c30ba2ac052fed92f25_0000000031209,0,201.3941,50.00462
5d2709e003f801723c32d896_21459c30ba2ac052fed92f25_0000000042755,0,193.10191,53.922035
5d2709e003f801723c32d896_21459c30ba2ac052fed92f25_0000000051397,0,186.24658,52.044754
5d2709e003f801723c32d896_21459c30ba2ac052fed92f25_0000000059822,0,183.12166,48.91085
5d2709e003f801723c32d896_21459c30ba2ac052fed92f25_0000000068512,0,177.77817,52.70375
5d2709e003f801723c32d896_219d400e61f8e06a066572f8_0000000000011,1,101.453094,40.379940000000005
5d2709e003f801723c32d896_219d400e61f8e06a066572f8_0000000007224,1,108.13251,41.673347
5d2709e003f801723c32d896_219d400e61f8e06a066572f8_0000000013269,1,114.42876,43.14191
5d2709e003f801723c32d896_219d400e61f8e06a066572f8_0000000021320,1,119.74841,44.946655
5d2709e003f801723c32d896_219d400e61f8e06a066572f8_0000000025462,1,119.57108999999998,40.981106
5d2709e003f801723c32d896_219d400e61f8e06a066572f8_0000000030587,1,119.57108999999998,40.981106
5d2709e003f801723c32d896_219d400e61f8e06a066572f8_0000000036631,1,127.11275,45.70784
5d2709e003f801723c32d896_219d400e61f8e06a066572f8_0000000044673,1,131.20187,48.86667
5d2709e003f801723c32d896_219d400e61f8e06a066572f8_0000000048274,1,131.20187,48.86667
5d2709e003f801723c32d896_219d400e61f8e06a066572f8_0000000053517,1,135.68433000000002,50.230755
5d2709e003f801723c32d896_219d400e61f8e06a066572f8_0000000063896,1,132.23018000000002,45.173687
5d2709e003f801723c32d896_219d400e61f8e06a066572f8_0000000073114,1,133.37663,39.503353
5d2709e003f801723c32d896_219d400e61f8e06a066572f8_0000000077249,1,136.25517,37.32078
5d2709e003f801723c32d896_219d400e61f8e06a066572f8_0000000084381,1,136.25517,37.32078
5d2709e003f801723c32d896_219d400e61f8e06a066572f8_0000000090407,1,134.40163,31.278038
5d2709e003f801723c32d896_219d400e61f8e06a066572f8_0000000093954,1,134.40163,31.278038
5d2709e003f801723c32d896_219d400e61f8e06a066572f8_0000000100615,1,130.85548,33.996574
5d2709e003f801723c32d896_219d400e61f8e06a066572f8_0000000108812,1,134.40163,31.278038
5d2709e003f801723c32d896_219d400e61f8e06a066572f8_0000000125626,1,136.25517,37.32078
5d2709e003f801723c32d896_219d400e61f8e06a066572f8_0000000139565,1,136.25517,37.32078
5d2709e003f801723c32d896_219d400e61f8e06a066572f8_0000000145271,1,130.85548,33.996574
5d2709e003f801723c32d896_219d400e61f8e06a066572f8_0000000165683,1,136.25517,37.32078
5d2709e003f801723c32d896_219d400e61f8e06a066572f8_0000000173231,1,136.25517,37.32078
5d2709e003f801723c32d896_219d400e61f8e06a066572f8_0000000178408,1,133.37663,39.503353
5d2709e003f801723c32d896_219d400e61f8e06a066572f8_0000000184147,1,130.85548,33.996574
5d2709e003f801723c32d896_219d400e61f8e06a066572f8_0000000192722,1,125.14311,35.273643
5d2709e003f801723c32d896_219d400e61f8e06a066572f8_0000000196809,1,119.04131,36.071205
5d2709e003f801723c32d896_219d400e61f8e06a066572f8_0000000202245,1,115.685,33.18615
5d2709e003f801723c32d896_219d400e61f8e06a066572f8_0000000207110,1,110.37528,34.272476
5d2709e003f801723c32d896_219d400e61f8e06a066572f8_0000000212756,1,106.190544,30.991343
5d2709e003f801723c32d896_219d400e61f8e06a066572f8_0000000217461,1,99.727135,32.027786
5d2709e003f801723c32d896_219d400e61f8e06a066572f8_0000000229387,1,110.37528,34.272476
5d2709e003f801723c32d896_219d400e61f8e06a066572f8_0000000237775,1,119.04131,36.071205
5d2709e003f801723c32d896_219d400e61f8e06a066572f8_0000000245630,1,126.91786,37.846928000000005
5d2709e003f801723c32d896_219d400e61f8e06a066572f8_0000000251824,1,133.37663,39.503353
5d2709e003f801723c32d896_219d400e61f8e06a066572f8_0000000259463,1,133.37663,39.503353
5d2709e003f801723c32d896_219d400e61f8e06a066572f8_0000000270726,1,133.37663,39.503353
5d2709e003f801723c32d896_219d400e61f8e06a066572f8_0000000276625,1,126.91786,37.846928000000005
5d2709e003f801723c32d896_2ff4941b091ecb02e41997cd_0000000000009,0,141.90616,59.866196
5d2709e003f801723c32d896_2ff4941b091ecb02e41997cd_0000000009809,0,144.02492,51.023422
5d2709e003f801723c32d896_2ff4941b091ecb02e41997cd_0000000016557,0,146.96851999999998,51.07612
5d2709e003f801723c32d896_2ff4941b091ecb02e41997cd_0000000027451,0,141.97133,49.327778
5d2709e003f801723c32d896_2ff4941b091ecb02e41997cd_0000000035226,0,142.5744,44.365734
5d2709e003f801723c32d896_2ff4941b091ecb02e41997cd_0000000039553,0,143.93016,39.61178
5d2709e003f801723c32d896_2ff4941b091ecb02e41997cd_0000000044898,0,141.08516,39.21366
5d2709e003f801723c32d896_2ff4941b091ecb02e41997cd_0000000054751,0,140.2546,43.984264
5d2709e003f801723c32d896_2ff4941b091ecb02e41997cd_0000000059684,0,139.00708,48.72489
5d2709e003f801723c32d896_2ff4941b091ecb02e41997cd_0000000068659,0,133.4021,47.758858
5d2709e003f801723c32d896_2ff4941b091ecb02e41997cd_0000000082245,0,139.00708,48.72489
5d2709e003f801723c32d896_2ff4941b091ecb02e41997cd_0000000100497,0,133.4021,47.758858
5d2709e003f801723c32d896_2ff4941b091ecb02e41997cd_0000000110912,0,132.53659,44.320755
5d2709e003f801723c32d896_2ff4941b091ecb02e41997cd_0000000117083,0,132.28993,39.22795
5d2709e003f801723c32d896_2ff4941b091ecb02e41997cd_0000000123539,0,129.96036999999998,36.358166
5d2709e003f801723c32d896_2ff4941b091ecb02e41997cd_0000000126898,0,130.86012,33.4062
5d2709e003f801723c32d896_2ff4941b091ecb02e41997cd_0000000134800,0,134.45738,33.995373
5d2709e003f801723c32d896_2ff4941b091ecb02e41997cd_0000000144217,0,135.78978,38.125835
5d2709e003f801723c32d896_2ff4941b091ecb02e41997cd_0000000152332,0,141.08516,39.21366
5d2709e003f801723c32d896_2ff4941b091ecb02e41997cd_0000000170506,0,135.78978,38.125835
5d2709e003f801723c32d896_32e88857b1938abaebce9a76_0000000000011,0,264.73297,81.30664
5d2709e003f801723c32d896_32e88857b1938abaebce9a76_0000000007902,0,266.0741,75.05023
5d2709e003f801723c32d896_32e88857b1938abaebce9a76_0000000017083,0,266.0741,75.05023
5d2709e003f801723c32d896_32e88857b1938abaebce9a76_0000000027402,0,277.28067000000004,73.5425
5d2709e003f801723c32d896_32e88857b1938abaebce9a76_0000000037892,0,273.24936,65.3424
5d2709e003f801723c32d896_32e88857b1938abaebce9a76_0000000047771,0,266.99512000000004,65.22797
5d2709e003f801723c32d896_32e88857b1938abaebce9a76_0000000053876,0,266.99512000000004,65.22797
5d2709e003f801723c32d896_32e88857b1938abaebce9a76_0000000062439,0,266.66824,59.929398
5d2709e003f801723c32d896_36481f178c4ce333acccd58e_0000000000012,4,40.195335,15.905772
5d2709e003f801723c32d896_36481f178c4ce333acccd58e_0000000005408,4,40.195335,15.905772
5d2709e003f801723c32d896_36481f178c4ce333acccd58e_0000000010701,4,40.195335,15.905772
5d2709e003f801723c32d896_36481f178c4ce333acccd58e_0000000017996,4,42.826553,22.584631
5d2709e003f801723c32d896_36481f178c4ce333acccd58e_0000000023949,4,42.826553,22.584631
5d2709e003f801723c32d896_36481f178c4ce333acccd58e_0000000033559,4,43.85122,16.156706
5d2709e003f801723c32d896_36481f178c4ce333acccd58e_0000000039952,4,40.195335,15.905772
5d2709e003f801723c32d896_36481f178c4ce333acccd58e_0000000048714,4,42.826553,22.584631
5d2709e003f801723c32d896_36481f178c4ce333acccd58e_0000000060439,4,43.85122,16.156706
5d2709e003f801723c32d896_36481f178c4ce333acccd58e_0000000066980,4,42.826553,22.584631
5d2709e003f801723c32d896_36481f178c4ce333acccd58e_0000000071018,4,48.452137,24.464607
5d2709e003f801723c32d896_36481f178c4ce333acccd58e_0000000079041,4,42.406227,27.635546
5d2709e003f801723c32d896_36481f178c4ce333acccd58e_0000000090099,4,50.77793,32.420715
5d2709e003f801723c32d896_3843f1ee3f43653993d60447_0000000000010,-1,177.05823,60.85351
5d2709e003f801723c32d896_3843f1ee3f43653993d60447_0000000007454,-1,177.05823,60.85351
5d2709e003f801723c32d896_3843f1ee3f43653993d60447_0000000012209,-1,187.01175,62.90454
5d2709e003f801723c32d896_3843f1ee3f43653993d60447_0000000018991,-1,187.01175,62.90454
5d2709e003f801723c32d896_3843f1ee3f43653993d60447_0000000024381,-1,192.83386,58.518562
5d2709e003f801723c32d896_3843f1ee3f43653993d60447_0000000031572,-1,195.0734,61.37684
5d2709e003f801723c32d896_3843f1ee3f43653993d60447_0000000038191,-1,201.57639,59.683704000000006
5d2709e003f801723c32d896_3843f1ee3f43653993d60447_0000000043878,-1,204.80002,57.24418000000001
5d2709e003f801723c32d896_3843f1ee3f43653993d60447_0000000051980,-1,211.10828,64.04159
5d2709e003f801723c32d896_3843f1ee3f43653993d60447_0000000060987,-1,217.24055,59.642952
5d2709e003f801723c32d896_3843f1ee3f43653993d60447_0000000067370,-1,219.98994,63.252975
5d2709e003f801723c32d896_3843f1ee3f43653993d60447_0000000076072,-1,228.39159,65.28175999999999
5d2709e003f801723c32d896_3843f1ee3f43653993d60447_0000000086486,-1,232.29732,70.473465
5d2709e003f801723c32d896_3bc2ad10daefe7fc6e57bdca_0000000000008,0,56.749165000000005,32.265137
5d2709e003f801723c32d896_3bc2ad10daefe7fc6e57bdca_0000000005652,0,60.93362,35.321785
5d2709e003f801723c32d896_3bc2ad10daefe7fc6e57bdca_0000000010926,0,66.76639,34.31412
5d2709e003f801723c32d896_3bc2ad10daefe7fc6e57bdca_0000000015811,0,71.63526999999999,37.56443
5d2709e003f801723c32d896_3bc2ad10daefe7fc6e57bdca_0000000020131,0,76.68809499999999,36.575146
5d2709e003f801723c32d896_3bc2ad10daefe7fc6e57bdca_0000000030072,0,66.76639,34.31412
5d2709e003f801723c32d896_3bc2ad10daefe7fc6e57bdca_0000000038857,0,60.93362,35.321785
5d2709e003f801723c32d896_3bc2ad10daefe7fc6e57bdca_0000000045539,0,53.1174,33.949265000000004
5d2709e003f801723c32d896_3bc2ad10daefe7fc6e57bdca_0000000053106,0,56.749165000000005,32.265137
5d2709e003f801723c32d896_3bc2ad10daefe7fc6e57bdca_0000000062496,0,66.76639,34.31412
5d2709e003f801723c32d896_3bc2ad10daefe7fc6e57bdca_0000000071024,0,71.63526999999999,37.56443
5d2709e003f801723c32d896_4209447de426d0c86761703a_0000000000009,3,132.61421,46.4078
5d2709e003f801723c32d896_4209447de426d0c86761703a_0000000004359,3,138.86386000000002,46.339874
5d2709e003f801723c32d896_4209447de426d0c86761703a_0000000016318,3,144.34242,45.30921
5d2709e003f801723c32d896_4209447de426d0c86761703a_0000000027489,3,144.34242,45.30921
5d2709e003f801723c32d896_4209447de426d0c86761703a_0000000049712,3,143.58185,37.795246
5d2709e003f801723c32d896_4209447de426d0c86761703a_0000000060438,3,151.09572,40.516403
5d2709e003f801723c32d896_4209447de426d0c86761703a_0000000069499,3,159.24625,42.0323
5d2709e003f801723c32d896_4209447de426d0c86761703a_0000000079157,3,150.02736000000002,46.10656
5d2709e003f801723c32d896_4209447de426d0c86761703a_0000000087834,3,151.09572,40.516403
5d2709e003f801723c32d896_4e7665b783a3113c7e73cb94_0000000000009,4,50.77793,32.420715
5d2709e003f801723c32d896_4e7665b783a3113c7e73cb94_0000000006397,4,53.415604,25.433025
5d2709e003f801723c32d896_4e7665b783a3113c7e73cb94_0000000016792,4,48.452137,24.464607
5d2709e003f801723c32d896_4e7665b783a3113c7e73cb94_0000000022852,4,42.406227,27.635546
5d2709e003f801723c32d896_4e7665b783a3113c7e73cb94_0000000033010,4,48.452137,24.464607
5d2709e003f801723c32d896_4e7665b783a3113c7e73cb94_0000000038711,4,53.415604,25.433025
5d2709e003f801723c32d896_4e7665b783a3113c7e73cb94_0000000045171,4,62.134956,24.09699
5d2709e003f801723c32d896_4e7665b783a3113c7e73cb94_0000000051924,4,70.16496,25.673275
5d2709e003f801723c32d896_4e7665b783a3113c7e73cb94_0000000055765,4,70.19094,29.106098
5d2709e003f801723c32d896_4e7665b783a3113c7e73cb94_0000000062794,4,76.28922,27.494617
5d2709e003f801723c32d896_4e7665b783a3113c7e73cb94_0000000072494,4,70.16496,25.673275
5d2709e003f801723c32d896_4f66cef6a69aaf88468f7ab7_0000000000008,1,54.63711,22.10111
5d2709e003f801723c32d896_4f66cef6a69aaf88468f7ab7_0000000006160,1,57.44413,24.741678
5d2709e003f801723c32d896_4f66cef6a69aaf88468f7ab7_0000000015051,1,56.745796,31.142172
5d2709e003f801723c32d896_4f66cef6a69aaf88468f7ab7_0000000020879,1,54.05445,34.73121
5d2709e003f801723c32d896_4f66cef6a69aaf88468f7ab7_0000000032338,1,52.56685,31.889845
5d2709e003f801723c32d896_4f66cef6a69aaf88468f7ab7_0000000039185,1,46.754395,32.755608
5d2709e003f801723c32d896_4f66cef6a69aaf88468f7ab7_0000000048385,1,42.82523,29.794538
5d2709e003f801723c32d896_4f66cef6a69aaf88468f7ab7_0000000062130,1,55.046696,27.362942
5d2709e003f801723c32d896_54b4ec188d91140a6a2ee030_0000000000014,1,134.40163,31.278038
5d2709e003f801723c32d896_54b4ec188d91140a6a2ee030_0000000005760,1,134.40163,31.278038
5d2709e003f801723c32d896_54b4ec188d91140a6a2ee030_0000000015404,1,130.85548,33.996574
5d2709e003f801723c32d896_54b4ec188d91140a6a2ee030_0000000022644,1,125.14311,35.273643
5d2709e003f801723c32d896_54b4ec188d91140a6a2ee030_0000000030953,1,115.685,33.18615
5d2709e003f801723c32d896_54b4ec188d91140a6a2ee030_0000000035423,1,110.37528,34.272476
5d2709e003f801723c32d896_54b4ec188d91140a6a2ee030_0000000045958,1,115.685,33.18615
5d2709e003f801723c32d896_54b4ec188d91140a6a2ee030_0000000053012,1,125.14311,35.273643
5d2709e003f801723c32d896_54b4ec188d91140a6a2ee030_0000000060031,1,130.85548,33.996574
5d2709e003f801723c32d896_54b4ec188d91140a6a2ee030_0000000068042,1,133.37663,39.503353
5d2709e003f801723c32d896_54b4ec188d91140a6a2ee030_0000000075111,1,132.23018000000002,45.173687
5d2709e003f801723c32d896_54b4ec188d91140a6a2ee030_0000000084231,1,127.11275,45.70784
5d2709e003f801723c32d896_54b4ec188d91140a6a2ee030_0000000090673,1,119.74841,44.946655
5d2709e003f801723c32d896_54b4ec188d91140a6a2ee030_0000000096050,1,115.3929,41.062923
5d2709e003f801723c32d896_54b4ec188d91140a6a2ee030_0000000100174,1,114.42876,43.14191
5d2709e003f801723c32d896_54b4ec188d91140a6a2ee030_0000000109170,1,119.57108999999998,40.981106
5d2709e003f801723c32d896_54b4ec188d91140a6a2ee030_0000000115879,1,119.74841,44.946655
5d2709e003f801723c32d896_54b4ec188d91140a6a2ee030_0000000121095,1,116.46711,45.927044
5d2709e003f801723c32d896_54b4ec188d91140a6a2ee030_0000000126789,1,110.091736,45.343052
5d2709e003f801723c32d896_54b4ec188d91140a6a2ee030_0000000132295,1,103.95793,45.151787
5d2709e003f801723c32d896_54b4ec188d91140a6a2ee030_0000000139056,1,101.453094,40.379940000000005
5d2709e003f801723c32d896_54b4ec188d91140a6a2ee030_0000000149226,1,108.13251,41.673347
5d2709e003f801723c32d896_54b4ec188d91140a6a2ee030_0000000154628,1,114.42876,43.14191
5d2709e003f801723c32d896_54b4ec188d91140a6a2ee030_0000000160940,1,116.46711,45.927044
5d2709e003f801723c32d896_54b4ec188d91140a6a2ee030_0000000169035,1,124.713524,47.63964
5d2709e003f801723c32d896_54b4ec188d91140a6a2ee030_0000000174878,1,131.20187,48.86667
5d2709e003f801723c32d896_54b4ec188d91140a6a2ee030_0000000180041,1,127.11275,45.70784
5d2709e003f801723c32d896_5f4f516acba921593e55cc4b_0000000000016,-1,259.82278,70.77686
5d2709e003f801723c32d896_5f4f516acba921593e55cc4b_0000000007102,-1,261.29007,80.34849
5d2709e003f801723c32d896_5f4f516acba921593e55cc4b_0000000019334,-1,268.24426,71.82423
5d2709e003f801723c32d896_5f4f516acba921593e55cc4b_0000000041195,-1,259.82278,70.77686
5d2709e003f801723c32d896_5f4f516acba921593e55cc4b_0000000056846,-1,259.9821,66.14895
5d2709e003f801723c32d896_5f4f516acba921593e55cc4b_0000000062766,-1,266.3586,67.454414
5d2709e003f801723c32d896_633b9baf7b8415ee819c26a7_0000000000010,0,84.87635,36.90315
5d2709e003f801723c32d896_633b9baf7b8415ee819c26a7_0000000008544,0,91.75514,32.76031
5d2709e003f801723c32d896_633b9baf7b8415ee819c26a7_0000000012967,0,98.77828,32.531303
5d2709e003f801723c32d896_633b9baf7b8415ee819c26a7_0000000017766,0,98.77828,32.531303
5d2709e003f801723c32d896_633b9baf7b8415ee819c26a7_0000000021941,0,105.33803,33.497204
5d2709e003f801723c32d896_633b9baf7b8415ee819c26a7_0000000027781,0,111.407166,34.78241
5d2709e003f801723c32d896_633b9baf7b8415ee819c26a7_0000000031921,0,111.407166,34.78241
5d2709e003f801723c32d896_633b9baf7b8415ee819c26a7_0000000042576,0,105.33803,33.497204
5d2709e003f801723c32d896_633b9baf7b8415ee819c26a7_0000000047214,0,99.64448,29.429193
5d2709e003f801723c32d896_633b9baf7b8415ee819c26a7_0000000053642,0,93.19046,28.882084000000003
5d2709e003f801723c32d896_633b9baf7b8415ee819c26a7_0000000059223,0,91.75514,32.76031
5d2709e003f801723c32d896_633b9baf7b8415ee819c26a7_0000000067855,0,98.77828,32.531303
5d2709e003f801723c32d896_633b9baf7b8415ee819c26a7_0000000074784,0,105.33803,33.497204
5d2709e003f801723c32d896_633b9baf7b8415ee819c26a7_0000000082918,0,111.407166,34.78241
5d2709e003f801723c32d896_6cef04795d0f3a4313958f16_0000000000008,1,46.754395,32.755608
5d2709e003f801723c32d896_6cef04795d0f3a4313958f16_0000000006454,1,42.82523,29.794538
5d2709e003f801723c32d896_6cef04795d0f3a4313958f16_0000000015490,1,41.23914,23.82458
5d2709e003f801723c32d896_6cef04795d0f3a4313958f16_0000000022369,1,39.530533,29.84432
5d2709e003f801723c32d896_6cef04795d0f3a4313958f16_0000000035118,1,42.82523,29.794538
5d2709e003f801723c32d896_6cef04795d0f3a4313958f16_0000000044770,1,55.046696,27.362942
5d2709e003f801723c32d896_6cef04795d0f3a4313958f16_0000000059419,1,41.23914,23.82458
5d2709e003f801723c32d896_6cef04795d0f3a4313958f16_0000000072051,1,39.530533,29.84432
5d2709e003f801723c32d896_6f705385cf0cebca4b0ca6e7_0000000000011,0,87.41436999999999,40.527817
5d2709e003f801723c32d896_6f705385cf0cebca4b0ca6e7_0000000013866,0,94.682335,42.669758
5d2709e003f801723c32d896_6f705385cf0cebca4b0ca6e7_0000000019037,0,95.64108,40.554436
5d2709e003f801723c32d896_6f705385cf0cebca4b0ca6e7_0000000029893,0,108.01761,45.160286
5d2709e003f801723c32d896_6f705385cf0cebca4b0ca6e7_0000000036930,0,108.01761,45.160286
5d2709e003f801723c32d896_6f705385cf0cebca4b0ca6e7_0000000043710,0,114.22725,44.549294
5d2709e003f801723c32d896_6f705385cf0cebca4b0ca6e7_0000000053534,0,114.22725,44.549294
5d2709e003f801723c32d896_6f705385cf0cebca4b0ca6e7_0000000061184,0,108.01761,45.160286
5d2709e003f801723c32d896_6f705385cf0cebca4b0ca6e7_0000000067396,0,108.01761,45.160286
5d2709e003f801723c32d896_6f705385cf0cebca4b0ca6e7_0000000074034,0,95.64108,40.554436
5d2709e003f801723c32d896_6f705385cf0cebca4b0ca6e7_0000000079872,0,94.682335,42.669758
5d2709e003f801723c32d896_6f705385cf0cebca4b0ca6e7_0000000089125,0,108.01761,45.160286
5d2709e003f801723c32d896_6f705385cf0cebca4b0ca6e7_0000000100070,0,94.682335,42.669758
5d2709e003f801723c32d896_6f705385cf0cebca4b0ca6e7_0000000108357,0,87.41436999999999,40.527817
5d2709e003f801723c32d896_6f705385cf0cebca4b0ca6e7_0000000113493,0,91.01633,37.281662
5d2709e003f801723c32d896_6f705385cf0cebca4b0ca6e7_0000000123372,0,95.64108,40.554436
5d2709e003f801723c32d896_7caee2ed97f52218042a662f_0000000000011,4,185.71037,43.75458
5d2709e003f801723c32d896_7caee2ed97f52218042a662f_0000000005723,4,189.0332,44.550644
5d2709e003f801723c32d896_7caee2ed97f52218042a662f_0000000008757,4,192.66484,48.4776
5d2709e003f801723c32d896_7caee2ed97f52218042a662f_0000000014070,4,192.66484,48.4776
5d2709e003f801723c32d896_7caee2ed97f52218042a662f_0000000022347,4,185.99509,48.036922
5d2709e003f801723c32d896_7caee2ed97f52218042a662f_0000000029329,4,189.0332,44.550644
5d2709e003f801723c32d896_7caee2ed97f52218042a662f_0000000042018,4,201.33478,50.74881
5d2709e003f801723c32d896_7caee2ed97f52218042a662f_0000000049653,4,209.43497,52.35325
5d2709e003f801723c32d896_7caee2ed97f52218042a662f_0000000056456,4,221.22322000000003,54.582756
5d2709e003f801723c32d896_7caee2ed97f52218042a662f_0000000066456,4,230.68295,56.09871700000001
5d2709e003f801723c32d896_7caee2ed97f52218042a662f_0000000073828,4,234.94714,56.836685
5d2709e003f801723c32d896_7caee2ed97f52218042a662f_0000000081119,4,242.70612000000003,58.45387
5d2709e003f801723c32d896_7caee2ed97f52218042a662f_0000000086723,4,242.70612000000003,58.45387
5d2709e003f801723c32d896_7caee2ed97f52218042a662f_0000000094879,4,249.61174,59.54975
5d2709e003f801723c32d896_7caee2ed97f52218042a662f_0000000100683,4,253.41624,60.139885
5d2709e003f801723c32d896_8f134b651d254092c94e855f_0000000000009,1,56.745796,31.142172
5d2709e003f801723c32d896_8f134b651d254092c94e855f_0000000005569,1,63.14495,33.06478
5d2709e003f801723c32d896_8f134b651d254092c94e855f_0000000012615,1,70.11404,29.036772
5d2709e003f801723c32d896_8f134b651d254092c94e855f_0000000020347,1,74.93725,27.623682
5d2709e003f801723c32d896_8f134b651d254092c94e855f_0000000027520,1,80.820786,28.691317
5d2709e003f801723c32d896_8f134b651d254092c94e855f_0000000037200,1,90.33572,29.07419
5d2709e003f801723c32d896_8f134b651d254092c94e855f_0000000045818,1,86.489494,29.38498
5d2709e003f801723c32d896_8f134b651d254092c94e855f_0000000054620,1,86.489494,29.38498
5d2709e003f801723c32d896_8f134b651d254092c94e855f_0000000067722,1,80.820786,28.691317
5d2709e003f801723c32d896_8f134b651d254092c94e855f_0000000073907,1,74.93725,27.623682
5d2709e003f801723c32d896_8f134b651d254092c94e855f_0000000078219,1,70.22354,25.949123
5d2709e003f801723c32d896_8f134b651d254092c94e855f_0000000085500,1,63.094080000000005,24.706947
5d2709e003f801723c32d896_8f134b651d254092c94e855f_0000000091660,1,60.17416,20.70934
5d2709e003f801723c32d896_9dd916c57ffba275b1baa323_0000000000012,4,264.0754,62.35499599999999
5d2709e003f801723c32d896_9dd916c57ffba275b1baa323_0000000005644,4,251.8941,68.0789
5d2709e003f801723c32d896_9dd916c57ffba275b1baa323_0000000008192,4,251.8941,68.0789
5d2709e003f801723c32d896_9dd916c57ffba275b1baa323_0000000013704,4,251.8941,68.0789
5d2709e003f801723c32d896_9dd916c57ffba275b1baa323_0000000019082,4,251.8941,68.0789
5d2709e003f801723c32d896_9dd916c57ffba275b1baa323_0000000030770,4,253.41624,60.139885
5d2709e003f801723c32d896_9dd916c57ffba275b1baa323_0000000042518,4,251.8941,68.0789
5d2709e003f801723c32d896_9dd916c57ffba275b1baa323_0000000054705,4,253.41624,60.139885
5d2709e003f801723c32d896_9dd916c57ffba275b1baa323_0000000064657,4,249.61174,59.54975
5d2709e003f801723c32d896_9dd916c57ffba275b1baa323_0000000070969,4,242.70612000000003,58.45387
5d2709e003f801723c32d896_9dd916c57ffba275b1baa323_0000000075493,4,234.94714,56.836685
5d2709e003f801723c32d896_9dd916c57ffba275b1baa323_0000000083873,4,230.68295,56.09871700000001
5d2709e003f801723c32d896_9dd916c57ffba275b1baa323_0000000094185,4,221.22322000000003,54.582756
5d2709e003f801723c32d896_9dd916c57ffba275b1baa323_0000000101732,4,209.43497,52.35325
5d2709e003f801723c32d896_9dd916c57ffba275b1baa323_0000000110027,4,201.33478,50.74881
5d2709e003f801723c32d896_9dd916c57ffba275b1baa323_0000000116050,4,201.33478,50.74881
5d2709e003f801723c32d896_9dd916c57ffba275b1baa323_0000000121791,4,192.66484,48.4776
5d2709e003f801723c32d896_9dd916c57ffba275b1baa323_0000000130002,4,192.66484,48.4776
5d2709e003f801723c32d896_9dd916c57ffba275b1baa323_0000000133903,4,189.0332,44.550644
5d2709e003f801723c32d896_a7bb61478b112c3eedcbb6ed_0000000000012,2,69.709076,26.05896
5d2709e003f801723c32d896_a7bb61478b112c3eedcbb6ed_0000000007124,2,63.600952,22.348125
5d2709e003f801723c32d896_a7bb61478b112c3eedcbb6ed_0000000012146,2,57.536934,24.578781
5d2709e003f801723c32d896_a7bb61478b112c3eedcbb6ed_0000000022717,2,69.709076,26.05896
5d2709e003f801723c32d896_a7bb61478b112c3eedcbb6ed_0000000031276,2,61.747402,33.398468
5d2709e003f801723c32d896_a7bb61478b112c3eedcbb6ed_0000000038753,2,61.747402,33.398468
5d2709e003f801723c32d896_a7bb61478b112c3eedcbb6ed_0000000047346,2,66.667175,37.868874
5d2709e003f801723c32d896_a7bb61478b112c3eedcbb6ed_0000000052168,2,67.784645,34.546326
5d2709e003f801723c32d896_a7bb61478b112c3eedcbb6ed_0000000059932,2,73.52381,38.525642
5d2709e003f801723c32d896_a7bb61478b112c3eedcbb6ed_0000000065164,2,73.46046,36.03672
5d2709e003f801723c32d896_a7bb61478b112c3eedcbb6ed_0000000072075,2,81.01245,37.49975
5d2709e003f801723c32d896_a7bb61478b112c3eedcbb6ed_0000000076567,2,81.01245,37.49975
5d2709e003f801723c32d896_a7bb61478b112c3eedcbb6ed_0000000085058,2,91.226944,37.653175
5d2709e003f801723c32d896_a7bb61478b112c3eedcbb6ed_0000000088571,2,91.226944,37.653175
5d2709e003f801723c32d896_a7bb61478b112c3eedcbb6ed_0000000099108,2,93.54333,34.896440000000005
5d2709e003f801723c32d896_a7bb61478b112c3eedcbb6ed_0000000108795,2,95.93957,31.260704
5d2709e003f801723c32d896_a7bb61478b112c3eedcbb6ed_0000000119823,2,86.81280500000001,30.307772
5d2709e003f801723c32d896_a7bb61478b112c3eedcbb6ed_0000000125640,2,81.01245,37.49975
5d2709e003f801723c32d896_a7bb61478b112c3eedcbb6ed_0000000131022,2,73.46046,36.03672
5d2709e003f801723c32d896_a7bb61478b112c3eedcbb6ed_0000000136548,2,67.784645,34.546326
5d2709e003f801723c32d896_a7bb61478b112c3eedcbb6ed_0000000144266,2,61.747402,33.398468
5d2709e003f801723c32d896_a7bb61478b112c3eedcbb6ed_0000000150676,2,61.11567,36.87925
5d2709e003f801723c32d896_a7bb61478b112c3eedcbb6ed_0000000160771,2,66.667175,37.868874
5d2709e003f801723c32d896_a7bb61478b112c3eedcbb6ed_0000000165250,2,73.52381,38.525642
5d2709e003f801723c32d896_a7bb61478b112c3eedcbb6ed_0000000170360,2,73.52381,38.525642
5d2709e003f801723c32d896_a7bb61478b112c3eedcbb6ed_0000000175975,2,81.70416,39.625187
5d2709e003f801723c32d896_a7bb61478b112c3eedcbb6ed_0000000183078,2,91.226944,37.653175
5d2709e003f801723c32d896_a9cc261267276e486328a30d_0000000000008,0,26.490181,30.664827
5d2709e003f801723c32d896_a9cc261267276e486328a30d_0000000007398,0,27.517624,26.491524
5d2709e003f801723c32d896_a9cc261267276e486328a30d_0000000015347,0,28.822037,19.67915
5d2709e003f801723c32d896_a9cc261267276e486328a30d_0000000026716,0,31.576307,22.40061
5d2709e003f801723c32d896_a9cc261267276e486328a30d_0000000031530,0,36.686462,22.499794
5d2709e003f801723c32d896_a9cc261267276e486328a30d_0000000038163,0,42.638332,22.224985
5d2709e003f801723c32d896_a9cc261267276e486328a30d_0000000043567,0,42.291744,27.508923
5d2709e003f801723c32d896_a9cc261267276e486328a30d_0000000049527,0,47.04487,28.877434
5d2709e003f801723c32d896_a9cc261267276e486328a30d_0000000055023,0,51.575188,29.469036
5d2709e003f801723c32d896_a9cc261267276e486328a30d_0000000064058,0,56.45488,28.479738
5d2709e003f801723c32d896_a9cc261267276e486328a30d_0000000082238,0,56.45488,28.479738
5d2709e003f801723c32d896_a9cc261267276e486328a30d_0000000086432,0,51.575188,29.469036
5d2709e003f801723c32d896_a9cc261267276e486328a30d_0000000092249,0,47.04487,28.877434
5d2709e003f801723c32d896_a9cc261267276e486328a30d_0000000098137,0,42.291744,27.508923
5d2709e003f801723c32d896_a9cc261267276e486328a30d_0000000103802,0,33.873875,26.09216
5d2709e003f801723c32d896_a9cc261267276e486328a30d_0000000116688,0,36.686462,22.499794
5d2709e003f801723c32d896_a9cc261267276e486328a30d_0000000125053,0,42.291744,27.508923
5d2709e003f801723c32d896_a9cc261267276e486328a30d_0000000135210,0,47.04487,28.877434
5d2709e003f801723c32d896_a9cc261267276e486328a30d_0000000151081,0,52.178295,24.885078
5d2709e003f801723c32d896_a9cc261267276e486328a30d_0000000160500,0,56.45488,28.479738
5d2709e003f801723c32d896_a9cc261267276e486328a30d_0000000172801,0,60.43985,24.210712
5d2709e003f801723c32d896_a9cc261267276e486328a30d_0000000192217,0,51.575188,29.469036
5d2709e003f801723c32d896_ad733a1791d3fdd21532677b_0000000000013,4,184.30904,69.77423
5d2709e003f801723c32d896_ad733a1791d3fdd21532677b_0000000007202,4,186.04097,58.370754000000005
5d2709e003f801723c32d896_ad733a1791d3fdd21532677b_0000000017599,4,184.30904,69.77423
5d2709e003f801723c32d896_ad733a1791d3fdd21532677b_0000000028262,4,186.04097,58.370754000000005
5d2709e003f801723c32d896_ad733a1791d3fdd21532677b_0000000043292,4,180.3716,57.16137
5d2709e003f801723c32d896_ad733a1791d3fdd21532677b_0000000050504,4,179.03467,53.494637
5d2709e003f801723c32d896_ad733a1791d3fdd21532677b_0000000057090,4,186.04097,58.370754000000005
5d2709e003f801723c32d896_ad733a1791d3fdd21532677b_0000000066144,4,180.95436,47.15203
5d2709e003f801723c32d896_ad733a1791d3fdd21532677b_0000000076110,4,179.03467,53.494637
5d2709e003f801723c32d896_ad733a1791d3fdd21532677b_0000000085614,4,179.03467,53.494637
5d2709e003f801723c32d896_ad733a1791d3fdd21532677b_0000000098318,4,180.3716,57.16137
5d2709e003f801723c32d896_ad733a1791d3fdd21532677b_0000000107745,4,186.04097,58.370754000000005
5d2709e003f801723c32d896_b433961afd6c429fc2dd0971_0000000000009,1,188.19537,49.46943
5d2709e003f801723c32d896_b433961afd6c429fc2dd0971_0000000011249,1,186.66776,59.19494
5d2709e003f801723c32d896_b433961afd6c429fc2dd0971_0000000014265,1,186.66776,59.19494
5d2709e003f801723c32d896_b433961afd6c429fc2dd0971_0000000025585,1,188.61018,53.201046
5d2709e003f801723c32d896_b433961afd6c429fc2dd0971_0000000037144,1,186.66776,59.19494
5d2709e003f801723c32d896_b433961afd6c429fc2dd0971_0000000044396,1,186.66776,59.19494
5d2709e003f801723c32d896_b433961afd6c429fc2dd0971_0000000057917,1,188.61018,53.201046
5d2709e003f801723c32d896_b433961afd6c429fc2dd0971_0000000067451,1,191.66827,57.602047
5d2709e003f801723c32d896_b433961afd6c429fc2dd0971_0000000070906,1,191.66827,57.602047
5d2709e003f801723c32d896_b433961afd6c429fc2dd0971_0000000079091,1,196.87544,59.753235
5d2709e003f801723c32d896_b433961afd6c429fc2dd0971_0000000083262,1,196.87544,59.753235
5d2709e003f801723c32d896_b433961afd6c429fc2dd0971_0000000093650,1,204.96669,61.05531
5d2709e003f801723c32d896_b433961afd6c429fc2dd0971_0000000101420,1,202.67758,59.075813
5d2709e003f801723c32d896_b433961afd6c429fc2dd0971_0000000115260,1,204.96669,61.05531
5d2709e003f801723c32d896_b433961afd6c429fc2dd0971_0000000121765,1,209.87732000000003,59.802395
5d2709e003f801723c32d896_b433961afd6c429fc2dd0971_0000000126420,1,208.98267,57.62028000000001
5d2709e003f801723c32d896_b433961afd6c429fc2dd0971_0000000134910,1,208.581,53.09764499999999
5d2709e003f801723c32d896_b433961afd6c429fc2dd0971_0000000140653,1,211.8996,53.519154
5d2709e003f801723c32d896_b433961afd6c429fc2dd0971_0000000144372,1,214.3694,55.921505
5d2709e003f801723c32d896_b433961afd6c429fc2dd0971_0000000154771,1,209.87732000000003,59.802395
5d2709e003f801723c32d896_b433961afd6c429fc2dd0971_0000000165616,1,211.8996,53.519154
5d2709e003f801723c32d896_b433961afd6c429fc2dd0971_0000000173410,1,208.98267,57.62028000000001
5d2709e003f801723c32d896_b433961afd6c429fc2dd0971_0000000178725,1,208.98267,57.62028000000001
5d2709e003f801723c32d896_b433961afd6c429fc2dd0971_0000000188000,1,209.87732000000003,59.802395
5d2709e003f801723c32d896_b433961afd6c429fc2dd0971_0000000192960,1,214.3694,55.921505
5d2709e003f801723c32d896_b433961afd6c429fc2dd0971_0000000207694,1,209.87732000000003,59.802395
5d2709e003f801723c32d896_b433961afd6c429fc2dd0971_0000000216299,1,202.67758,59.075813
5d2709e003f801723c32d896_b433961afd6c429fc2dd0971_0000000221759,1,196.87544,59.753235
5d2709e003f801723c32d896_b433961afd6c429fc2dd0971_0000000226985,1,191.66827,57.602047
5d2709e003f801723c32d896_b433961afd6c429fc2dd0971_0000000230596,1,190.79208,60.028214
5d2709e003f801723c32d896_b433961afd6c429fc2dd0971_0000000236103,1,185.45363,55.81545
5d2709e003f801723c32d896_b433961afd6c429fc2dd0971_0000000245141,1,191.66827,57.602047
5d2709e003f801723c32d896_b433961afd6c429fc2dd0971_0000000249885,1,196.87544,59.753235
5d2709e003f801723c32d896_b433961afd6c429fc2dd0971_0000000255898,1,202.67758,59.075813
5d2709e003f801723c32d896_b8b2f59af006df03c9d3e0d6_0000000000012,2,166.43403999999998,46.937225
5d2709e003f801723c32d896_b8b2f59af006df03c9d3e0d6_0000000009188,2,172.84048,53.14853000000001
5d2709e003f801723c32d896_b8b2f59af006df03c9d3e0d6_0000000014682,2,178.68498,51.636265
5d2709e003f801723c32d896_b8b2f59af006df03c9d3e0d6_0000000020516,2,184.45033,50.2162
5d2709e003f801723c32d896_b8b2f59af006df03c9d3e0d6_0000000025695,2,188.17357,50.498543
5d2709e003f801723c32d896_b8b2f59af006df03c9d3e0d6_0000000032031,2,192.70447,48.38086
5d2709e003f801723c32d896_b8b2f59af006df03c9d3e0d6_0000000043232,2,199.94986,61.549206000000005
5d2709e003f801723c32d896_b8b2f59af006df03c9d3e0d6_0000000060469,2,184.14311,55.412113
5d2709e003f801723c32d896_b8b2f59af006df03c9d3e0d6_0000000067372,2,178.68498,51.636265
5d2709e003f801723c32d896_b8b2f59af006df03c9d3e0d6_0000000073693,2,172.84048,53.14853000000001
5d2709e003f801723c32d896_b8b2f59af006df03c9d3e0d6_0000000080984,2,172.84048,53.14853000000001
5d2709e003f801723c32d896_b8b2f59af006df03c9d3e0d6_0000000090182,2,178.68498,51.636265
5d2709e003f801723c32d896_b8b2f59af006df03c9d3e0d6_0000000096725,2,184.45033,50.2162
5d2709e003f801723c32d896_b8b2f59af006df03c9d3e0d6_0000000105937,2,192.70447,48.38086
5d2709e003f801723c32d896_b8b2f59af006df03c9d3e0d6_0000000119274,2,188.17357,50.498543
5d2709e003f801723c32d896_b8b2f59af006df03c9d3e0d6_0000000132511,2,178.68498,51.636265
5d2709e003f801723c32d896_b8b2f59af006df03c9d3e0d6_0000000139643,2,172.84048,53.14853000000001
5d2709e003f801723c32d896_c9a69eab2313afa2086a7927_0000000000009,0,119.38781000000002,44.24843
5d2709e003f801723c32d896_c9a69eab2313afa2086a7927_0000000003320,0,121.69961,46.81168
5d2709e003f801723c32d896_c9a69eab2313afa2086a7927_0000000018460,0,133.4021,47.758858
5d2709e003f801723c32d896_c9a69eab2313afa2086a7927_0000000028675,0,136.85308999999998,52.362267
5d2709e003f801723c32d896_c9a69eab2313afa2086a7927_0000000038816,0,133.4021,47.758858
5d2709e003f801723c32d896_c9a69eab2313afa2086a7927_0000000045317,0,139.00708,48.72489
5d2709e003f801723c32d896_c9a69eab2313afa2086a7927_0000000050185,0,139.00708,48.72489
5d2709e003f801723c32d896_c9a69eab2313afa2086a7927_0000000056146,0,141.97133,49.327778
5d2709e003f801723c32d896_c9a69eab2313afa2086a7927_0000000067894,0,141.90616,59.866196
5d2709e003f801723c32d896_c9a69eab2313afa2086a7927_0000000080979,0,144.02492,51.023422
5d2709e003f801723c32d896_c9a69eab2313afa2086a7927_0000000087807,0,146.96851999999998,51.07612
5d2709e003f801723c32d896_c9a69eab2313afa2086a7927_0000000095710,0,148.89345,45.731525
5d2709e003f801723c32d896_c9a69eab2313afa2086a7927_0000000100938,0,149.84038,40.389618
5d2709e003f801723c32d896_c9a69eab2313afa2086a7927_0000000110387,0,143.93016,39.61178
5d2709e003f801723c32d896_c9a69eab2313afa2086a7927_0000000117278,0,142.5744,44.365734
5d2709e003f801723c32d896_c9a69eab2313afa2086a7927_0000000121501,0,142.5744,44.365734
5d2709e003f801723c32d896_c9a69eab2313afa2086a7927_0000000128864,0,140.2546,43.984264
5d2709e003f801723c32d896_c9a69eab2313afa2086a7927_0000000137839,0,141.08516,39.21366
5d2709e003f801723c32d896_c9a69eab2313afa2086a7927_0000000144209,0,136.94702,34.383309999999994
5d2709e003f801723c32d896_c9a69eab2313afa2086a7927_0000000150809,0,145.03217,36.445534
5d2709e003f801723c32d896_c9a69eab2313afa2086a7927_0000000162206,0,136.94702,34.383309999999994
5d2709e003f801723c32d896_c9a69eab2313afa2086a7927_0000000171244,0,135.55032,26.463161
5d2709e003f801723c32d896_c9a69eab2313afa2086a7927_0000000176323,0,135.55032,26.463161
5d2709e003f801723c32d896_c9a69eab2313afa2086a7927_0000000185008,0,134.45738,33.995373
5d2709e003f801723c32d896_c9a69eab2313afa2086a7927_0000000190481,0,134.45738,33.995373
5d2709e003f801723c32d896_c9a69eab2313afa2086a7927_0000000195843,0,135.78978,38.125835
5d2709e003f801723c32d896_c9a69eab2313afa2086a7927_0000000202941,0,134.35127,42.85396
5d2709e003f801723c32d896_c9a69eab2313afa2086a7927_0000000211755,0,134.35127,42.85396
5d2709e003f801723c32d896_c9a69eab2313afa2086a7927_0000000217178,0,132.28993,39.22795
5d2709e003f801723c32d896_c9a69eab2313afa2086a7927_0000000225731,0,130.86012,33.4062
5d2709e003f801723c32d896_cb278289e8158f129e31cfcd_0000000000010,0,220.77138,43.644333
5d2709e003f801723c32d896_cb278289e8158f129e31cfcd_0000000009346,0,219.5047,53.222923
5d2709e003f801723c32d896_cb278289e8158f129e31cfcd_0000000017699,0,218.58842,60.293987
5d2709e003f801723c32d896_cb278289e8158f129e31cfcd_0000000021216,0,218.13063,62.598854
5d2709e003f801723c32d896_cb278289e8158f129e31cfcd_0000000029520,0,224.43419,63.936302000000005
5d2709e003f801723c32d896_cb278289e8158f129e31cfcd_0000000035510,0,231.44775,65.3189
5d2709e003f801723c32d896_cb278289e8158f129e31cfcd_0000000042381,0,239.32616,66.876175
5d2709e003f801723c32d896_cb278289e8158f129e31cfcd_0000000049057,0,239.32616,66.876175
5d2709e003f801723c32d896_cb278289e8158f129e31cfcd_0000000059266,0,248.66898,67.80111
5d2709e003f801723c32d896_cb278289e8158f129e31cfcd_0000000069775,0,257.57208,69.746925
5d2709e003f801723c32d896_cb278289e8158f129e31cfcd_0000000080813,0,258.8932,63.564598
5d2709e003f801723c32d896_cb278289e8158f129e31cfcd_0000000087130,0,258.8932,63.564598
5d2709e003f801723c32d896_cb278289e8158f129e31cfcd_0000000098822,0,249.33965,62.036156000000005
5d2709e003f801723c32d896_cb278289e8158f129e31cfcd_0000000104534,0,245.99663,59.955740000000006
5d2709e003f801723c32d896_cb278289e8158f129e31cfcd_0000000110325,0,239.12657,58.794647
5d2709e003f801723c32d896_cb278289e8158f129e31cfcd_0000000116187,0,234.765,58.225716000000006
5d2709e003f801723c32d896_cb278289e8158f129e31cfcd_0000000122868,0,224.77025,56.734318
5d2709e003f801723c32d896_cb278289e8158f129e31cfcd_0000000136297,0,230.78395,57.485386
5d2709e003f801723c32d896_cb278289e8158f129e31cfcd_0000000146393,0,229.28232000000003,53.13201
5d2709e003f801723c32d896_cb278289e8158f129e31cfcd_0000000155734,0,224.77025,56.734318
5d2709e003f801723c32d896_cb278289e8158f129e31cfcd_0000000166807,0,209.9813,55.183212
5d2709e003f801723c32d896_cb278289e8158f129e31cfcd_0000000180734,0,216.91005,65.17882
5d2709e003f801723c32d896_cb278289e8158f129e31cfcd_0000000188353,0,216.91005,65.17882
5d2709e003f801723c32d896_e3455e53350336857caf08f0_0000000000011,1,190.79208,60.028214
5d2709e003f801723c32d896_e3455e53350336857caf08f0_0000000011526,1,191.66827,57.602047
5d2709e003f801723c32d896_e3455e53350336857caf08f0_0000000019452,1,201.41768,51.006123
5d2709e003f801723c32d896_e3455e53350336857caf08f0_0000000024964,1,201.41768,51.006123
5d2709e003f801723c32d896_e3455e53350336857caf08f0_0000000029701,1,208.581,53.09764499999999
5d2709e003f801723c32d896_e3455e53350336857caf08f0_0000000036155,1,211.8996,53.519154
5d2709e003f801723c32d896_e3455e53350336857caf08f0_0000000046714,1,214.3694,55.921505
5d2709e003f801723c32d896_e3455e53350336857caf08f0_0000000055869,1,221.34904,52.322727
5d2709e003f801723c32d896_e3455e53350336857caf08f0_0000000065692,1,214.3694,55.921505
5d2709e003f801723c32d896_e3455e53350336857caf08f0_0000000074832,1,209.87732000000003,59.802395
5d2709e003f801723c32d896_e3455e53350336857caf08f0_0000000080551,1,208.98267,57.62028000000001
5d2709e003f801723c32d896_e3455e53350336857caf08f0_0000000088217,1,211.20403,62.344173
5d2709e003f801723c32d896_e3455e53350336857caf08f0_0000000096614,1,209.34761,65.3479
5d2709e003f801723c32d896_e3455e53350336857caf08f0_0000000105315,1,209.87732000000003,59.802395
5d2709e003f801723c32d896_e3455e53350336857caf08f0_0000000113886,1,204.96669,61.05531
5d2709e003f801723c32d896_e3455e53350336857caf08f0_0000000119903,1,202.67758,59.075813
5d2709e003f801723c32d896_e7574977ef4bd5f7a8bd9751_0000000000010,2,235.07472,66.99422
5d2709e003f801723c32d896_e7574977ef4bd5f7a8bd9751_0000000010710,2,223.84396,64.965744
5d2709e003f801723c32d896_e7574977ef4bd5f7a8bd9751_0000000025034,2,210.30685,62.23792
5d2709e003f801723c32d896_e7574977ef4bd5f7a8bd9751_0000000031379,2,210.30685,62.23792
5d2709e003f801723c32d896_e7574977ef4bd5f7a8bd9751_0000000043188,2,215.46945,54.643143
5d2709e003f801723c32d896_e7574977ef4bd5f7a8bd9751_0000000049701,2,223.45912,53.34916
5d2709e003f801723c32d896_e7574977ef4bd5f7a8bd9751_0000000059585,2,226.25545,56.223667000000006
5d2709e003f801723c32d896_e7574977ef4bd5f7a8bd9751_0000000064301,2,231.9893,57.79659
5d2709e003f801723c32d896_e7574977ef4bd5f7a8bd9751_0000000078356,2,223.45912,53.34916
5d2709e003f801723c32d896_e7574977ef4bd5f7a8bd9751_0000000092727,2,226.25545,56.223667000000006
5d2709e003f801723c32d896_e7574977ef4bd5f7a8bd9751_0000000104751,2,235.66187,57.64178
5d2709e003f801723c32d896_e7574977ef4bd5f7a8bd9751_0000000112020,2,235.66187,57.64178
5d2709e003f801723c32d896_e7574977ef4bd5f7a8bd9751_0000000122947,2,235.66187,57.64178
5d2709e003f801723c32d896_e7574977ef4bd5f7a8bd9751_0000000130881,2,232.77098,54.84725
5d2709e003f801723c32d896_e7574977ef4bd5f7a8bd9751_0000000142585,2,226.25545,56.223667000000006
5d2709e003f801723c32d896_e7574977ef4bd5f7a8bd9751_0000000150391,2,226.25545,56.223667000000006
5d2709e003f801723c32d896_e7574977ef4bd5f7a8bd9751_0000000157441,2,232.77098,54.84725
5d2709e003f801723c32d896_e7574977ef4bd5f7a8bd9751_0000000162231,2,235.66187,57.64178
5d2709e003f801723c32d896_e7574977ef4bd5f7a8bd9751_0000000171421,2,242.2792,55.05716999999999
5d2709e003f801723c32d896_e7574977ef4bd5f7a8bd9751_0000000179142,2,243.05931,59.458626
5d2709e003f801723c32d896_e7574977ef4bd5f7a8bd9751_0000000188048,2,250.25443,58.571075
5d2709e003f801723c32d896_e7574977ef4bd5f7a8bd9751_0000000195920,2,248.86243,63.377026
5d2709e003f801723c32d896_e7574977ef4bd5f7a8bd9751_0000000205777,2,243.05931,59.458626
5d2709e003f801723c32d896_e7574977ef4bd5f7a8bd9751_0000000213141,2,235.66187,57.64178
5d2709e003f801723c32d896_e7574977ef4bd5f7a8bd9751_0000000218715,2,235.66187,57.64178
5d2709e003f801723c32d896_e7574977ef4bd5f7a8bd9751_0000000231130,2,243.05931,59.458626
5d2709e003f801723c32d896_e7574977ef4bd5f7a8bd9751_0000000239074,2,250.25443,58.571075
5d2709e003f801723c32d896_e7574977ef4bd5f7a8bd9751_0000000249282,2,248.86243,63.377026
5d2709e003f801723c32d896_e7574977ef4bd5f7a8bd9751_0000000263281,2,243.05931,59.458626
5d2709e003f801723c32d896_e7574977ef4bd5f7a8bd9751_0000000274107,2,246.59694,67.746895
5d2709e003f801723c32d896_e83cee96a0e4c29297699594_0000000000014,1,185.71927,43.632862
5d2709e003f801723c32d896_e83cee96a0e4c29297699594_0000000008900,1,184.3105,50.174446
5d2709e003f801723c32d896_e83cee96a0e4c29297699594_0000000020373,1,185.71927,43.632862
5d2709e003f801723c32d896_e83cee96a0e4c29297699594_0000000028041,1,178.24792,43.531895
5d2709e003f801723c32d896_e83cee96a0e4c29297699594_0000000038850,1,178.24792,43.531895
5d2709e003f801723c32d896_e83cee96a0e4c29297699594_0000000044971,1,185.71927,43.632862
5d2709e003f801723c32d896_e83cee96a0e4c29297699594_0000000052403,1,189.81723,44.258976
5d2709e003f801723c32d896_e83cee96a0e4c29297699594_0000000063052,1,188.19537,49.46943
5d2709e003f801723c32d896_e83cee96a0e4c29297699594_0000000070106,1,184.3105,50.174446
5d2709e003f801723c32d896_e83cee96a0e4c29297699594_0000000074103,1,185.45363,55.81545
5d2709e003f801723c32d896_e83cee96a0e4c29297699594_0000000078198,1,185.45363,55.81545
5d2709e003f801723c32d896_e83cee96a0e4c29297699594_0000000081701,1,186.66776,59.19494
5d2709e003f801723c32d896_e83cee96a0e4c29297699594_0000000091539,1,184.41096,69.630844
5d2709e003f801723c32d896_e83cee96a0e4c29297699594_0000000097536,1,182.02829,68.78669000000001
5d2709e003f801723c32d896_f7e3f9a90a270fed8f32b3b7_0000000000007,2,246.59694,67.746895
5d2709e003f801723c32d896_f7e3f9a90a270fed8f32b3b7_0000000005819,2,246.59694,67.746895
5d2709e003f801723c32d896_f7e3f9a90a270fed8f32b3b7_0000000012310,2,240.25662000000003,71.6629
5d2709e003f801723c32d896_f7e3f9a90a270fed8f32b3b7_0000000018568,2,235.07472,66.99422
5d2709e003f801723c32d896_f7e3f9a90a270fed8f32b3b7_0000000025253,2,228.90938,69.88204
5d2709e003f801723c32d896_f7e3f9a90a270fed8f32b3b7_0000000029840,2,223.84396,64.965744
5d2709e003f801723c32d896_f7e3f9a90a270fed8f32b3b7_0000000038949,2,219.94576,66.354256
5d2709e003f801723c32d896_f7e3f9a90a270fed8f32b3b7_0000000043360,2,208.4658,64.98774
5d2709e003f801723c32d896_f7e3f9a90a270fed8f32b3b7_0000000051705,2,210.30685,62.23792
5d2709e003f801723c32d896_f7e3f9a90a270fed8f32b3b7_0000000057877,2,215.46945,54.643143
5d2709e003f801723c32d896_f7e3f9a90a270fed8f32b3b7_0000000069584,2,223.45912,53.34916
5d2709e003f801723c32d896_f7e3f9a90a270fed8f32b3b7_0000000078527,2,223.84396,64.965744
5d2709e003f801723c32d896_f7e3f9a90a270fed8f32b3b7_0000000088299,2,231.88167,60.72004
5d2709e003f801723c32d896_f7e3f9a90a270fed8f32b3b7_0000000092968,2,231.88167,60.72004
5d2709e003f801723c32d896_f7e3f9a90a270fed8f32b3b7_0000000099241,2,235.66187,57.64178
5d2709e003f801723c32d896_f7e3f9a90a270fed8f32b3b7_0000000107275,2,235.66187,57.64178
5d2709e003f801723c32d896_f7e3f9a90a270fed8f32b3b7_0000000111312,2,235.07472,66.99422
5d2709e003f801723c32d896_f7e3f9a90a270fed8f32b3b7_0000000120406,2,243.05931,59.458626
5d2709e003f801723c32d896_f7e3f9a90a270fed8f32b3b7_0000000131968,2,250.25443,58.571075
5d2709e003f801723c32d896_f7e3f9a90a270fed8f32b3b7_0000000136882,2,250.25443,58.571075
5d2709e003f801723c32d896_f7e3f9a90a270fed8f32b3b7_0000000143933,2,258.10352,61.200726
5d2709e003f801723c32d896_f7e3f9a90a270fed8f32b3b7_0000000158826,2,250.25443,58.571075
5d2709e003f801723c32d896_f7e3f9a90a270fed8f32b3b7_0000000167870,2,243.05931,59.458626
5d2709e003f801723c32d896_f7e3f9a90a270fed8f32b3b7_0000000176293,2,235.66187,57.64178
5d2709e003f801723c32d896_f7e3f9a90a270fed8f32b3b7_0000000183761,2,226.25545,56.223667000000006
5d2709e003f801723c32d896_f8ca6722d390d090d4974316_0000000000011,1,48.17927,18.791655
5d2709e003f801723c32d896_f8ca6722d390d090d4974316_0000000006611,1,43.08785,16.764120000000002
5d2709e003f801723c32d896_f8ca6722d390d090d4974316_0000000022198,1,44.461746000000005,20.566668
5d2709e003f801723c32d896_f8ca6722d390d090d4974316_0000000034799,1,43.08785,16.764120000000002
5d2709e003f801723c32d896_f8ca6722d390d090d4974316_0000000045853,1,42.9662,8.819398
5d2709e003f801723c32d896_f8ca6722d390d090d4974316_0000000062299,1,44.461746000000005,20.566668
5d2709e003f801723c32d896_f8ca6722d390d090d4974316_0000000072578,1,44.461746000000005,20.566668
5d2709e003f801723c32d896_f8ca6722d390d090d4974316_0000000078607,1,41.23914,23.82458
5d2709e003f801723c32d896_f8ca6722d390d090d4974316_0000000087321,1,42.82523,29.794538
5d2709e003f801723c32d896_f8ca6722d390d090d4974316_0000000099518,1,46.754395,32.755608
5d2709e003f801723c32d896_f8ca6722d390d090d4974316_0000000104885,1,46.754395,32.755608
5d2709e003f801723c32d896_f8ca6722d390d090d4974316_0000000110716,1,42.82523,29.794538
5d2709e003f801723c32d896_f8ca6722d390d090d4974316_0000000118022,1,46.754395,32.755608
5da138274db8ce0c98bbd3d2_049bb468e7e166e9d6370002_0000000000020,1,12.419698,39.50812
5da138274db8ce0c98bbd3d2_049bb468e7e166e9d6370002_0000000009654,1,13.527889000000002,49.5575
5da138274db8ce0c98bbd3d2_049bb468e7e166e9d6370002_0000000023334,1,13.527889000000002,49.5575
5da138274db8ce0c98bbd3d2_049bb468e7e166e9d6370002_0000000031522,1,12.476375,53.85805
5da138274db8ce0c98bbd3d2_049bb468e7e166e9d6370002_0000000044447,1,13.527889000000002,49.5575
5da138274db8ce0c98bbd3d2_049bb468e7e166e9d6370002_0000000063067,1,13.527889000000002,49.5575
5da138274db8ce0c98bbd3d2_085e9207300765e045a942bf_0000000000009,0,103.840614,37.257187
5da138274db8ce0c98bbd3d2_085e9207300765e045a942bf_0000000007327,0,109.56813,32.188454
5da138274db8ce0c98bbd3d2_085e9207300765e045a942bf_0000000013459,0,109.56813,32.188454
5da138274db8ce0c98bbd3d2_085e9207300765e045a942bf_0000000020786,0,116.97048,32.124126000000004
5da138274db8ce0c98bbd3d2_085e9207300765e045a942bf_0000000033062,0,119.49752,35.97782
5da138274db8ce0c98bbd3d2_085e9207300765e045a942bf_0000000036967,0,125.44565,37.124126
5da138274db8ce0c98bbd3d2_085e9207300765e045a942bf_0000000039852,0,127.53516,40.889355
5da138274db8ce0c98bbd3d2_085e9207300765e045a942bf_0000000043424,0,127.53516,40.889355
5da138274db8ce0c98bbd3d2_085e9207300765e045a942bf_0000000046870,0,131.2874,40.323402
5da138274db8ce0c98bbd3d2_085e9207300765e045a942bf_0000000051284,0,134.61275,42.85434
5da138274db8ce0c98bbd3d2_085e9207300765e045a942bf_0000000054696,0,139.45836,42.909664
5da138274db8ce0c98bbd3d2_085e9207300765e045a942bf_0000000059643,0,144.90536,44.557617
5da138274db8ce0c98bbd3d2_085e9207300765e045a942bf_0000000063532,0,147.46658,46.84172
5da138274db8ce0c98bbd3d2_085e9207300765e045a942bf_0000000067190,0,149.28159,48.838837
5da138274db8ce0c98bbd3d2_085e9207300765e045a942bf_0000000071000,0,152.83716,49.491306
5da138274db8ce0c98bbd3d2_085e9207300765e045a942bf_0000000074374,0,156.05733999999998,53.374638
5da138274db8ce0c98bbd3d2_085e9207300765e045a942bf_0000000077560,0,159.87633,54.217052
5da138274db8ce0c98bbd3d2_085e9207300765e045a942bf_0000000081658,0,165.64494,53.737984
5da138274db8ce0c98bbd3d2_4df1cce533e2aaf6882fb638_0000000000008,1,19.743677,32.995827
5da138274db8ce0c98bbd3d2_4df1cce533e2aaf6882fb638_0000000006406,1,17.775660000000002,25.015862
5da138274db8ce0c98bbd3d2_4df1cce533e2aaf6882fb638_0000000013785,1,23.255472,21.97771
5da138274db8ce0c98bbd3d2_4df1cce533e2aaf6882fb638_0000000018747,1,25.846558,20.812832
5da138274db8ce0c98bbd3d2_4df1cce533e2aaf6882fb638_0000000022634,1,25.846558,20.812832
5da138274db8ce0c98bbd3d2_4df1cce533e2aaf6882fb638_0000000029015,1,34.00423,15.229919
5da138274db8ce0c98bbd3d2_4df1cce533e2aaf6882fb638_0000000035960,1,41.71163,20.653654
5da138274db8ce0c98bbd3d2_4df1cce533e2aaf6882fb638_0000000040772,1,44.580643,11.771968
5da138274db8ce0c98bbd3d2_4df1cce533e2aaf6882fb638_0000000045230,1,47.23373,12.375209
5da138274db8ce0c98bbd3d2_4df1cce533e2aaf6882fb638_0000000049602,1,51.318428,9.744782
5da138274db8ce0c98bbd3d2_4df1cce533e2aaf6882fb638_0000000054211,1,55.89244,7.172807000000001
5da138274db8ce0c98bbd3d2_4df1cce533e2aaf6882fb638_0000000058689,1,62.600204000000005,7.466758299999999
5da138274db8ce0c98bbd3d2_4df1cce533e2aaf6882fb638_0000000062991,1,62.600204000000005,7.466758299999999
5da138274db8ce0c98bbd3d2_4df1cce533e2aaf6882fb638_0000000069843,1,69.54904,7.545735400000001
5da138274db8ce0c98bbd3d2_4df1cce533e2aaf6882fb638_0000000077062,1,75.23820500000001,7.701172
5da138274db8ce0c98bbd3d2_4df1cce533e2aaf6882fb638_0000000084536,1,84.435936,8.999751
5da138274db8ce0c98bbd3d2_4df1cce533e2aaf6882fb638_0000000089981,1,91.78977,9.761938
5da138274db8ce0c98bbd3d2_4df1cce533e2aaf6882fb638_0000000094018,1,91.78977,9.761938
5da138274db8ce0c98bbd3d2_4df1cce533e2aaf6882fb638_0000000100274,1,98.1594,10.086807
5da138274db8ce0c98bbd3d2_4df1cce533e2aaf6882fb638_0000000105483,1,102.43609,12.820474
5da138274db8ce0c98bbd3d2_4df1cce533e2aaf6882fb638_0000000110231,1,108.4629,14.122241
5da138274db8ce0c98bbd3d2_6751305422c4e62ee256a6f0_0000000000010,1,8.835322999999999,54.485023
5da138274db8ce0c98bbd3d2_6751305422c4e62ee256a6f0_0000000004929,1,5.8645606,57.987072
5da138274db8ce0c98bbd3d2_6751305422c4e62ee256a6f0_0000000009177,1,5.8645606,57.987072
5da138274db8ce0c98bbd3d2_6751305422c4e62ee256a6f0_0000000017170,1,8.835322999999999,54.485023
5da138274db8ce0c98bbd3d2_6751305422c4e62ee256a6f0_0000000026734,1,13.527889000000002,49.5575
5da138274db8ce0c98bbd3d2_6751305422c4e62ee256a6f0_0000000037701,1,18.13683,43.724037
5da138274db8ce0c98bbd3d2_6751305422c4e62ee256a6f0_0000000044875,1,24.323757,39.37973
5da138274db8ce0c98bbd3d2_6751305422c4e62ee256a6f0_0000000050765,1,30.828125,34.504726
5da138274db8ce0c98bbd3d2_6751305422c4e62ee256a6f0_0000000059374,1,34.715965000000004,34.152916
5da138274db8ce0c98bbd3d2_6751305422c4e62ee256a6f0_0000000067334,1,41.620983,30.717056
5da138274db8ce0c98bbd3d2_6751305422c4e62ee256a6f0_0000000072715,1,44.59723,27.611856
5da138274db8ce0c98bbd3d2_6751305422c4e62ee256a6f0_0000000079326,1,51.981968,25.215946
5da138274db8ce0c98bbd3d2_6751305422c4e62ee256a6f0_0000000085697,1,59.796753,23.712955
5da138274db8ce0c98bbd3d2_6751305422c4e62ee256a6f0_0000000092370,1,63.508495,25.046371
5da138274db8ce0c98bbd3d2_6751305422c4e62ee256a6f0_0000000097405,1,69.17473000000001,21.553051
5da138274db8ce0c98bbd3d2_6751305422c4e62ee256a6f0_0000000104876,1,80.15784000000001,21.939594
5da138274db8ce0c98bbd3d2_6751305422c4e62ee256a6f0_0000000111588,1,82.25778000000001,18.23724
5da138274db8ce0c98bbd3d2_6751305422c4e62ee256a6f0_0000000123952,1,73.2465,21.69254
5da138274db8ce0c98bbd3d2_8584d22e99dc86f336173b15_0000000000007,0,38.589935,75.77433
5da138274db8ce0c98bbd3d2_8584d22e99dc86f336173b15_0000000008227,0,43.56759,70.37649499999999
5da138274db8ce0c98bbd3d2_8584d22e99dc86f336173b15_0000000015553,0,48.89408,68.286156
5da138274db8ce0c98bbd3d2_8584d22e99dc86f336173b15_0000000021785,0,50.50135,63.93039
5da138274db8ce0c98bbd3d2_8584d22e99dc86f336173b15_0000000033089,0,49.40982,61.244415
5da138274db8ce0c98bbd3d2_8584d22e99dc86f336173b15_0000000048597,0,52.79204,59.52220500000001
5da138274db8ce0c98bbd3d2_8584d22e99dc86f336173b15_0000000053241,0,55.28068,55.708427
5da138274db8ce0c98bbd3d2_8584d22e99dc86f336173b15_0000000057027,0,55.28068,55.708427
5da138274db8ce0c98bbd3d2_8584d22e99dc86f336173b15_0000000061778,0,59.68478,54.492836
5da138274db8ce0c98bbd3d2_8584d22e99dc86f336173b15_0000000067535,0,64.20996,51.92781
5da138274db8ce0c98bbd3d2_8584d22e99dc86f336173b15_0000000072178,0,67.43507,49.326534
5da138274db8ce0c98bbd3d2_8584d22e99dc86f336173b15_0000000076889,0,72.43339,45.11499
5da138274db8ce0c98bbd3d2_8584d22e99dc86f336173b15_0000000084133,0,77.091934,44.761528000000006
5da138274db8ce0c98bbd3d2_b36d5f0beec291379d2181b6_0000000000008,1,97.621056,27.92245
5da138274db8ce0c98bbd3d2_b36d5f0beec291379d2181b6_0000000011931,1,109.28497,34.992603
5da138274db8ce0c98bbd3d2_b36d5f0beec291379d2181b6_0000000026404,1,117.88687,41.277714
5da138274db8ce0c98bbd3d2_b36d5f0beec291379d2181b6_0000000035534,1,123.69477,46.642372
5da138274db8ce0c98bbd3d2_b36d5f0beec291379d2181b6_0000000041260,1,128.14722,51.44401
5da138274db8ce0c98bbd3d2_b36d5f0beec291379d2181b6_0000000049277,1,132.39873,54.044983
5da138274db8ce0c98bbd3d2_b36d5f0beec291379d2181b6_0000000056681,1,137.34134,60.171787
5da138274db8ce0c98bbd3d2_b36d5f0beec291379d2181b6_0000000065012,1,143.97676,60.260468
5da138274db8ce0c98bbd3d2_b36d5f0beec291379d2181b6_0000000073534,1,143.97676,60.260468
5da138274db8ce0c98bbd3d2_b36d5f0beec291379d2181b6_0000000086892,1,139.66255,51.37578
5da138274db8ce0c98bbd3d2_db152e591fe88b82b706da8d_0000000000010,1,88.42851999999999,18.488955
5da138274db8ce0c98bbd3d2_db152e591fe88b82b706da8d_0000000007054,1,82.91157,15.585802
5da138274db8ce0c98bbd3d2_db152e591fe88b82b706da8d_0000000015350,1,81.63242,8.823496
5da138274db8ce0c98bbd3d2_db152e591fe88b82b706da8d_0000000025587,1,75.23820500000001,7.701172
5da138274db8ce0c98bbd3d2_db152e591fe88b82b706da8d_0000000032134,1,69.54904,7.545735400000001
5da138274db8ce0c98bbd3d2_db152e591fe88b82b706da8d_0000000041317,1,69.10215,15.151596
5da138274db8ce0c98bbd3d2_db152e591fe88b82b706da8d_0000000053172,1,67.14101,16.603185999999997
5da138274db8ce0c98bbd3d2_db152e591fe88b82b706da8d_0000000059961,1,60.77644300000001,17.518347
5da138274db8ce0c98bbd3d2_db152e591fe88b82b706da8d_0000000068347,1,56.800823,16.334143
5da138274db8ce0c98bbd3d2_e8bf0626e27589d807a9751d_0000000000010,1,12.476375,53.85805
5da138274db8ce0c98bbd3d2_e8bf0626e27589d807a9751d_0000000010661,1,17.451824,48.070515
5da138274db8ce0c98bbd3d2_e8bf0626e27589d807a9751d_0000000021313,1,18.13683,43.724037
5da138274db8ce0c98bbd3d2_e8bf0626e27589d807a9751d_0000000035680,1,24.323757,39.37973
5da138274db8ce0c98bbd3d2_e8bf0626e27589d807a9751d_0000000046968,1,23.328543,32.249924
5da138274db8ce0c98bbd3d2_e8bf0626e27589d807a9751d_0000000068036,1,18.13683,43.724037
5da138274db8ce0c98bbd3d2_e8bf0626e27589d807a9751d_0000000085514,1,13.527889000000002,49.5575
5da138274db8ce0c98bbd3d2_e8bf0626e27589d807a9751d_0000000103012,1,12.476375,53.85805
5da1382d4db8ce0c98bbe92e_0fb75bf676e1cddace3590d5_0000000000013,1,183.45172,58.486664000000005
5da1382d4db8ce0c98bbe92e_0fb75bf676e1cddace3590d5_0000000002442,1,183.45172,58.486664000000005
5da1382d4db8ce0c98bbe92e_0fb75bf676e1cddace3590d5_0000000009286,1,183.45172,58.486664000000005
5da1382d4db8ce0c98bbe92e_0fb75bf676e1cddace3590d5_0000000012623,1,183.45172,58.486664000000005
5da1382d4db8ce0c98bbe92e_0fb75bf676e1cddace3590d5_0000000018161,1,183.248,52.6743
5da1382d4db8ce0c98bbe92e_0fb75bf676e1cddace3590d5_0000000023911,1,183.47998,45.5252
5da1382d4db8ce0c98bbe92e_0fb75bf676e1cddace3590d5_0000000028247,1,185.51021,42.582405
5da1382d4db8ce0c98bbe92e_0fb75bf676e1cddace3590d5_0000000033734,1,186.09329,36.030907
5da1382d4db8ce0c98bbe92e_0fb75bf676e1cddace3590d5_0000000042473,1,186.15717,25.814873
5da1382d4db8ce0c98bbe92e_0fb75bf676e1cddace3590d5_0000000053396,1,184.87773,21.461184
5da1382d4db8ce0c98bbe92e_0fb75bf676e1cddace3590d5_0000000063722,1,175.76645,20.78811
5da1382d4db8ce0c98bbe92e_0fb75bf676e1cddace3590d5_0000000071459,1,172.52902,23.18705
5da1382d4db8ce0c98bbe92e_0fb75bf676e1cddace3590d5_0000000081455,1,175.76645,20.78811
5da1382d4db8ce0c98bbe92e_0fb75bf676e1cddace3590d5_0000000090204,1,172.52902,23.18705
5da1382d4db8ce0c98bbe92e_0fb75bf676e1cddace3590d5_0000000099053,1,171.83607,31.325638
5da1382d4db8ce0c98bbe92e_0fb75bf676e1cddace3590d5_0000000102650,1,167.6502,32.37101
5da1382d4db8ce0c98bbe92e_15d9cd90a0c1d8c0b2e060f8_0000000000016,1,55.889534,122.353386
5da1382d4db8ce0c98bbe92e_15d9cd90a0c1d8c0b2e060f8_0000000004564,1,55.58869,127.479454
5da1382d4db8ce0c98bbe92e_15d9cd90a0c1d8c0b2e060f8_0000000010097,1,55.616646,135.04501000000002
5da1382d4db8ce0c98bbe92e_15d9cd90a0c1d8c0b2e060f8_0000000018991,1,62.798084,139.19788
5da1382d4db8ce0c98bbe92e_15d9cd90a0c1d8c0b2e060f8_0000000027995,1,73.5833,141.10455
5da1382d4db8ce0c98bbe92e_15d9cd90a0c1d8c0b2e060f8_0000000038263,1,87.266975,142.0631
5da1382d4db8ce0c98bbe92e_15d9cd90a0c1d8c0b2e060f8_0000000044503,1,94.231606,141.4643
5da1382d4db8ce0c98bbe92e_15d9cd90a0c1d8c0b2e060f8_0000000053455,1,107.9859,140.3628
5da1382d4db8ce0c98bbe92e_15d9cd90a0c1d8c0b2e060f8_0000000058445,1,107.9859,140.3628
5da1382d4db8ce0c98bbe92e_15d9cd90a0c1d8c0b2e060f8_0000000070048,1,118.93409,136.68118
5da1382d4db8ce0c98bbe92e_15d9cd90a0c1d8c0b2e060f8_0000000081249,1,123.56354,124.55221
5da1382d4db8ce0c98bbe92e_15d9cd90a0c1d8c0b2e060f8_0000000090951,1,123.56354,124.55221
5da1382d4db8ce0c98bbe92e_15d9cd90a0c1d8c0b2e060f8_0000000100409,1,109.98198,125.59951
5da1382d4db8ce0c98bbe92e_15d9cd90a0c1d8c0b2e060f8_0000000106442,1,112.24649,137.07002
5da1382d4db8ce0c98bbe92e_15d9cd90a0c1d8c0b2e060f8_0000000112572,1,112.24649,137.07002
5da1382d4db8ce0c98bbe92e_15d9cd90a0c1d8c0b2e060f8_0000000117842,1,113.5,145.5
5da1382d4db8ce0c98bbe92e_15d9cd90a0c1d8c0b2e060f8_0000000126177,1,119.5,156.0
5da1382d4db8ce0c98bbe92e_15d9cd90a0c1d8c0b2e060f8_0000000132752,1,119.5,156.0
5da1382d4db8ce0c98bbe92e_15d9cd90a0c1d8c0b2e060f8_0000000137479,1,114.5,162.0
5da1382d4db8ce0c98bbe92e_15d9cd90a0c1d8c0b2e060f8_0000000143339,1,114.5,156.0
5da1382d4db8ce0c98bbe92e_15d9cd90a0c1d8c0b2e060f8_0000000148390,1,119.5,156.0
5da1382d4db8ce0c98bbe92e_15d9cd90a0c1d8c0b2e060f8_0000000156993,1,114.5,162.0
5da1382d4db8ce0c98bbe92e_15d9cd90a0c1d8c0b2e060f8_0000000166495,1,126.0,160.0
5da1382d4db8ce0c98bbe92e_15d9cd90a0c1d8c0b2e060f8_0000000175048,1,119.5,156.0
5da1382d4db8ce0c98bbe92e_15d9cd90a0c1d8c0b2e060f8_0000000183608,1,119.5,156.0
5da1382d4db8ce0c98bbe92e_15d9cd90a0c1d8c0b2e060f8_0000000193388,1,119.05049,141.66016000000002
5da1382d4db8ce0c98bbe92e_15d9cd90a0c1d8c0b2e060f8_0000000200492,1,113.5,145.5
5da1382d4db8ce0c98bbe92e_15d9cd90a0c1d8c0b2e060f8_0000000207991,1,107.9859,140.3628
5da1382d4db8ce0c98bbe92e_15d9cd90a0c1d8c0b2e060f8_0000000217563,1,107.9859,140.3628
5da1382d4db8ce0c98bbe92e_15d9cd90a0c1d8c0b2e060f8_0000000222938,1,107.9859,140.3628
5da1382d4db8ce0c98bbe92e_15d9cd90a0c1d8c0b2e060f8_0000000229093,1,107.9859,140.3628
5da1382d4db8ce0c98bbe92e_15d9cd90a0c1d8c0b2e060f8_0000000240284,1,107.5,145.5
5da1382d4db8ce0c98bbe92e_15d9cd90a0c1d8c0b2e060f8_0000000256315,1,107.9859,140.3628
5da1382d4db8ce0c98bbe92e_15d9cd90a0c1d8c0b2e060f8_0000000266636,1,112.24649,137.07002
5da1382d4db8ce0c98bbe92e_15d9cd90a0c1d8c0b2e060f8_0000000270989,1,112.24649,137.07002
5da1382d4db8ce0c98bbe92e_15d9cd90a0c1d8c0b2e060f8_0000000279310,1,112.24649,137.07002
5da1382d4db8ce0c98bbe92e_2edd1ed9897871186b126a68_0000000000014,1,133.7492,132.12415
5da1382d4db8ce0c98bbe92e_2edd1ed9897871186b126a68_0000000004335,1,131.76547,128.0947
5da1382d4db8ce0c98bbe92e_2edd1ed9897871186b126a68_0000000016412,1,123.56354,124.55221
5da1382d4db8ce0c98bbe92e_2edd1ed9897871186b126a68_0000000025454,1,115.730705,121.688286
5da1382d4db8ce0c98bbe92e_2edd1ed9897871186b126a68_0000000038381,1,123.6712,129.67
5da1382d4db8ce0c98bbe92e_2edd1ed9897871186b126a68_0000000047564,1,131.76547,128.0947
5da1382d4db8ce0c98bbe92e_2edd1ed9897871186b126a68_0000000055567,1,128.10523999999998,130.87639
5da1382d4db8ce0c98bbe92e_2edd1ed9897871186b126a68_0000000064570,1,123.56354,124.55221
5da1382d4db8ce0c98bbe92e_2edd1ed9897871186b126a68_0000000077021,1,123.6712,129.67
5da1382d4db8ce0c98bbe92e_2edd1ed9897871186b126a68_0000000082774,1,118.93409,136.68118
5da1382d4db8ce0c98bbe92e_2edd1ed9897871186b126a68_0000000091578,1,112.24649,137.07002
5da1382d4db8ce0c98bbe92e_2edd1ed9897871186b126a68_0000000098720,1,107.9859,140.3628
5da1382d4db8ce0c98bbe92e_2edd1ed9897871186b126a68_0000000108030,1,93.15833,137.57721
5da1382d4db8ce0c98bbe92e_2edd1ed9897871186b126a68_0000000116140,1,88.53729,139.62918
5da1382d4db8ce0c98bbe92e_2edd1ed9897871186b126a68_0000000124613,1,79.47299,139.66083999999998
5da1382d4db8ce0c98bbe92e_2edd1ed9897871186b126a68_0000000133222,1,69.12403,138.27585
5da1382d4db8ce0c98bbe92e_2edd1ed9897871186b126a68_0000000141445,1,58.16671,131.9763
5da1382d4db8ce0c98bbe92e_2edd1ed9897871186b126a68_0000000147847,1,59.78665,125.59956
5da1382d4db8ce0c98bbe92e_2edd1ed9897871186b126a68_0000000153291,1,59.650208,123.343124
5da1382d4db8ce0c98bbe92e_2edd1ed9897871186b126a68_0000000157135,1,63.896828,120.6602
5da1382d4db8ce0c98bbe92e_2edd1ed9897871186b126a68_0000000169173,1,56.011024,118.91282
5da1382d4db8ce0c98bbe92e_2edd1ed9897871186b126a68_0000000175557,1,48.722157,116.85878
5da1382d4db8ce0c98bbe92e_2edd1ed9897871186b126a68_0000000185453,1,49.002094,109.364426
5da1382d4db8ce0c98bbe92e_2edd1ed9897871186b126a68_0000000192590,1,42.472942,106.55533
5da1382d4db8ce0c98bbe92e_2edd1ed9897871186b126a68_0000000199516,1,43.727932,111.76775
5da1382d4db8ce0c98bbe92e_310990c10f799a9b21cd4ff3_0000000000008,4,71.56864,123.94426
5da1382d4db8ce0c98bbe92e_310990c10f799a9b21cd4ff3_0000000005147,4,71.758965,126.331436
5da1382d4db8ce0c98bbe92e_310990c10f799a9b21cd4ff3_0000000008238,4,67.30237,128.6501
5da1382d4db8ce0c98bbe92e_310990c10f799a9b21cd4ff3_0000000018771,4,66.3266,135.84102
5da1382d4db8ce0c98bbe92e_310990c10f799a9b21cd4ff3_0000000024930,4,69.0,138.5
5da1382d4db8ce0c98bbe92e_310990c10f799a9b21cd4ff3_0000000033958,4,73.46283000000001,140.28441
5da1382d4db8ce0c98bbe92e_310990c10f799a9b21cd4ff3_0000000039846,4,72.5,146.5
5da1382d4db8ce0c98bbe92e_310990c10f799a9b21cd4ff3_0000000045912,4,72.5,155.0
5da1382d4db8ce0c98bbe92e_310990c10f799a9b21cd4ff3_0000000053946,4,72.5,146.5
5da1382d4db8ce0c98bbe92e_310990c10f799a9b21cd4ff3_0000000063491,4,62.5,146.0
5da1382d4db8ce0c98bbe92e_310990c10f799a9b21cd4ff3_0000000068587,4,63.5,148.5
5da1382d4db8ce0c98bbe92e_310990c10f799a9b21cd4ff3_0000000073177,4,63.5,148.5
5da1382d4db8ce0c98bbe92e_310990c10f799a9b21cd4ff3_0000000081017,4,68.5,148.0
5da1382d4db8ce0c98bbe92e_310990c10f799a9b21cd4ff3_0000000085542,4,72.5,146.5
5da1382d4db8ce0c98bbe92e_310990c10f799a9b21cd4ff3_0000000093287,4,74.73273499999999,140.21251999999998
5da1382d4db8ce0c98bbe92e_310990c10f799a9b21cd4ff3_0000000103736,4,85.19117,142.01813
5da1382d4db8ce0c98bbe92e_310990c10f799a9b21cd4ff3_0000000108978,4,88.55193,140.83711
5da1382d4db8ce0c98bbe92e_310990c10f799a9b21cd4ff3_0000000132366,4,91.81746,131.24393
5da1382d4db8ce0c98bbe92e_310990c10f799a9b21cd4ff3_0000000139925,4,92.8149,125.09263
5da1382d4db8ce0c98bbe92e_78beda79f100af67d5fd91e6_0000000000012,0,19.91151,119.283485
5da1382d4db8ce0c98bbe92e_78beda79f100af67d5fd91e6_0000000008794,0,5.7807136,120.67536
5da1382d4db8ce0c98bbe92e_78beda79f100af67d5fd91e6_0000000021479,0,16.48827,117.08325
5da1382d4db8ce0c98bbe92e_78beda79f100af67d5fd91e6_0000000029185,0,19.91151,119.283485
5da1382d4db8ce0c98bbe92e_78beda79f100af67d5fd91e6_0000000037795,0,28.06776,117.59397
5da1382d4db8ce0c98bbe92e_78beda79f100af67d5fd91e6_0000000045352,0,38.153736,120.20226
5da1382d4db8ce0c98bbe92e_78beda79f100af67d5fd91e6_0000000057005,0,50.904892,118.90864
5da1382d4db8ce0c98bbe92e_78beda79f100af67d5fd91e6_0000000065007,0,53.122074,118.751366
5da1382d4db8ce0c98bbe92e_78beda79f100af67d5fd91e6_0000000073655,0,47.53858,121.17605
5da1382d4db8ce0c98bbe92e_78beda79f100af67d5fd91e6_0000000081920,0,35.218468,119.89524
5da1382d4db8ce0c98bbe92e_78beda79f100af67d5fd91e6_0000000090365,0,19.91151,119.283485
5da1382d4db8ce0c98bbe92e_78beda79f100af67d5fd91e6_0000000096181,0,16.48827,117.08325
5da1382d4db8ce0c98bbe92e_78beda79f100af67d5fd91e6_0000000120929,0,18.203644,116.76412
5da1382d4db8ce0c98bbe92e_78beda79f100af67d5fd91e6_0000000129839,0,29.58563,120.37035
5da1382d4db8ce0c98bbe92e_78beda79f100af67d5fd91e6_0000000136674,0,38.6631,118.4594
5da1382d4db8ce0c98bbe92e_78beda79f100af67d5fd91e6_0000000146091,0,49.905186,122.49023
5da1382d4db8ce0c98bbe92e_862a4ac32755d252c6948424_0000000000008,3,146.37451,32.763313000000004
5da1382d4db8ce0c98bbe92e_862a4ac32755d252c6948424_0000000004453,3,143.97905,34.6008
5da1382d4db8ce0c98bbe92e_862a4ac32755d252c6948424_0000000012619,3,142.43301,39.999607
5da1382d4db8ce0c98bbe92e_862a4ac32755d252c6948424_0000000015542,3,143.41048999999998,47.27094
5da1382d4db8ce0c98bbe92e_862a4ac32755d252c6948424_0000000019780,3,144.78464,51.29046
5da1382d4db8ce0c98bbe92e_862a4ac32755d252c6948424_0000000025113,3,148.63097,52.337257
5da1382d4db8ce0c98bbe92e_862a4ac32755d252c6948424_0000000030369,3,158.59685,53.079712
5da1382d4db8ce0c98bbe92e_862a4ac32755d252c6948424_0000000032536,3,158.59685,53.079712
5da1382d4db8ce0c98bbe92e_862a4ac32755d252c6948424_0000000039519,3,166.36488,46.403286
5da1382d4db8ce0c98bbe92e_862a4ac32755d252c6948424_0000000046352,3,163.2912,33.810455
5da1382d4db8ce0c98bbe92e_862a4ac32755d252c6948424_0000000051238,3,159.30919,31.387846000000003
5da1382d4db8ce0c98bbe92e_862a4ac32755d252c6948424_0000000058413,3,153.13756999999998,29.712574
5da1382d4db8ce0c98bbe92e_862a4ac32755d252c6948424_0000000062699,3,146.37451,32.763313000000004
5da1382d4db8ce0c98bbe92e_862a4ac32755d252c6948424_0000000065217,3,143.75285,31.7791
5da1382d4db8ce0c98bbe92e_862a4ac32755d252c6948424_0000000071837,3,142.43301,39.999607
5da1382d4db8ce0c98bbe92e_862a4ac32755d252c6948424_0000000078496,3,143.41048999999998,47.27094
5da1382d4db8ce0c98bbe92e_862a4ac32755d252c6948424_0000000083836,3,148.63097,52.337257
5da1382d4db8ce0c98bbe92e_862a4ac32755d252c6948424_0000000090132,3,158.59685,53.079712
5da1382d4db8ce0c98bbe92e_862a4ac32755d252c6948424_0000000094956,3,159.64642,55.958675
5da1382d4db8ce0c98bbe92e_862a4ac32755d252c6948424_0000000106975,3,166.36488,46.403286
5da1382d4db8ce0c98bbe92e_862a4ac32755d252c6948424_0000000116201,3,164.8184,33.64278
5da1382d4db8ce0c98bbe92e_862a4ac32755d252c6948424_0000000124651,3,167.48662,39.902943
5da1382d4db8ce0c98bbe92e_862a4ac32755d252c6948424_0000000134042,3,171.22356000000002,26.823414
5da1382d4db8ce0c98bbe92e_862a4ac32755d252c6948424_0000000143701,3,183.57907,26.780157
5da1382d4db8ce0c98bbe92e_862a4ac32755d252c6948424_0000000148806,3,186.52628,33.853553999999995
5da1382d4db8ce0c98bbe92e_862a4ac32755d252c6948424_0000000159364,3,186.0836,26.494957
5da1382d4db8ce0c98bbe92e_862a4ac32755d252c6948424_0000000165003,3,184.24808,21.934288
5da1382d4db8ce0c98bbe92e_862a4ac32755d252c6948424_0000000176145,3,184.84723,26.955505
5da1382d4db8ce0c98bbe92e_862a4ac32755d252c6948424_0000000185139,3,184.78825,33.546932
5da1382d4db8ce0c98bbe92e_862a4ac32755d252c6948424_0000000193309,3,183.57907,26.780157
5da1382d4db8ce0c98bbe92e_862a4ac32755d252c6948424_0000000204238,3,169.83499,25.110401
5da1382d4db8ce0c98bbe92e_862a4ac32755d252c6948424_0000000216401,3,165.33566000000002,39.919674
5da1382d4db8ce0c98bbe92e_862a4ac32755d252c6948424_0000000221434,3,159.58096,33.86001
5da1382d4db8ce0c98bbe92e_862a4ac32755d252c6948424_0000000233998,3,153.13756999999998,29.712574
5da1382d4db8ce0c98bbe92e_862a4ac32755d252c6948424_0000000241662,3,146.37451,32.763313000000004
5da1382d4db8ce0c98bbe92e_862a4ac32755d252c6948424_0000000248940,3,142.50188,37.08527
5da1382d4db8ce0c98bbe92e_862a4ac32755d252c6948424_0000000258191,3,142.50188,37.08527
5da1382d4db8ce0c98bbe92e_862a4ac32755d252c6948424_0000000266371,3,147.75967,29.82217
5da1382d4db8ce0c98bbe92e_862a4ac32755d252c6948424_0000000275179,3,153.65479,28.912325
5da1382d4db8ce0c98bbe92e_862a4ac32755d252c6948424_0000000285287,3,160.02605,32.833782
5da1382d4db8ce0c98bbe92e_862a4ac32755d252c6948424_0000000292966,3,165.33566000000002,39.919674
5da1382d4db8ce0c98bbe92e_862a4ac32755d252c6948424_0000000296525,3,166.36488,46.403286
5da1382d4db8ce0c98bbe92e_862a4ac32755d252c6948424_0000000303610,3,158.59685,53.079712
5da1382d4db8ce0c98bbe92e_862a4ac32755d252c6948424_0000000308847,3,159.64642,55.958675
5da1382d4db8ce0c98bbe92e_862a4ac32755d252c6948424_0000000318103,3,148.63097,52.337257
5da1382d4db8ce0c98bbe92e_862a4ac32755d252c6948424_0000000323718,3,146.5299,54.762436
5da1382d4db8ce0c98bbe92e_862a4ac32755d252c6948424_0000000327306,3,144.78464,51.29046
5da1382d4db8ce0c98bbe92e_862a4ac32755d252c6948424_0000000334370,3,143.41048999999998,47.27094
5da1382d4db8ce0c98bbe92e_862a4ac32755d252c6948424_0000000339236,3,142.43301,39.999607
5da1382d4db8ce0c98bbe92e_862a4ac32755d252c6948424_0000000342954,3,142.50188,37.08527
5da1382d4db8ce0c98bbe92e_862a4ac32755d252c6948424_0000000349183,3,145.88141000000002,30.538008
5da1382d4db8ce0c98bbe92e_876cd27fc8f63a2800fc3de8_0000000000008,2,184.01823,21.586023
5da1382d4db8ce0c98bbe92e_876cd27fc8f63a2800fc3de8_0000000003274,2,184.01823,21.586023
5da1382d4db8ce0c98bbe92e_876cd27fc8f63a2800fc3de8_0000000010345,2,186.0,26.0
5da1382d4db8ce0c98bbe92e_876cd27fc8f63a2800fc3de8_0000000014911,2,186.0,26.0
5da1382d4db8ce0c98bbe92e_876cd27fc8f63a2800fc3de8_0000000020854,2,184.01823,21.586023
5da1382d4db8ce0c98bbe92e_876cd27fc8f63a2800fc3de8_0000000031862,2,173.59654,21.159985
5da1382d4db8ce0c98bbe92e_876cd27fc8f63a2800fc3de8_0000000037505,2,171.42197,25.08976
5da1382d4db8ce0c98bbe92e_876cd27fc8f63a2800fc3de8_0000000044806,2,170.17548,19.923721
5da1382d4db8ce0c98bbe92e_876cd27fc8f63a2800fc3de8_0000000052906,2,171.42197,25.08976
5da1382d4db8ce0c98bbe92e_876cd27fc8f63a2800fc3de8_0000000059738,2,171.30096,32.212
5da1382d4db8ce0c98bbe92e_876cd27fc8f63a2800fc3de8_0000000065007,2,167.1218,33.87593
5da1382d4db8ce0c98bbe92e_876cd27fc8f63a2800fc3de8_0000000070326,2,160.92796,29.897797
5da1382d4db8ce0c98bbe92e_876cd27fc8f63a2800fc3de8_0000000076877,2,154.1603,28.6896
5da1382d4db8ce0c98bbe92e_876cd27fc8f63a2800fc3de8_0000000082630,2,146.1696,30.05188
5da1382d4db8ce0c98bbe92e_876cd27fc8f63a2800fc3de8_0000000088464,2,142.81389,30.05188
5da1382d4db8ce0c98bbe92e_876cd27fc8f63a2800fc3de8_0000000093149,2,143.4459,34.054317
5da1382d4db8ce0c98bbe92e_876cd27fc8f63a2800fc3de8_0000000099668,2,144.76013,43.031723
5da1382d4db8ce0c98bbe92e_876cd27fc8f63a2800fc3de8_0000000104425,2,143.11485,45.399612
5da1382d4db8ce0c98bbe92e_876cd27fc8f63a2800fc3de8_0000000111336,2,145.10973,54.29081
5da1382d4db8ce0c98bbe92e_876cd27fc8f63a2800fc3de8_0000000122053,2,157.14706,53.33194399999999
5da1382d4db8ce0c98bbe92e_876cd27fc8f63a2800fc3de8_0000000128262,2,163.53482,57.42998000000001
5da1382d4db8ce0c98bbe92e_876cd27fc8f63a2800fc3de8_0000000137180,2,163.53482,57.42998000000001
5da1382d4db8ce0c98bbe92e_876cd27fc8f63a2800fc3de8_0000000143947,2,167.7804,45.706234
5da1382d4db8ce0c98bbe92e_876cd27fc8f63a2800fc3de8_0000000152084,2,167.52234,39.101986
5da1382d4db8ce0c98bbe92e_876cd27fc8f63a2800fc3de8_0000000160685,2,166.0383,31.363129
5da1382d4db8ce0c98bbe92e_876cd27fc8f63a2800fc3de8_0000000172863,2,151.63135,30.6108
5da1382d4db8ce0c98bbe92e_876cd27fc8f63a2800fc3de8_0000000181584,2,143.4459,34.054317
5da1382d4db8ce0c98bbe92e_876cd27fc8f63a2800fc3de8_0000000191843,2,145.9439,44.85794
5da1382d4db8ce0c98bbe92e_876cd27fc8f63a2800fc3de8_0000000198804,2,147.10367,50.806202
5da1382d4db8ce0c98bbe92e_876cd27fc8f63a2800fc3de8_0000000202443,2,148.30643999999998,57.346340000000005
5da1382d4db8ce0c98bbe92e_876cd27fc8f63a2800fc3de8_0000000210847,2,148.23068,67.17461
5da1382d4db8ce0c98bbe92e_876cd27fc8f63a2800fc3de8_0000000218436,2,150.40573,78.432014
5da1382d4db8ce0c98bbe92e_876cd27fc8f63a2800fc3de8_0000000227610,2,156.15738000000002,89.43349
5da1382d4db8ce0c98bbe92e_876cd27fc8f63a2800fc3de8_0000000236961,2,145.78146,85.78944399999999
5da1382d4db8ce0c98bbe92e_876cd27fc8f63a2800fc3de8_0000000242266,2,143.62573,83.583244
5da1382d4db8ce0c98bbe92e_876cd27fc8f63a2800fc3de8_0000000246633,2,143.62573,83.583244
5da1382d4db8ce0c98bbe92e_876cd27fc8f63a2800fc3de8_0000000253406,2,136.5,80.5
5da1382d4db8ce0c98bbe92e_876cd27fc8f63a2800fc3de8_0000000260583,2,143.62573,83.583244
5da1382d4db8ce0c98bbe92e_876cd27fc8f63a2800fc3de8_0000000274055,2,125.0,80.0
5da1382d4db8ce0c98bbe92e_876cd27fc8f63a2800fc3de8_0000000280940,2,119.0,89.5
5da1382d4db8ce0c98bbe92e_876cd27fc8f63a2800fc3de8_0000000287973,2,121.5,93.5
5da1382d4db8ce0c98bbe92e_876cd27fc8f63a2800fc3de8_0000000296466,2,119.0,89.5
5da1382d4db8ce0c98bbe92e_876cd27fc8f63a2800fc3de8_0000000309050,2,118.5,80.5
5da1382d4db8ce0c98bbe92e_876cd27fc8f63a2800fc3de8_0000000321334,2,133.0,80.0
5da1382d4db8ce0c98bbe92e_876cd27fc8f63a2800fc3de8_0000000324081,2,136.5,80.5
5da1382d4db8ce0c98bbe92e_876cd27fc8f63a2800fc3de8_0000000330930,2,136.5,86.0
5da1382d4db8ce0c98bbe92e_876cd27fc8f63a2800fc3de8_0000000338796,2,141.87991,86.92129
5da1382d4db8ce0c98bbe92e_876cd27fc8f63a2800fc3de8_0000000342767,2,145.78146,85.78944399999999
5da1382d4db8ce0c98bbe92e_876cd27fc8f63a2800fc3de8_0000000349849,2,150.40573,78.432014
5da1382d4db8ce0c98bbe92e_876cd27fc8f63a2800fc3de8_0000000354291,2,148.51567,75.45013
5da1382d4db8ce0c98bbe92e_876cd27fc8f63a2800fc3de8_0000000360651,2,148.23068,67.17461
5da1382d4db8ce0c98bbe92e_876cd27fc8f63a2800fc3de8_0000000368644,2,148.30643999999998,57.346340000000005
5da1382d4db8ce0c98bbe92e_876cd27fc8f63a2800fc3de8_0000000375130,2,157.14706,53.33194399999999
5da1382d4db8ce0c98bbe92e_876cd27fc8f63a2800fc3de8_0000000378925,2,157.14706,53.33194399999999
5da1382d4db8ce0c98bbe92e_876cd27fc8f63a2800fc3de8_0000000384316,2,160.81816,55.9641
5da1382d4db8ce0c98bbe92e_876cd27fc8f63a2800fc3de8_0000000394802,2,163.53482,57.42998000000001
5da1382d4db8ce0c98bbe92e_876cd27fc8f63a2800fc3de8_0000000400737,2,164.63736,46.803745
5da1382d4db8ce0c98bbe92e_876cd27fc8f63a2800fc3de8_0000000412666,2,163.53482,57.42998000000001
5da1382d4db8ce0c98bbe92e_876cd27fc8f63a2800fc3de8_0000000421266,2,162.17807,70.39974000000001
5da1382d4db8ce0c98bbe92e_8ca7fe022118929860699a2f_0000000000016,0,165.22195,51.76833
5da1382d4db8ce0c98bbe92e_8ca7fe022118929860699a2f_0000000006062,0,164.28162,37.49684
5da1382d4db8ce0c98bbe92e_8ca7fe022118929860699a2f_0000000012835,0,164.28162,37.49684
5da1382d4db8ce0c98bbe92e_8ca7fe022118929860699a2f_0000000018079,0,160.41104,30.52419
5da1382d4db8ce0c98bbe92e_8ca7fe022118929860699a2f_0000000023014,0,163.36241,27.819640000000003
5da1382d4db8ce0c98bbe92e_8ca7fe022118929860699a2f_0000000030829,0,170.78632,26.428734
5da1382d4db8ce0c98bbe92e_8ca7fe022118929860699a2f_0000000040002,0,163.36241,27.819640000000003
5da1382d4db8ce0c98bbe92e_8ca7fe022118929860699a2f_0000000051475,0,167.52211,37.406876
5da1382d4db8ce0c98bbe92e_8ca7fe022118929860699a2f_0000000062066,0,165.68614,52.507797
5da1382d4db8ce0c98bbe92e_8ca7fe022118929860699a2f_0000000072141,0,163.99739,47.637688
5da1382d4db8ce0c98bbe92e_8ca7fe022118929860699a2f_0000000076794,0,164.28162,37.49684
5da1382d4db8ce0c98bbe92e_8ca7fe022118929860699a2f_0000000085464,0,160.41104,30.52419
5da1382d4db8ce0c98bbe92e_8ca7fe022118929860699a2f_0000000091797,0,153.50137,31.297626
5da1382d4db8ce0c98bbe92e_8ca7fe022118929860699a2f_0000000096846,0,147.31822,32.22937
5da1382d4db8ce0c98bbe92e_8ca7fe022118929860699a2f_0000000101804,0,143.70201,28.875555
5da1382d4db8ce0c98bbe92e_8ca7fe022118929860699a2f_0000000107048,0,139.3025,24.940939
5da1382d4db8ce0c98bbe92e_8ca7fe022118929860699a2f_0000000111463,0,134.32023999999998,24.670752
5da1382d4db8ce0c98bbe92e_8ca7fe022118929860699a2f_0000000117405,0,127.91894,25.109846
5da1382d4db8ce0c98bbe92e_8ca7fe022118929860699a2f_0000000125431,0,128.05547,19.408394
5da1382d4db8ce0c98bbe92e_8ca7fe022118929860699a2f_0000000131363,0,131.75203,20.600813
5da1382d4db8ce0c98bbe92e_8ca7fe022118929860699a2f_0000000138815,0,140.63065,21.04834
5da1382d4db8ce0c98bbe92e_8ca7fe022118929860699a2f_0000000147170,0,146.48701,27.060034
5da1382d4db8ce0c98bbe92e_8ca7fe022118929860699a2f_0000000158113,0,159.93098,26.610502
5da1382d4db8ce0c98bbe92e_8ca7fe022118929860699a2f_0000000164555,0,163.36241,27.819640000000003
5da1382d4db8ce0c98bbe92e_9e001583893cabee64bf69df_0000000000011,0,114.3507,121.18427
5da1382d4db8ce0c98bbe92e_9e001583893cabee64bf69df_0000000009874,0,105.60642,125.698784
5da1382d4db8ce0c98bbe92e_9e001583893cabee64bf69df_0000000018215,0,98.16864,131.12228000000002
5da1382d4db8ce0c98bbe92e_9e001583893cabee64bf69df_0000000031868,0,84.62093,125.98125
5da1382d4db8ce0c98bbe92e_9e001583893cabee64bf69df_0000000045242,0,71.56128000000001,130.25543000000002
5da1382d4db8ce0c98bbe92e_9e001583893cabee64bf69df_0000000054728,0,72.26114,125.19821
5da1382d4db8ce0c98bbe92e_9e001583893cabee64bf69df_0000000066898,0,76.662285,124.624466
5da1382d4db8ce0c98bbe92e_9e001583893cabee64bf69df_0000000074020,0,80.86289000000001,129.07623
5da1382d4db8ce0c98bbe92e_b03a2291b48aa904314717db_0000000000012,3,64.07133,146.08842
5da1382d4db8ce0c98bbe92e_b03a2291b48aa904314717db_0000000007245,3,71.92884000000001,146.70203
5da1382d4db8ce0c98bbe92e_b03a2291b48aa904314717db_0000000013070,3,72.16448000000001,139.11624
5da1382d4db8ce0c98bbe92e_b03a2291b48aa904314717db_0000000021697,3,69.33657,129.35945
5da1382d4db8ce0c98bbe92e_b03a2291b48aa904314717db_0000000033996,3,72.44134,123.78763
5da1382d4db8ce0c98bbe92e_b03a2291b48aa904314717db_0000000042280,3,77.687515,123.51748
5da1382d4db8ce0c98bbe92e_b03a2291b48aa904314717db_0000000049732,3,84.8983,125.95093
5da1382d4db8ce0c98bbe92e_b03a2291b48aa904314717db_0000000056548,3,84.8983,125.95093
5da1382d4db8ce0c98bbe92e_b03a2291b48aa904314717db_0000000065561,3,90.55599,128.9802
5da1382d4db8ce0c98bbe92e_b03a2291b48aa904314717db_0000000082307,3,98.87414,125.72399
5da1382d4db8ce0c98bbe92e_b03a2291b48aa904314717db_0000000091930,3,109.959625,123.19465
5da1382d4db8ce0c98bbe92e_b03a2291b48aa904314717db_0000000102016,3,119.275986,121.88812
5da1382d4db8ce0c98bbe92e_b03a2291b48aa904314717db_0000000115280,3,126.807434,111.44897
5da1382d4db8ce0c98bbe92e_b03a2291b48aa904314717db_0000000122419,3,132.30338,110.20078
5da1382d4db8ce0c98bbe92e_b03a2291b48aa904314717db_0000000134875,3,145.06027,120.637825
5da1382d4db8ce0c98bbe92e_b03a2291b48aa904314717db_0000000141436,3,147.05057,127.29306
5da1382d4db8ce0c98bbe92e_c816924dba6739d9c63021f7_0000000000009,2,138.64095,134.02002
5da1382d4db8ce0c98bbe92e_c816924dba6739d9c63021f7_0000000004684,2,137.303,134.4356
5da1382d4db8ce0c98bbe92e_c816924dba6739d9c63021f7_0000000013845,2,138.67103999999998,137.14975
5da1382d4db8ce0c98bbe92e_c816924dba6739d9c63021f7_0000000032664,2,145.62326000000002,129.08466
5da1382d4db8ce0c98bbe92e_c816924dba6739d9c63021f7_0000000046193,2,151.10086,128.01022
5da1382d4db8ce0c98bbe92e_c816924dba6739d9c63021f7_0000000057188,2,162.0,120.0
5da1382d4db8ce0c98bbe92e_c816924dba6739d9c63021f7_0000000065493,2,162.0,111.0
5da1382d4db8ce0c98bbe92e_c816924dba6739d9c63021f7_0000000067899,2,162.0,111.0
5da1382d4db8ce0c98bbe92e_c816924dba6739d9c63021f7_0000000072920,2,163.54326,106.409225
5da1382d4db8ce0c98bbe92e_c816924dba6739d9c63021f7_0000000079416,2,168.5,106.5
5da1382d4db8ce0c98bbe92e_c816924dba6739d9c63021f7_0000000084182,2,168.5,111.0
5da1382d4db8ce0c98bbe92e_c816924dba6739d9c63021f7_0000000090654,2,162.0,111.0
5da1382d4db8ce0c98bbe92e_c816924dba6739d9c63021f7_0000000100125,2,168.5,106.5
5da1382d4db8ce0c98bbe92e_c816924dba6739d9c63021f7_0000000106353,2,168.5,111.0
5da1382d4db8ce0c98bbe92e_c816924dba6739d9c63021f7_0000000113840,2,175.0,111.0
5da1382d4db8ce0c98bbe92e_c816924dba6739d9c63021f7_0000000125073,2,162.0,111.0
5da1382d4db8ce0c98bbe92e_c816924dba6739d9c63021f7_0000000129239,2,162.0,111.0
5da1382d4db8ce0c98bbe92e_c816924dba6739d9c63021f7_0000000136896,2,162.0,120.0
5da1382d4db8ce0c98bbe92e_c816924dba6739d9c63021f7_0000000149071,2,149.57312,126.582664
5da1382d4db8ce0c98bbe92e_c816924dba6739d9c63021f7_0000000158672,2,145.34077,120.25484
5da1382d4db8ce0c98bbe92e_c816924dba6739d9c63021f7_0000000163201,2,141.35815,118.32613
5da1382d4db8ce0c98bbe92e_c816924dba6739d9c63021f7_0000000175024,2,137.0,106.0
5da1382d4db8ce0c98bbe92e_c816924dba6739d9c63021f7_0000000183640,2,130.08595,108.30133
5da1382d4db8ce0c98bbe92e_c816924dba6739d9c63021f7_0000000199429,2,132.67221,109.7621
5da1382d4db8ce0c98bbe92e_c816924dba6739d9c63021f7_0000000210607,2,147.29065,112.21126
5da1382d4db8ce0c98bbe92e_c816924dba6739d9c63021f7_0000000217338,2,141.35815,118.32613
5da1382d4db8ce0c98bbe92e_c816924dba6739d9c63021f7_0000000231703,2,137.0,106.0
5da1382d4db8ce0c98bbe92e_c816924dba6739d9c63021f7_0000000239798,2,132.67221,109.7621
5da1382d4db8ce0c98bbe92e_c816924dba6739d9c63021f7_0000000251446,2,137.0,106.0
5da1382d4db8ce0c98bbe92e_c816924dba6739d9c63021f7_0000000270924,2,138.61258,98.00165
5da1382d4db8ce0c98bbe92e_c816924dba6739d9c63021f7_0000000276201,2,138.61258,98.00165
5da1382d4db8ce0c98bbe92e_c816924dba6739d9c63021f7_0000000281363,2,141.87991,86.92129
5da1382d4db8ce0c98bbe92e_c816924dba6739d9c63021f7_0000000288130,2,136.5,86.0
5da1382d4db8ce0c98bbe92e_c816924dba6739d9c63021f7_0000000303775,2,138.61258,98.00165
5da1382d4db8ce0c98bbe92e_c816924dba6739d9c63021f7_0000000316448,2,132.67221,109.7621
5da1382d4db8ce0c98bbe92e_c816924dba6739d9c63021f7_0000000329682,2,141.35815,118.32613
5da1382d4db8ce0c98bbe92e_c816924dba6739d9c63021f7_0000000339447,2,141.35815,118.32613
5da1382d4db8ce0c98bbe92e_c816924dba6739d9c63021f7_0000000355167,2,141.35815,118.32613
5da1382d4db8ce0c98bbe92e_c816924dba6739d9c63021f7_0000000375652,2,137.0,106.0
5da1382d4db8ce0c98bbe92e_c816924dba6739d9c63021f7_0000000390926,2,138.61258,98.00165
5da1382d4db8ce0c98bbe92e_c816924dba6739d9c63021f7_0000000406777,2,130.08595,108.30133
5da138314db8ce0c98bbf3a0_0969b6db91bb1697f99a8a21_0000000000012,-1,23.511292,66.07307
5da138314db8ce0c98bbf3a0_0969b6db91bb1697f99a8a21_0000000009190,-1,24.133791,59.630398
5da138314db8ce0c98bbf3a0_0969b6db91bb1697f99a8a21_0000000021961,-1,25.03684,51.21131
5da138314db8ce0c98bbf3a0_0969b6db91bb1697f99a8a21_0000000034446,-1,25.92625,43.00828
5da138314db8ce0c98bbf3a0_0969b6db91bb1697f99a8a21_0000000050899,-1,26.826744,34.8194
5da138314db8ce0c98bbf3a0_0969b6db91bb1697f99a8a21_0000000065908,-1,28.189209,24.15923
5da138314db8ce0c98bbf3a0_0969b6db91bb1697f99a8a21_0000000073757,-1,29.871990000000004,23.103308
5da138314db8ce0c98bbf3a0_0969b6db91bb1697f99a8a21_0000000087737,-1,29.060339000000003,30.25287
5da138314db8ce0c98bbf3a0_0969b6db91bb1697f99a8a21_0000000100749,-1,28.57589,39.325092
5da138314db8ce0c98bbf3a0_0969b6db91bb1697f99a8a21_0000000106957,-1,28.005602000000003,40.79046
5da138314db8ce0c98bbf3a0_0969b6db91bb1697f99a8a21_0000000120376,-1,26.906626,49.134396
5da138314db8ce0c98bbf3a0_0969b6db91bb1697f99a8a21_0000000129161,-1,26.520603,53.646492
5da138314db8ce0c98bbf3a0_0969b6db91bb1697f99a8a21_0000000137298,-1,26.023556,56.13436
5da138314db8ce0c98bbf3a0_0969b6db91bb1697f99a8a21_0000000150228,-1,25.587387,61.997864
5da138314db8ce0c98bbf3a0_0969b6db91bb1697f99a8a21_0000000159998,-1,25.03874,68.28718
5da138314db8ce0c98bbf3a0_0d08327383a1f146a26a2a2b_0000000000015,-2,80.02892,37.66626
5da138314db8ce0c98bbf3a0_0d08327383a1f146a26a2a2b_0000000016436,-2,86.21615600000001,29.168724
5da138314db8ce0c98bbf3a0_0d08327383a1f146a26a2a2b_0000000039410,-2,91.94225,37.428455
5da138314db8ce0c98bbf3a0_0d08327383a1f146a26a2a2b_0000000056189,-2,95.722374,35.932964
5da138314db8ce0c98bbf3a0_0d08327383a1f146a26a2a2b_0000000078436,-2,105.08668,37.29371
5da138314db8ce0c98bbf3a0_0d08327383a1f146a26a2a2b_0000000089984,-2,113.965996,38.1684
5da138314db8ce0c98bbf3a0_0d08327383a1f146a26a2a2b_0000000101533,-2,125.07628,42.37629
5da138314db8ce0c98bbf3a0_0d08327383a1f146a26a2a2b_0000000111363,-2,128.50337,39.909424
5da138314db8ce0c98bbf3a0_0d08327383a1f146a26a2a2b_0000000119494,-2,127.90639,44.79047
5da138314db8ce0c98bbf3a0_0d08327383a1f146a26a2a2b_0000000126058,-2,125.07628,42.37629
5da138314db8ce0c98bbf3a0_0d08327383a1f146a26a2a2b_0000000141836,-2,108.29962,40.260723
5da138314db8ce0c98bbf3a0_0d08327383a1f146a26a2a2b_0000000154569,-2,105.08668,37.29371
5da138314db8ce0c98bbf3a0_0d08327383a1f146a26a2a2b_0000000177025,-2,95.722374,35.932964
5da138314db8ce0c98bbf3a0_0d08327383a1f146a26a2a2b_0000000188764,-2,91.94225,37.428455
5da138314db8ce0c98bbf3a0_0d08327383a1f146a26a2a2b_0000000207363,-2,84.26085,37.13788
5da138314db8ce0c98bbf3a0_0d08327383a1f146a26a2a2b_0000000219608,-2,80.02892,37.66626
5da138314db8ce0c98bbf3a0_136d1cb5b01538b9979aedbe_0000000000009,-1,54.580013,41.64699
5da138314db8ce0c98bbf3a0_136d1cb5b01538b9979aedbe_0000000008366,-1,49.32054,40.56508
5da138314db8ce0c98bbf3a0_136d1cb5b01538b9979aedbe_0000000022987,-1,49.897446,30.0308
5da138314db8ce0c98bbf3a0_136d1cb5b01538b9979aedbe_0000000035686,-1,54.058857,22.768421
5da138314db8ce0c98bbf3a0_136d1cb5b01538b9979aedbe_0000000052010,-1,49.897446,30.0308
5da138314db8ce0c98bbf3a0_136d1cb5b01538b9979aedbe_0000000060713,-1,49.897446,30.0308
5da138314db8ce0c98bbf3a0_136d1cb5b01538b9979aedbe_0000000071896,-1,54.580013,41.64699
5da138314db8ce0c98bbf3a0_1c93cbfe9be665edd768737d_0000000000010,-1,92.37051,56.833046
5da138314db8ce0c98bbf3a0_1c93cbfe9be665edd768737d_0000000011028,-1,83.54745,56.58626
5da138314db8ce0c98bbf3a0_1c93cbfe9be665edd768737d_0000000023742,-1,82.540504,53.287785
5da138314db8ce0c98bbf3a0_1c93cbfe9be665edd768737d_0000000036217,-1,88.98775,54.05713299999999
5da138314db8ce0c98bbf3a0_1c93cbfe9be665edd768737d_0000000052196,-1,90.79322,49.70082
5da138314db8ce0c98bbf3a0_1c93cbfe9be665edd768737d_0000000063902,-1,90.58013,43.25289
5da138314db8ce0c98bbf3a0_20073e2d139310a2bae877c4_0000000000008,0,26.53896,20.833567
5da138314db8ce0c98bbf3a0_20073e2d139310a2bae877c4_0000000007234,0,27.438843,18.469007
5da138314db8ce0c98bbf3a0_20073e2d139310a2bae877c4_0000000014043,0,25.989645,18.101652
5da138314db8ce0c98bbf3a0_20073e2d139310a2bae877c4_0000000023548,0,27.014608000000003,16.58615
5da138314db8ce0c98bbf3a0_20073e2d139310a2bae877c4_0000000031813,0,25.21778,10.152234
5da138314db8ce0c98bbf3a0_20073e2d139310a2bae877c4_0000000039007,0,21.48028,11.183169
5da138314db8ce0c98bbf3a0_20073e2d139310a2bae877c4_0000000048978,0,25.122423,16.297398
5da138314db8ce0c98bbf3a0_20073e2d139310a2bae877c4_0000000060874,0,25.989645,18.101652
5da138314db8ce0c98bbf3a0_2fe9bdaed4fb3e1368e07ccc_0000000000011,1,24.510645,80.148315
5da138314db8ce0c98bbf3a0_2fe9bdaed4fb3e1368e07ccc_0000000009153,1,17.732672,82.0253
5da138314db8ce0c98bbf3a0_2fe9bdaed4fb3e1368e07ccc_0000000020969,1,12.065748,76.60121
5da138314db8ce0c98bbf3a0_2fe9bdaed4fb3e1368e07ccc_0000000030954,1,12.065748,76.60121
5da138314db8ce0c98bbf3a0_2fe9bdaed4fb3e1368e07ccc_0000000038556,1,12.065748,76.60121
5da138314db8ce0c98bbf3a0_2fe9bdaed4fb3e1368e07ccc_0000000047288,1,21.322702,78.14273
5da138314db8ce0c98bbf3a0_2fe9bdaed4fb3e1368e07ccc_0000000055740,1,17.732672,82.0253
5da138314db8ce0c98bbf3a0_2fe9bdaed4fb3e1368e07ccc_0000000066859,1,11.742385,73.94232
5da138314db8ce0c98bbf3a0_2fe9bdaed4fb3e1368e07ccc_0000000077250,1,12.065748,76.60121
5da138314db8ce0c98bbf3a0_330b81185e5f5c5513ae7d2f_0000000000010,-1,28.57589,39.325092
5da138314db8ce0c98bbf3a0_330b81185e5f5c5513ae7d2f_0000000012771,-1,37.257164,40.56107
5da138314db8ce0c98bbf3a0_330b81185e5f5c5513ae7d2f_0000000028216,-1,48.728558,41.797016
5da138314db8ce0c98bbf3a0_330b81185e5f5c5513ae7d2f_0000000041693,-1,54.580013,41.64699
5da138314db8ce0c98bbf3a0_330b81185e5f5c5513ae7d2f_0000000056565,-1,61.77228,42.47106
5da138314db8ce0c98bbf3a0_330b81185e5f5c5513ae7d2f_0000000069263,-1,67.35491999999999,43.013165
5da138314db8ce0c98bbf3a0_330b81185e5f5c5513ae7d2f_0000000089719,-1,78.38667,44.373055
5da138314db8ce0c98bbf3a0_330b81185e5f5c5513ae7d2f_0000000098181,-1,78.59943,45.170887
5da138314db8ce0c98bbf3a0_330b81185e5f5c5513ae7d2f_0000000116020,-1,72.69794499999999,45.485806
5da138314db8ce0c98bbf3a0_330b81185e5f5c5513ae7d2f_0000000134153,-1,63.730990000000006,44.457993
5da138314db8ce0c98bbf3a0_330b81185e5f5c5513ae7d2f_0000000146943,-1,56.34064,42.593475
5da138314db8ce0c98bbf3a0_330b81185e5f5c5513ae7d2f_0000000162014,-1,48.753437,42.595184
5da138314db8ce0c98bbf3a0_330b81185e5f5c5513ae7d2f_0000000181029,-1,45.938828,42.284546
5da138314db8ce0c98bbf3a0_330b81185e5f5c5513ae7d2f_0000000198127,-1,34.476406,40.85732
5da138314db8ce0c98bbf3a0_41fb71519f03dabae411b661_0000000000009,-2,98.78453,72.04759
5da138314db8ce0c98bbf3a0_41fb71519f03dabae411b661_0000000007043,-2,100.209175,68.7732
5da138314db8ce0c98bbf3a0_41fb71519f03dabae411b661_0000000020241,-2,102.04612,61.111027
5da138314db8ce0c98bbf3a0_41fb71519f03dabae411b661_0000000040583,-2,98.78453,72.04759
5da138314db8ce0c98bbf3a0_41fb71519f03dabae411b661_0000000051258,-2,100.209175,68.7732
5da138314db8ce0c98bbf3a0_41fb71519f03dabae411b661_0000000067107,-2,99.16451,61.76409
5da138314db8ce0c98bbf3a0_41fb71519f03dabae411b661_0000000082574,-2,98.78453,72.04759
5da138314db8ce0c98bbf3a0_49ef0e8c42428f0c67c3ed4b_0000000000008,-1,64.550125,59.116646
5da138314db8ce0c98bbf3a0_49ef0e8c42428f0c67c3ed4b_0000000006667,-1,61.6008,59.884266
5da138314db8ce0c98bbf3a0_49ef0e8c42428f0c67c3ed4b_0000000016126,-1,56.19664,57.31296999999999
5da138314db8ce0c98bbf3a0_49ef0e8c42428f0c67c3ed4b_0000000028712,-1,54.11829399999999,59.25884
5da138314db8ce0c98bbf3a0_49ef0e8c42428f0c67c3ed4b_0000000049927,-1,54.13777,57.17091
5da138314db8ce0c98bbf3a0_49ef0e8c42428f0c67c3ed4b_0000000060169,-1,47.13381,57.738235
5da138314db8ce0c98bbf3a0_49ef0e8c42428f0c67c3ed4b_0000000066846,-1,44.403744,57.13077
5da138314db8ce0c98bbf3a0_49ef0e8c42428f0c67c3ed4b_0000000082870,-1,36.26616,56.37262
5da138314db8ce0c98bbf3a0_49ef0e8c42428f0c67c3ed4b_0000000098520,-1,32.820606,54.83172
5da138314db8ce0c98bbf3a0_49ef0e8c42428f0c67c3ed4b_0000000109580,-1,26.023556,56.13436
5da138314db8ce0c98bbf3a0_52265eb3084b4e3f7b08f6ae_0000000000008,1,25.045763,52.488255
5da138314db8ce0c98bbf3a0_52265eb3084b4e3f7b08f6ae_0000000011158,1,28.85939,49.895004
5da138314db8ce0c98bbf3a0_52265eb3084b4e3f7b08f6ae_0000000022015,1,28.419445,56.227947
5da138314db8ce0c98bbf3a0_52265eb3084b4e3f7b08f6ae_0000000029805,1,31.321758000000003,60.354027
5da138314db8ce0c98bbf3a0_52265eb3084b4e3f7b08f6ae_0000000037262,1,27.634487,60.147274
5da138314db8ce0c98bbf3a0_52265eb3084b4e3f7b08f6ae_0000000047324,1,28.419445,56.227947
5da138314db8ce0c98bbf3a0_52265eb3084b4e3f7b08f6ae_0000000064812,1,31.321758000000003,60.354027
5da138314db8ce0c98bbf3a0_52265eb3084b4e3f7b08f6ae_0000000078212,1,27.634487,60.147274
5da138314db8ce0c98bbf3a0_5340e354629f97c9348270c0_0000000000009,-2,99.51921,79.52109499999999
5da138314db8ce0c98bbf3a0_5340e354629f97c9348270c0_0000000017510,-2,98.62875,91.09932
5da138314db8ce0c98bbf3a0_5340e354629f97c9348270c0_0000000024950,-2,96.34684,87.84181
5da138314db8ce0c98bbf3a0_5340e354629f97c9348270c0_0000000039769,-2,97.056625,80.20737
5da138314db8ce0c98bbf3a0_5340e354629f97c9348270c0_0000000046459,-2,99.51921,79.52109499999999
5da138314db8ce0c98bbf3a0_5340e354629f97c9348270c0_0000000064123,-2,96.34684,87.84181
5da138314db8ce0c98bbf3a0_5340e354629f97c9348270c0_0000000070574,-2,98.62875,91.09932
5da138314db8ce0c98bbf3a0_5340e354629f97c9348270c0_0000000083347,-2,97.056625,80.20737
5da138314db8ce0c98bbf3a0_6ae5d7dfba87555bb7bd70e6_0000000000008,1,29.749443,23.115412
5da138314db8ce0c98bbf3a0_6ae5d7dfba87555bb7bd70e6_0000000008924,1,29.286495,16.856993
5da138314db8ce0c98bbf3a0_6ae5d7dfba87555bb7bd70e6_0000000017240,1,22.714268,16.344124
5da138314db8ce0c98bbf3a0_6ae5d7dfba87555bb7bd70e6_0000000023459,1,23.802423,12.386101
5da138314db8ce0c98bbf3a0_6ae5d7dfba87555bb7bd70e6_0000000029826,1,20.84651,12.26103
5da138314db8ce0c98bbf3a0_6ae5d7dfba87555bb7bd70e6_0000000038136,1,21.24593,7.664175
5da138314db8ce0c98bbf3a0_6ae5d7dfba87555bb7bd70e6_0000000046031,1,16.413252,6.8567348
5da138314db8ce0c98bbf3a0_6ae5d7dfba87555bb7bd70e6_0000000051359,1,16.724566,4.5745587
5da138314db8ce0c98bbf3a0_6ae5d7dfba87555bb7bd70e6_0000000057930,1,16.413252,6.8567348
5da138314db8ce0c98bbf3a0_6ae5d7dfba87555bb7bd70e6_0000000065363,1,21.24593,7.664175
5da138314db8ce0c98bbf3a0_6ae5d7dfba87555bb7bd70e6_0000000071571,1,20.84651,12.26103
5da138314db8ce0c98bbf3a0_6ae5d7dfba87555bb7bd70e6_0000000077764,1,23.802423,12.386101
5da138314db8ce0c98bbf3a0_83ae65e7f2059dae6c015ab5_0000000000015,0,73.18200999999999,23.530722
5da138314db8ce0c98bbf3a0_83ae65e7f2059dae6c015ab5_0000000010919,0,71.87105,31.99769
5da138314db8ce0c98bbf3a0_83ae65e7f2059dae6c015ab5_0000000024322,0,71.21419,39.742302
5da138314db8ce0c98bbf3a0_83ae65e7f2059dae6c015ab5_0000000047165,0,70.80070500000001,42.911465
5da138314db8ce0c98bbf3a0_83ae65e7f2059dae6c015ab5_0000000136987,0,72.29235,48.214428000000005
5da138314db8ce0c98bbf3a0_83ae65e7f2059dae6c015ab5_0000000148197,0,72.29235,48.214428000000005
5da138314db8ce0c98bbf3a0_83ae65e7f2059dae6c015ab5_0000000167402,0,69.46329,55.545204000000005
5da138314db8ce0c98bbf3a0_97c46c1fc7ebc5930af75743_0000000000018,0,22.207357,45.764477
5da138314db8ce0c98bbf3a0_97c46c1fc7ebc5930af75743_0000000011357,0,21.25243,52.09366
5da138314db8ce0c98bbf3a0_97c46c1fc7ebc5930af75743_0000000024677,0,20.993404,57.638496
5da138314db8ce0c98bbf3a0_97c46c1fc7ebc5930af75743_0000000040293,0,23.063622,64.99929
5da138314db8ce0c98bbf3a0_97c46c1fc7ebc5930af75743_0000000062671,0,22.009666,73.56541999999999
5da138314db8ce0c98bbf3a0_97c46c1fc7ebc5930af75743_0000000073538,0,24.908419,73.55476999999999
5da138314db8ce0c98bbf3a0_97c46c1fc7ebc5930af75743_0000000084931,0,26.436558,69.26405
5da138314db8ce0c98bbf3a0_97c46c1fc7ebc5930af75743_0000000095085,0,26.155931,65.07401
5da138314db8ce0c98bbf3a0_97c46c1fc7ebc5930af75743_0000000114135,0,26.611769,58.320683
5da138314db8ce0c98bbf3a0_97c46c1fc7ebc5930af75743_0000000125218,0,20.993404,57.638496
5da138314db8ce0c98bbf3a0_b1181f6f7f7f4bb4ec48e5c4_0000000000013,2,29.721788,36.654327
5da138314db8ce0c98bbf3a0_b1181f6f7f7f4bb4ec48e5c4_0000000011578,2,38.13622,38.029564
5da138314db8ce0c98bbf3a0_b1181f6f7f7f4bb4ec48e5c4_0000000023587,2,46.732563,38.65509
5da138314db8ce0c98bbf3a0_b1181f6f7f7f4bb4ec48e5c4_0000000037957,2,45.92692,48.842
5da138314db8ce0c98bbf3a0_b1181f6f7f7f4bb4ec48e5c4_0000000052094,2,45.332886,59.672073
5da138314db8ce0c98bbf3a0_b1181f6f7f7f4bb4ec48e5c4_0000000065006,2,45.46706,57.60361
5da138314db8ce0c98bbf3a0_b1181f6f7f7f4bb4ec48e5c4_0000000073698,2,45.92692,48.842
5da138314db8ce0c98bbf3a0_b1181f6f7f7f4bb4ec48e5c4_0000000087712,2,45.910786,48.34864
5da138314db8ce0c98bbf3a0_b1181f6f7f7f4bb4ec48e5c4_0000000098817,2,46.732563,38.65509
5da138314db8ce0c98bbf3a0_b1181f6f7f7f4bb4ec48e5c4_0000000111618,2,41.266552,37.48367
5da138314db8ce0c98bbf3a0_b1181f6f7f7f4bb4ec48e5c4_0000000119858,2,38.13622,38.029564
5da138314db8ce0c98bbf3a0_b1181f6f7f7f4bb4ec48e5c4_0000000130873,2,34.13842,40.07686
5da138314db8ce0c98bbf3a0_b1181f6f7f7f4bb4ec48e5c4_0000000150110,2,46.732563,38.65509
5da138314db8ce0c98bbf3a0_f1d0b39dc36699ffe5d68e4d_0000000000017,0,43.240192,69.2321
5da138314db8ce0c98bbf3a0_f1d0b39dc36699ffe5d68e4d_0000000004991,0,43.194588,71.259445
5da138314db8ce0c98bbf3a0_f1d0b39dc36699ffe5d68e4d_0000000021608,0,34.589077,70.23122
5da138314db8ce0c98bbf3a0_f1d0b39dc36699ffe5d68e4d_0000000032372,0,26.436558,69.26405
5da138314db8ce0c98bbf3a0_f1d0b39dc36699ffe5d68e4d_0000000037929,0,26.910145,67.36715
5da138314db8ce0c98bbf3a0_f1d0b39dc36699ffe5d68e4d_0000000058585,0,34.589077,70.23122
5da138314db8ce0c98bbf3a0_f1d0b39dc36699ffe5d68e4d_0000000077385,0,44.27367,68.86925500000001
5da138314db8ce0c98bbf3a0_f1d0b39dc36699ffe5d68e4d_0000000083366,0,45.202713,69.202286
5da138314db8ce0c98bbf3a0_fc3a6efa90c6712df8739fc1_0000000000013,2,28.990126,21.908735
5da138314db8ce0c98bbf3a0_fc3a6efa90c6712df8739fc1_0000000007291,2,25.167171,20.35066
5da138314db8ce0c98bbf3a0_fc3a6efa90c6712df8739fc1_0000000020223,2,26.040642,13.185706
5da138314db8ce0c98bbf3a0_fc3a6efa90c6712df8739fc1_0000000030179,2,21.641045,11.481772
5da138314db8ce0c98bbf3a0_fc3a6efa90c6712df8739fc1_0000000038310,2,21.759497,6.997927000000001
5da138314db8ce0c98bbf3a0_fc3a6efa90c6712df8739fc1_0000000046586,2,16.824038,6.4819555
5da138314db8ce0c98bbf3a0_fc3a6efa90c6712df8739fc1_0000000052476,2,16.765272,4.3568645
5da138314db8ce0c98bbf3a0_fc3a6efa90c6712df8739fc1_0000000058741,2,16.824038,6.4819555
5da138314db8ce0c98bbf3a0_fc3a6efa90c6712df8739fc1_0000000066173,2,21.759497,6.997927000000001
5da138314db8ce0c98bbf3a0_fc3a6efa90c6712df8739fc1_0000000072805,2,21.641045,11.481772
5da138314db8ce0c98bbf3a0_fc3a6efa90c6712df8739fc1_0000000080675,2,26.040642,13.185706
5da138314db8ce0c98bbf3a0_fc3a6efa90c6712df8739fc1_0000000091321,2,25.167171,20.35066
5da138314db8ce0c98bbf3a0_fc3a6efa90c6712df8739fc1_0000000098255,2,28.651897,19.498516
5da138364db8ce0c98bc00f1_29781f56d67d950acd783d29_0000000000007,2,66.04587,78.892914
5da138364db8ce0c98bc00f1_29781f56d67d950acd783d29_0000000009775,2,60.732567,82.33135
5da138364db8ce0c98bc00f1_29781f56d67d950acd783d29_0000000016031,2,56.521397,86.06766
5da138364db8ce0c98bc00f1_29781f56d67d950acd783d29_0000000022635,2,54.104992,83.34098
5da138364db8ce0c98bc00f1_29781f56d67d950acd783d29_0000000028502,2,51.413223,80.180984
5da138364db8ce0c98bc00f1_29781f56d67d950acd783d29_0000000036021,2,55.99066,76.69187
5da138364db8ce0c98bc00f1_29781f56d67d950acd783d29_0000000044715,2,60.90557,72.4212
5da138364db8ce0c98bc00f1_29781f56d67d950acd783d29_0000000051481,2,63.522633,75.62654
5da138364db8ce0c98bc00f1_29781f56d67d950acd783d29_0000000057794,2,65.94341,78.5147
5da138364db8ce0c98bc00f1_29781f56d67d950acd783d29_0000000067424,2,62.336834,74.442924
5da138364db8ce0c98bc00f1_29781f56d67d950acd783d29_0000000077804,2,58.365864,79.39601
5da138364db8ce0c98bc00f1_29781f56d67d950acd783d29_0000000085887,2,54.104992,83.34098
5da138364db8ce0c98bc00f1_438a576003e0eef20daf9c35_0000000000015,2,34.331432,90.21722
5da138364db8ce0c98bc00f1_438a576003e0eef20daf9c35_0000000005768,2,34.331432,90.21722
5da138364db8ce0c98bc00f1_438a576003e0eef20daf9c35_0000000015599,2,42.808098,83.51841
5da138364db8ce0c98bc00f1_438a576003e0eef20daf9c35_0000000035165,2,49.23292,78.45228
5da138364db8ce0c98bc00f1_438a576003e0eef20daf9c35_0000000046245,2,54.838776,74.23272
5da138364db8ce0c98bc00f1_438a576003e0eef20daf9c35_0000000051384,2,54.838776,74.23272
5da138364db8ce0c98bc00f1_438a576003e0eef20daf9c35_0000000062692,2,50.88456,79.97417
5da138364db8ce0c98bc00f1_438a576003e0eef20daf9c35_0000000074013,2,44.183975,85.48689
5da138364db8ce0c98bc00f1_438a576003e0eef20daf9c35_0000000081684,2,34.331432,90.21722
5da138364db8ce0c98bc00f1_438a576003e0eef20daf9c35_0000000093324,2,42.808098,83.51841
5da138364db8ce0c98bc00f1_5b67ae395926dc10ea314317_0000000000015,1,39.39016,90.21199
5da138364db8ce0c98bc00f1_5b67ae395926dc10ea314317_0000000007901,1,49.39907,79.360825
5da138364db8ce0c98bc00f1_5b67ae395926dc10ea314317_0000000016021,1,49.39907,79.360825
5da138364db8ce0c98bc00f1_5b67ae395926dc10ea314317_0000000020067,1,51.562325,81.02679
5da138364db8ce0c98bc00f1_5b67ae395926dc10ea314317_0000000028916,1,49.39907,79.360825
5da138364db8ce0c98bc00f1_5b67ae395926dc10ea314317_0000000039537,1,39.39016,90.21199
5da138364db8ce0c98bc00f1_5b67ae395926dc10ea314317_0000000055456,1,49.39907,79.360825
5da138364db8ce0c98bc00f1_5b67ae395926dc10ea314317_0000000066851,1,55.728764,74.19554000000001
5da138364db8ce0c98bc00f1_5b67ae395926dc10ea314317_0000000074353,1,61.092308,73.02098000000001
5da138364db8ce0c98bc00f1_5b67ae395926dc10ea314317_0000000084179,1,63.441216,76.48266
5da138364db8ce0c98bc00f1_5b67ae395926dc10ea314317_0000000097988,1,57.602745,75.960205
5da138364db8ce0c98bc00f1_5b67ae395926dc10ea314317_0000000105488,1,60.142056,78.986725
5da138364db8ce0c98bc00f1_5b67ae395926dc10ea314317_0000000114532,1,51.562325,81.02679
5da138364db8ce0c98bc00f1_5b67ae395926dc10ea314317_0000000127537,1,61.505047,82.25500500000001
5da138364db8ce0c98bc00f1_5b67ae395926dc10ea314317_0000000139172,1,57.602745,75.960205
5da138364db8ce0c98bc00f1_5b67ae395926dc10ea314317_0000000147560,1,62.443047,82.08795
5da138364db8ce0c98bc00f1_5b67ae395926dc10ea314317_0000000155782,1,62.52770600000001,75.26714
5da138364db8ce0c98bc00f1_75703a1e62aa93e8c56de7aa_0000000000009,0,32.260090000000005,106.22901
5da138364db8ce0c98bc00f1_75703a1e62aa93e8c56de7aa_0000000007097,0,33.96867,101.991264
5da138364db8ce0c98bc00f1_75703a1e62aa93e8c56de7aa_0000000014632,0,38.495846,97.792465
5da138364db8ce0c98bc00f1_75703a1e62aa93e8c56de7aa_0000000020467,0,35.081028,92.195404
5da138364db8ce0c98bc00f1_75703a1e62aa93e8c56de7aa_0000000033615,0,38.495846,97.792465
5da138364db8ce0c98bc00f1_75703a1e62aa93e8c56de7aa_0000000041060,0,34.61569,95.73753
5da138364db8ce0c98bc00f1_75703a1e62aa93e8c56de7aa_0000000050106,0,35.081028,92.195404
5da138364db8ce0c98bc00f1_75703a1e62aa93e8c56de7aa_0000000064987,0,42.989765000000006,87.15678
5da138364db8ce0c98bc00f1_75703a1e62aa93e8c56de7aa_0000000077488,0,50.221043,78.61624
5da138364db8ce0c98bc00f1_75703a1e62aa93e8c56de7aa_0000000083313,0,50.221043,78.61624
5da138364db8ce0c98bc00f1_75703a1e62aa93e8c56de7aa_0000000098181,0,42.989765000000006,87.15678
5da138364db8ce0c98bc00f1_75703a1e62aa93e8c56de7aa_0000000109339,0,35.081028,92.195404
5da138364db8ce0c98bc00f1_7d3f0c002431353bc0a54eeb_0000000000016,0,80.14494,91.22661
5da138364db8ce0c98bc00f1_7d3f0c002431353bc0a54eeb_0000000009921,0,73.77154,86.19631
5da138364db8ce0c98bc00f1_7d3f0c002431353bc0a54eeb_0000000018123,0,70.588326,78.83166999999999
5da138364db8ce0c98bc00f1_7d3f0c002431353bc0a54eeb_0000000030137,0,75.21931500000001,71.13064
5da138364db8ce0c98bc00f1_7d3f0c002431353bc0a54eeb_0000000043183,0,75.21931500000001,71.13064
5da138364db8ce0c98bc00f1_7d3f0c002431353bc0a54eeb_0000000059398,0,65.36035,79.73815
5da138364db8ce0c98bc00f1_7d3f0c002431353bc0a54eeb_0000000069734,0,69.5541,80.82162
5da138364db8ce0c98bc00f1_7d3f0c002431353bc0a54eeb_0000000078476,0,73.77154,86.19631
5da138364db8ce0c98bc00f1_7d3f0c002431353bc0a54eeb_0000000087161,0,80.14494,91.22661
5da138364db8ce0c98bc00f1_7d3f0c002431353bc0a54eeb_0000000092154,0,80.14494,91.22661
5da138364db8ce0c98bc00f1_81532abcb8b4e11eec4a8202_0000000000006,0,54.41750699999999,82.91869
5da138364db8ce0c98bc00f1_81532abcb8b4e11eec4a8202_0000000008700,0,60.711180000000006,78.63395
5da138364db8ce0c98bc00f1_81532abcb8b4e11eec4a8202_0000000015731,0,62.392815,75.90398
5da138364db8ce0c98bc00f1_81532abcb8b4e11eec4a8202_0000000029422,0,72.78334,68.17349
5da138364db8ce0c98bc00f1_81532abcb8b4e11eec4a8202_0000000040797,0,72.78334,68.17349
5da138364db8ce0c98bc00f1_81532abcb8b4e11eec4a8202_0000000048095,0,73.61977399999999,63.527042
5da138364db8ce0c98bc00f1_81532abcb8b4e11eec4a8202_0000000058766,0,80.52586,57.6435
5da138364db8ce0c98bc00f1_81532abcb8b4e11eec4a8202_0000000064163,0,80.65383,52.870567
5da138364db8ce0c98bc00f1_81532abcb8b4e11eec4a8202_0000000071759,0,77.62049,53.286495
5da138364db8ce0c98bc00f1_81532abcb8b4e11eec4a8202_0000000078012,0,84.50909399999999,50.747482
5da138364db8ce0c98bc00f1_81532abcb8b4e11eec4a8202_0000000082647,0,84.50909399999999,50.747482
5da138364db8ce0c98bc00f1_81532abcb8b4e11eec4a8202_0000000088911,0,84.50909399999999,50.747482
5da138364db8ce0c98bc00f1_81532abcb8b4e11eec4a8202_0000000106954,0,80.52586,57.6435
5da138364db8ce0c98bc00f1_81532abcb8b4e11eec4a8202_0000000117341,0,77.62049,53.286495
5da138364db8ce0c98bc00f1_81532abcb8b4e11eec4a8202_0000000125612,0,80.65383,52.870567
5da138364db8ce0c98bc00f1_81532abcb8b4e11eec4a8202_0000000137996,0,84.50909399999999,50.747482
5da138364db8ce0c98bc00f1_81532abcb8b4e11eec4a8202_0000000153282,0,77.62049,53.286495
5da138364db8ce0c98bc00f1_81532abcb8b4e11eec4a8202_0000000165384,0,84.50909399999999,50.747482
5da138364db8ce0c98bc00f1_81532abcb8b4e11eec4a8202_0000000186388,0,80.52586,57.6435
5da138364db8ce0c98bc00f1_81532abcb8b4e11eec4a8202_0000000195770,0,80.52586,57.6435
5da138364db8ce0c98bc00f1_81532abcb8b4e11eec4a8202_0000000203685,0,77.62049,53.286495
5da138364db8ce0c98bc00f1_81532abcb8b4e11eec4a8202_0000000213117,0,72.433,42.416954
5da138364db8ce0c98bc00f1_81532abcb8b4e11eec4a8202_0000000224349,0,68.58718,42.4173
5da138364db8ce0c98bc00f1_90e36817a15d1303999b17c9_0000000000008,0,56.985380000000006,110.69658
5da138364db8ce0c98bc00f1_90e36817a15d1303999b17c9_0000000006391,0,59.063313,113.81889
5da138364db8ce0c98bc00f1_90e36817a15d1303999b17c9_0000000012573,0,60.629795,112.072655
5da138364db8ce0c98bc00f1_90e36817a15d1303999b17c9_0000000029170,0,68.008415,105.576904
5da138364db8ce0c98bc00f1_90e36817a15d1303999b17c9_0000000047257,0,60.629795,112.072655
5da138364db8ce0c98bc00f1_90e36817a15d1303999b17c9_0000000061391,0,60.629795,112.072655
5da138364db8ce0c98bc00f1_90e36817a15d1303999b17c9_0000000068610,0,58.712364,109.9279
5da138364db8ce0c98bc00f1_90e36817a15d1303999b17c9_0000000083684,0,66.31367,103.96283
5da138364db8ce0c98bc00f1_90e36817a15d1303999b17c9_0000000099014,0,60.629795,112.072655
5da138364db8ce0c98bc00f1_90e36817a15d1303999b17c9_0000000112680,0,68.008415,105.576904
5da138364db8ce0c98bc00f1_90e36817a15d1303999b17c9_0000000125221,0,65.89747,99.72383
5da138364db8ce0c98bc00f1_a11615477afe31e7a204287f_0000000000008,0,77.62049,53.286495
5da138364db8ce0c98bc00f1_a11615477afe31e7a204287f_0000000008501,0,73.61977399999999,63.527042
5da138364db8ce0c98bc00f1_a11615477afe31e7a204287f_0000000019980,0,67.49462,68.69226
5da138364db8ce0c98bc00f1_a11615477afe31e7a204287f_0000000034718,0,55.81759,77.637436
5da138364db8ce0c98bc00f1_a11615477afe31e7a204287f_0000000047997,0,62.392815,75.90398
5da138364db8ce0c98bc00f1_a11615477afe31e7a204287f_0000000059943,0,65.36035,79.73815
5da138364db8ce0c98bc00f1_a11615477afe31e7a204287f_0000000066255,0,64.63994,82.817474
5da138364db8ce0c98bc00f1_a11615477afe31e7a204287f_0000000074217,0,60.711180000000006,78.63395
5da138364db8ce0c98bc00f1_a11615477afe31e7a204287f_0000000085978,0,65.36035,79.73815
5da138364db8ce0c98bc00f1_a11615477afe31e7a204287f_0000000092954,0,69.5541,80.82162
5da138364db8ce0c98bc00f1_a11615477afe31e7a204287f_0000000100932,0,64.63994,82.817474
5da138364db8ce0c98bc00f1_a11615477afe31e7a204287f_0000000113586,0,70.588326,78.83166999999999
5da138364db8ce0c98bc00f1_a11615477afe31e7a204287f_0000000129169,0,73.77154,86.19631
5da138364db8ce0c98bc00f1_a11615477afe31e7a204287f_0000000137760,0,80.14494,91.22661
5da138364db8ce0c98bc00f1_a11615477afe31e7a204287f_0000000146252,0,78.707954,92.9294
5da138364db8ce0c98bc00f1_a11615477afe31e7a204287f_0000000151950,0,81.69637,92.68565
5da138364db8ce0c98bc00f1_a11615477afe31e7a204287f_0000000164750,0,82.41843399999999,98.041084
5da138364db8ce0c98bc00f1_a11615477afe31e7a204287f_0000000171038,0,85.87089499999999,98.760605
5da138364db8ce0c98bc00f1_a11615477afe31e7a204287f_0000000178198,0,83.15718000000001,101.29038
5da138364db8ce0c98bc00f1_a11615477afe31e7a204287f_0000000186719,0,82.41843399999999,98.041084
5da138364db8ce0c98bc00f1_cbe53b25f9fd9c9acea1e6d1_0000000000006,0,96.322784,76.01645
5da138364db8ce0c98bc00f1_cbe53b25f9fd9c9acea1e6d1_0000000004658,0,96.322784,76.01645
5da138364db8ce0c98bc00f1_cbe53b25f9fd9c9acea1e6d1_0000000016317,0,93.648125,80.83488
5da138364db8ce0c98bc00f1_cbe53b25f9fd9c9acea1e6d1_0000000029609,0,101.252785,81.91179
5da138364db8ce0c98bc00f1_cbe53b25f9fd9c9acea1e6d1_0000000043384,0,99.736984,87.62883000000001
5da138364db8ce0c98bc00f1_cbe53b25f9fd9c9acea1e6d1_0000000052181,0,101.38375,82.22025
5da138364db8ce0c98bc00f1_cbe53b25f9fd9c9acea1e6d1_0000000063632,0,94.88812,82.22006
5da138364db8ce0c98bc00f1_cbe53b25f9fd9c9acea1e6d1_0000000074658,0,100.68191,78.51056
5da138364db8ce0c98bc00f1_cbe53b25f9fd9c9acea1e6d1_0000000083170,0,96.322784,76.01645
5da138364db8ce0c98bc00f1_cbe53b25f9fd9c9acea1e6d1_0000000091493,0,93.9787,80.8834
5da138364db8ce0c98bc00f1_cbe53b25f9fd9c9acea1e6d1_0000000103010,0,99.45194,76.257576
5da138364db8ce0c98bc00f1_cbe53b25f9fd9c9acea1e6d1_0000000112094,0,97.35569,73.15812
5da138364db8ce0c98bc00f1_cbe53b25f9fd9c9acea1e6d1_0000000121412,0,91.72558,71.229576
5da138364db8ce0c98bc00f1_cbe53b25f9fd9c9acea1e6d1_0000000127216,0,94.020584,69.13185
5da138364db8ce0c98bc00f1_cbe53b25f9fd9c9acea1e6d1_0000000136903,0,96.322784,76.01645
5da138364db8ce0c98bc00f1_d3402272ac97751e0e87cdf3_0000000000010,1,65.897675,79.2974
5da138364db8ce0c98bc00f1_d3402272ac97751e0e87cdf3_0000000006203,1,61.505047,82.25500500000001
5da138364db8ce0c98bc00f1_d3402272ac97751e0e87cdf3_0000000015154,1,56.54265600000001,86.80483000000001
5da138364db8ce0c98bc00f1_d3402272ac97751e0e87cdf3_0000000021393,1,54.36618000000001,84.03976999999999
5da138364db8ce0c98bc00f1_d3402272ac97751e0e87cdf3_0000000027781,1,51.562325,81.02679
5da138364db8ce0c98bc00f1_d3402272ac97751e0e87cdf3_0000000037047,1,55.728764,74.19554000000001
5da138364db8ce0c98bc00f1_d3402272ac97751e0e87cdf3_0000000043085,1,61.092308,73.02098000000001
5da138364db8ce0c98bc00f1_d3402272ac97751e0e87cdf3_0000000049868,1,62.52770600000001,75.26714
5da138364db8ce0c98bc00f1_d3402272ac97751e0e87cdf3_0000000055177,1,65.897675,79.2974
5da1383b4db8ce0c98bc11ab_04029880763600640a0cf42c_0000000000015,2,110.14534,167.18483
5da1383b4db8ce0c98bc11ab_04029880763600640a0cf42c_0000000006609,2,105.56576,163.33856
5da1383b4db8ce0c98bc11ab_04029880763600640a0cf42c_0000000013352,2,99.94938,157.52962
5da1383b4db8ce0c98bc11ab_04029880763600640a0cf42c_0000000019509,2,95.10434,152.65243999999998
5da1383b4db8ce0c98bc11ab_04029880763600640a0cf42c_0000000026366,2,89.9619,147.20677
5da1383b4db8ce0c98bc11ab_04029880763600640a0cf42c_0000000034870,2,94.20486,142.6206
5da1383b4db8ce0c98bc11ab_04029880763600640a0cf42c_0000000040160,2,94.1683,144.13506999999998
5da1383b4db8ce0c98bc11ab_04029880763600640a0cf42c_0000000046703,2,89.9619,147.20677
5da1383b4db8ce0c98bc11ab_04029880763600640a0cf42c_0000000053845,2,83.6376,154.47339
5da1383b4db8ce0c98bc11ab_04029880763600640a0cf42c_0000000060774,2,77.54486,158.62691999999998
5da1383b4db8ce0c98bc11ab_04029880763600640a0cf42c_0000000069323,2,83.6376,154.47339
5da1383b4db8ce0c98bc11ab_04029880763600640a0cf42c_0000000077038,2,89.9619,147.20677
5da1383b4db8ce0c98bc11ab_04029880763600640a0cf42c_0000000085463,2,95.49227,153.42413
5da1383b4db8ce0c98bc11ab_04029880763600640a0cf42c_0000000090951,2,99.94938,157.52962
5da1383b4db8ce0c98bc11ab_04029880763600640a0cf42c_0000000097643,2,105.56576,163.33856
5da1383b4db8ce0c98bc11ab_04029880763600640a0cf42c_0000000103632,2,110.14534,167.18483
5da1383b4db8ce0c98bc11ab_14669681607aa88e65b0d927_0000000000007,2,36.429424,118.07882
5da1383b4db8ce0c98bc11ab_14669681607aa88e65b0d927_0000000005354,2,32.41153,119.0222
5da1383b4db8ce0c98bc11ab_14669681607aa88e65b0d927_0000000019324,2,31.818558000000003,132.18964
5da1383b4db8ce0c98bc11ab_14669681607aa88e65b0d927_0000000029248,2,32.178894,145.27092
5da1383b4db8ce0c98bc11ab_14669681607aa88e65b0d927_0000000039986,2,31.547935,157.47236999999998
5da1383b4db8ce0c98bc11ab_14669681607aa88e65b0d927_0000000045926,2,31.547935,157.47236999999998
5da1383b4db8ce0c98bc11ab_14669681607aa88e65b0d927_0000000056410,2,32.178894,145.27092
5da1383b4db8ce0c98bc11ab_14669681607aa88e65b0d927_0000000066431,2,31.818558000000003,132.18964
5da1383b4db8ce0c98bc11ab_14669681607aa88e65b0d927_0000000076192,2,32.41153,119.0222
5da1383b4db8ce0c98bc11ab_14669681607aa88e65b0d927_0000000082968,2,37.130943,118.763054
5da1383b4db8ce0c98bc11ab_242c6ee1e520eff5ef06a45d_0000000000012,1,183.7393,225.96425
5da1383b4db8ce0c98bc11ab_242c6ee1e520eff5ef06a45d_0000000004967,1,182.0,232.5
5da1383b4db8ce0c98bc11ab_242c6ee1e520eff5ef06a45d_0000000013066,1,175.66666666666669,232.5
5da1383b4db8ce0c98bc11ab_242c6ee1e520eff5ef06a45d_0000000019256,1,169.33333333333334,232.50000000000003
5da1383b4db8ce0c98bc11ab_242c6ee1e520eff5ef06a45d_0000000026047,1,163.0,232.5
5da1383b4db8ce0c98bc11ab_242c6ee1e520eff5ef06a45d_0000000031927,1,159.67372,231.52429
5da1383b4db8ce0c98bc11ab_242c6ee1e520eff5ef06a45d_0000000043323,1,163.0,232.5
5da1383b4db8ce0c98bc11ab_242c6ee1e520eff5ef06a45d_0000000049587,1,169.33333333333334,232.50000000000003
5da1383b4db8ce0c98bc11ab_242c6ee1e520eff5ef06a45d_0000000055259,1,175.66666666666669,232.5
5da1383b4db8ce0c98bc11ab_242c6ee1e520eff5ef06a45d_0000000062338,1,183.7393,225.96425
5da1383b4db8ce0c98bc11ab_242c6ee1e520eff5ef06a45d_0000000068384,1,175.9228,221.2512
5da1383b4db8ce0c98bc11ab_242c6ee1e520eff5ef06a45d_0000000077064,1,169.33333333333334,232.50000000000003
5da1383b4db8ce0c98bc11ab_242c6ee1e520eff5ef06a45d_0000000083263,1,163.0,232.5
5da1383b4db8ce0c98bc11ab_242c6ee1e520eff5ef06a45d_0000000089900,1,159.67372,231.52429
5da1383b4db8ce0c98bc11ab_242c6ee1e520eff5ef06a45d_0000000096401,1,155.68373,230.72592000000003
5da1383b4db8ce0c98bc11ab_2658f7f85981f264dd9657f0_0000000000022,1,30.759096000000003,127.44041
5da1383b4db8ce0c98bc11ab_2658f7f85981f264dd9657f0_0000000010148,1,31.343565,137.46751
5da1383b4db8ce0c98bc11ab_2658f7f85981f264dd9657f0_0000000016144,1,31.045103000000005,148.28197
5da1383b4db8ce0c98bc11ab_2658f7f85981f264dd9657f0_0000000021871,1,31.045103000000005,148.28197
5da1383b4db8ce0c98bc11ab_2658f7f85981f264dd9657f0_0000000028346,1,31.149546,158.5613
5da1383b4db8ce0c98bc11ab_2658f7f85981f264dd9657f0_0000000034082,1,30.903683,166.1772
5da1383b4db8ce0c98bc11ab_2658f7f85981f264dd9657f0_0000000042880,1,31.640718,173.87114
5da1383b4db8ce0c98bc11ab_2658f7f85981f264dd9657f0_0000000052386,1,31.640718,173.87114
5da1383b4db8ce0c98bc11ab_2658f7f85981f264dd9657f0_0000000057969,1,30.903683,166.1772
5da1383b4db8ce0c98bc11ab_2658f7f85981f264dd9657f0_0000000063383,1,31.149546,158.5613
5da1383b4db8ce0c98bc11ab_2658f7f85981f264dd9657f0_0000000071030,1,31.045103000000005,148.28197
5da1383b4db8ce0c98bc11ab_2658f7f85981f264dd9657f0_0000000079857,1,31.343565,137.46751
5da1383b4db8ce0c98bc11ab_2658f7f85981f264dd9657f0_0000000089193,1,30.759096000000003,127.44041
5da1383b4db8ce0c98bc11ab_2670249c99fdb6bba41a8511_0000000000009,2,48.40035,95.66368
5da1383b4db8ce0c98bc11ab_2670249c99fdb6bba41a8511_0000000007755,2,39.495384,93.858955
5da1383b4db8ce0c98bc11ab_2670249c99fdb6bba41a8511_0000000015920,2,31.140917,93.66304
5da1383b4db8ce0c98bc11ab_2670249c99fdb6bba41a8511_0000000024323,2,18.761417,101.68648
5da1383b4db8ce0c98bc11ab_2670249c99fdb6bba41a8511_0000000031478,2,14.902417000000002,100.04775
5da1383b4db8ce0c98bc11ab_2670249c99fdb6bba41a8511_0000000045220,2,18.761417,101.68648
5da1383b4db8ce0c98bc11ab_2670249c99fdb6bba41a8511_0000000050195,2,24.119614,108.63174
5da1383b4db8ce0c98bc11ab_2670249c99fdb6bba41a8511_0000000062025,2,37.00221,109.54409
5da1383b4db8ce0c98bc11ab_2670249c99fdb6bba41a8511_0000000070675,2,48.40035,95.66368
5da1383b4db8ce0c98bc11ab_2670249c99fdb6bba41a8511_0000000079494,2,51.078117,94.63812
5da1383b4db8ce0c98bc11ab_2670249c99fdb6bba41a8511_0000000094223,2,48.40035,95.66368
5da1383b4db8ce0c98bc11ab_2670249c99fdb6bba41a8511_0000000100063,2,50.689545,107.248215
5da1383b4db8ce0c98bc11ab_2670249c99fdb6bba41a8511_0000000110106,2,50.689545,107.248215
5da1383b4db8ce0c98bc11ab_35b82be00f77fc7f1d241575_0000000000006,2,108.04491000000002,213.45279
5da1383b4db8ce0c98bc11ab_35b82be00f77fc7f1d241575_0000000004683,2,107.07986499999998,216.17848
5da1383b4db8ce0c98bc11ab_35b82be00f77fc7f1d241575_0000000017228,2,114.189445,221.47545
5da1383b4db8ce0c98bc11ab_35b82be00f77fc7f1d241575_0000000022081,2,115.17342,223.62247
5da1383b4db8ce0c98bc11ab_35b82be00f77fc7f1d241575_0000000035738,2,122.37333999999998,222.76498
5da1383b4db8ce0c98bc11ab_35b82be00f77fc7f1d241575_0000000043542,2,125.022026,217.61484
5da1383b4db8ce0c98bc11ab_35b82be00f77fc7f1d241575_0000000047452,2,125.022026,217.61484
5da1383b4db8ce0c98bc11ab_35b82be00f77fc7f1d241575_0000000053078,2,124.87652,213.50722
5da1383b4db8ce0c98bc11ab_35b82be00f77fc7f1d241575_0000000055627,2,123.73586,211.2675
5da1383b4db8ce0c98bc11ab_35b82be00f77fc7f1d241575_0000000063142,2,119.931816,206.1286
5da1383b4db8ce0c98bc11ab_35b82be00f77fc7f1d241575_0000000070676,2,117.31069,210.21738
5da1383b4db8ce0c98bc11ab_35b82be00f77fc7f1d241575_0000000078787,2,121.98358,213.64752
5da1383b4db8ce0c98bc11ab_35b82be00f77fc7f1d241575_0000000087861,2,118.78025,221.4386
5da1383b4db8ce0c98bc11ab_3a893f2b18e85ef08567debf_0000000000006,1,114.86973,260.06735
5da1383b4db8ce0c98bc11ab_3a893f2b18e85ef08567debf_0000000008373,1,106.782074,251.89697
5da1383b4db8ce0c98bc11ab_3a893f2b18e85ef08567debf_0000000014164,1,101.0149,245.69539
5da1383b4db8ce0c98bc11ab_3a893f2b18e85ef08567debf_0000000019552,1,103.01195,246.02016
5da1383b4db8ce0c98bc11ab_3a893f2b18e85ef08567debf_0000000028321,1,98.681725,235.71014
5da1383b4db8ce0c98bc11ab_3a893f2b18e85ef08567debf_0000000036692,1,92.90863,230.06293
5da1383b4db8ce0c98bc11ab_3a893f2b18e85ef08567debf_0000000044141,1,85.25412,222.45416
5da1383b4db8ce0c98bc11ab_3a893f2b18e85ef08567debf_0000000051092,1,79.0,216.0
5da1383b4db8ce0c98bc11ab_3a893f2b18e85ef08567debf_0000000060514,1,76.0,220.0
5da1383b4db8ce0c98bc11ab_3a893f2b18e85ef08567debf_0000000069128,1,72.0,215.0
5da1383b4db8ce0c98bc11ab_3a893f2b18e85ef08567debf_0000000074927,1,65.98944,206.82921
5da1383b4db8ce0c98bc11ab_3a893f2b18e85ef08567debf_0000000080628,1,70.06442,201.906
5da1383b4db8ce0c98bc11ab_3a893f2b18e85ef08567debf_0000000089636,1,60.842857,197.75499
5da1383b4db8ce0c98bc11ab_3a893f2b18e85ef08567debf_0000000094784,1,60.842857,197.75499
5da1383b4db8ce0c98bc11ab_3a893f2b18e85ef08567debf_0000000104047,1,51.608383,193.6436
5da1383b4db8ce0c98bc11ab_3a893f2b18e85ef08567debf_0000000109789,1,46.711290000000005,188.22673
5da1383b4db8ce0c98bc11ab_3a893f2b18e85ef08567debf_0000000116957,1,49.73933,185.01451
5da1383b4db8ce0c98bc11ab_3edd7d06006a5bfc1619fc0e_0000000000010,2,110.404144,185.1516
5da1383b4db8ce0c98bc11ab_3edd7d06006a5bfc1619fc0e_0000000004586,2,112.10887,181.92343
5da1383b4db8ce0c98bc11ab_3edd7d06006a5bfc1619fc0e_0000000012239,2,115.83284,183.66008
5da1383b4db8ce0c98bc11ab_3edd7d06006a5bfc1619fc0e_0000000018286,2,119.1808,179.16544
5da1383b4db8ce0c98bc11ab_3edd7d06006a5bfc1619fc0e_0000000020582,2,119.1808,179.16544
5da1383b4db8ce0c98bc11ab_3edd7d06006a5bfc1619fc0e_0000000028237,2,125.86573,172.69785
5da1383b4db8ce0c98bc11ab_3edd7d06006a5bfc1619fc0e_0000000045023,2,125.86573,172.69785
5da1383b4db8ce0c98bc11ab_3edd7d06006a5bfc1619fc0e_0000000048084,2,125.86573,172.69785
5da1383b4db8ce0c98bc11ab_3edd7d06006a5bfc1619fc0e_0000000058465,2,134.50014,169.2867
5da1383b4db8ce0c98bc11ab_3edd7d06006a5bfc1619fc0e_0000000062915,2,131.99454,166.817
5da1383b4db8ce0c98bc11ab_3edd7d06006a5bfc1619fc0e_0000000071904,2,125.86573,172.69785
5da1383b4db8ce0c98bc11ab_3edd7d06006a5bfc1619fc0e_0000000079993,2,122.18623999999998,179.34355
5da1383b4db8ce0c98bc11ab_3edd7d06006a5bfc1619fc0e_0000000086052,2,115.83284,183.66008
5da1383b4db8ce0c98bc11ab_3edd7d06006a5bfc1619fc0e_0000000090985,2,110.404144,185.1516
5da1383b4db8ce0c98bc11ab_3edd7d06006a5bfc1619fc0e_0000000097230,2,112.10887,181.92343
5da1383b4db8ce0c98bc11ab_3edd7d06006a5bfc1619fc0e_0000000103630,2,119.1808,179.16544
5da1383b4db8ce0c98bc11ab_3edd7d06006a5bfc1619fc0e_0000000111030,2,125.86573,172.69785
5da1383b4db8ce0c98bc11ab_3edd7d06006a5bfc1619fc0e_0000000114382,2,125.86573,172.69785
5da1383b4db8ce0c98bc11ab_3edd7d06006a5bfc1619fc0e_0000000119864,2,128.92917,174.96964
5da1383b4db8ce0c98bc11ab_504b8655852f837f2aca36a7_0000000000009,1,103.21753,189.92921
5da1383b4db8ce0c98bc11ab_504b8655852f837f2aca36a7_0000000007616,1,106.15941,183.09314
5da1383b4db8ce0c98bc11ab_504b8655852f837f2aca36a7_0000000011806,1,105.51113,180.30511
5da1383b4db8ce0c98bc11ab_504b8655852f837f2aca36a7_0000000016579,1,107.36873,177.75034
5da1383b4db8ce0c98bc11ab_504b8655852f837f2aca36a7_0000000026927,1,109.22726000000002,169.14597
5da1383b4db8ce0c98bc11ab_504b8655852f837f2aca36a7_0000000040323,1,107.36873,177.75034
5da1383b4db8ce0c98bc11ab_504b8655852f837f2aca36a7_0000000049670,1,115.582054,182.78125
5da1383b4db8ce0c98bc11ab_504b8655852f837f2aca36a7_0000000058186,1,115.582054,182.78125
5da1383b4db8ce0c98bc11ab_504b8655852f837f2aca36a7_0000000061287,1,119.43345,178.44048999999998
5da1383b4db8ce0c98bc11ab_504b8655852f837f2aca36a7_0000000065991,1,119.43345,178.44048999999998
5da1383b4db8ce0c98bc11ab_504b8655852f837f2aca36a7_0000000068131,1,121.509926,178.62143
5da1383b4db8ce0c98bc11ab_504b8655852f837f2aca36a7_0000000074506,1,125.9694,172.58595
5da1383b4db8ce0c98bc11ab_504b8655852f837f2aca36a7_0000000087287,1,127.727425,171.06837
5da1383b4db8ce0c98bc11ab_504b8655852f837f2aca36a7_0000000094273,1,131.93185,174.16801
5da1383b4db8ce0c98bc11ab_504b8655852f837f2aca36a7_0000000098060,1,131.27008,177.18155
5da1383b4db8ce0c98bc11ab_504b8655852f837f2aca36a7_0000000105924,1,134.63326,173.07375
5da1383b4db8ce0c98bc11ab_504b8655852f837f2aca36a7_0000000115177,1,131.0862,170.43473999999998
5da1383b4db8ce0c98bc11ab_504b8655852f837f2aca36a7_0000000121279,1,134.69086,168.87433
5da1383b4db8ce0c98bc11ab_504b8655852f837f2aca36a7_0000000127373,1,139.69781,164.14137
5da1383b4db8ce0c98bc11ab_504b8655852f837f2aca36a7_0000000130461,1,139.69781,164.14137
5da1383b4db8ce0c98bc11ab_5b9d1b98227340deb1d6f185_0000000000008,2,223.63293,206.85419
5da1383b4db8ce0c98bc11ab_5b9d1b98227340deb1d6f185_0000000009043,2,215.69403,212.78288
5da1383b4db8ce0c98bc11ab_5b9d1b98227340deb1d6f185_0000000021647,2,207.97774,214.14583
5da1383b4db8ce0c98bc11ab_5b9d1b98227340deb1d6f185_0000000027392,2,200.31612,221.86919
5da1383b4db8ce0c98bc11ab_5b9d1b98227340deb1d6f185_0000000032454,2,200.31612,221.86919
5da1383b4db8ce0c98bc11ab_5b9d1b98227340deb1d6f185_0000000039175,2,195.42287,223.99492
5da1383b4db8ce0c98bc11ab_5b9d1b98227340deb1d6f185_0000000045651,2,195.41428,227.55606
5da1383b4db8ce0c98bc11ab_5b9d1b98227340deb1d6f185_0000000055552,2,200.31612,221.86919
5da1383b4db8ce0c98bc11ab_5b9d1b98227340deb1d6f185_0000000061854,2,200.31612,221.86919
5da1383b4db8ce0c98bc11ab_5b9d1b98227340deb1d6f185_0000000068829,2,207.97774,214.14583
5da1383b4db8ce0c98bc11ab_5b9d1b98227340deb1d6f185_0000000079774,2,215.69403,212.78288
5da1383b4db8ce0c98bc11ab_5b9d1b98227340deb1d6f185_0000000088242,2,209.65425,206.40808
5da1383b4db8ce0c98bc11ab_5b9d1b98227340deb1d6f185_0000000101118,2,205.02025,212.067
5da1383b4db8ce0c98bc11ab_5b9d1b98227340deb1d6f185_0000000116805,2,195.42287,223.99492
5da1383b4db8ce0c98bc11ab_5b9d1b98227340deb1d6f185_0000000130815,2,189.92957,225.33241
5da1383b4db8ce0c98bc11ab_5e5ee82cd8753120756c78e4_0000000000009,0,217.85971,232.88597
5da1383b4db8ce0c98bc11ab_5e5ee82cd8753120756c78e4_0000000004046,0,217.85971,232.88597
5da1383b4db8ce0c98bc11ab_5e5ee82cd8753120756c78e4_0000000014483,0,211.9411,232.35175
5da1383b4db8ce0c98bc11ab_5e5ee82cd8753120756c78e4_0000000021510,0,211.9411,232.35175
5da1383b4db8ce0c98bc11ab_5e5ee82cd8753120756c78e4_0000000026895,0,210.50127,226.74663
5da1383b4db8ce0c98bc11ab_5e5ee82cd8753120756c78e4_0000000041021,0,222.71964,226.8662
5da1383b4db8ce0c98bc11ab_5e5ee82cd8753120756c78e4_0000000052486,0,222.7907,235.84312000000003
5da1383b4db8ce0c98bc11ab_5e5ee82cd8753120756c78e4_0000000069962,0,217.85971,232.88597
5da1383b4db8ce0c98bc11ab_5e5ee82cd8753120756c78e4_0000000077089,0,211.9411,232.35175
5da1383b4db8ce0c98bc11ab_5e5ee82cd8753120756c78e4_0000000096881,0,217.85971,232.88597
5da1383b4db8ce0c98bc11ab_5e5ee82cd8753120756c78e4_0000000127583,0,211.9411,232.35175
5da1383b4db8ce0c98bc11ab_5e5ee82cd8753120756c78e4_0000000142427,0,217.85971,232.88597
5da1383b4db8ce0c98bc11ab_5e5ee82cd8753120756c78e4_0000000155925,0,222.71964,226.8662
5da1383b4db8ce0c98bc11ab_6c9481054d611cffe044b807_0000000000009,0,181.74426,224.62119
5da1383b4db8ce0c98bc11ab_6c9481054d611cffe044b807_0000000004877,0,174.97868,223.91779
5da1383b4db8ce0c98bc11ab_6c9481054d611cffe044b807_0000000007722,0,174.97868,223.91779
5da1383b4db8ce0c98bc11ab_6c9481054d611cffe044b807_0000000013992,0,168.20266999999998,225.61401
5da1383b4db8ce0c98bc11ab_6c9481054d611cffe044b807_0000000025822,0,168.20266999999998,225.61401
5da1383b4db8ce0c98bc11ab_6c9481054d611cffe044b807_0000000033375,0,168.91031999999998,230.29785
5da1383b4db8ce0c98bc11ab_6c9481054d611cffe044b807_0000000048010,0,182.3953,230.4993
5da1383b4db8ce0c98bc11ab_6c9481054d611cffe044b807_0000000059551,0,177.69997,227.98183
5da1383b4db8ce0c98bc11ab_6c9481054d611cffe044b807_0000000068673,0,174.97868,223.91779
5da1383b4db8ce0c98bc11ab_6c9481054d611cffe044b807_0000000075770,0,168.20266999999998,225.61401
5da1383b4db8ce0c98bc11ab_6c9481054d611cffe044b807_0000000086054,0,177.69997,227.98183
5da1383b4db8ce0c98bc11ab_6c9481054d611cffe044b807_0000000096531,0,174.97868,223.91779
5da1383b4db8ce0c98bc11ab_7264eeec0a8d8aa61e51cd5f_0000000000007,2,67.24695600000001,116.54128
5da1383b4db8ce0c98bc11ab_7264eeec0a8d8aa61e51cd5f_0000000006014,2,66.14329000000001,122.32489
5da1383b4db8ce0c98bc11ab_7264eeec0a8d8aa61e51cd5f_0000000014231,2,62.25520699999999,118.581245
5da1383b4db8ce0c98bc11ab_7264eeec0a8d8aa61e51cd5f_0000000024360,2,58.64116,123.302444
5da1383b4db8ce0c98bc11ab_7264eeec0a8d8aa61e51cd5f_0000000035850,2,66.14329000000001,122.32489
5da1383b4db8ce0c98bc11ab_7264eeec0a8d8aa61e51cd5f_0000000049784,2,62.25520699999999,118.581245
5da1383b4db8ce0c98bc11ab_7264eeec0a8d8aa61e51cd5f_0000000064266,2,54.780247,124.094246
5da1383b4db8ce0c98bc11ab_7264eeec0a8d8aa61e51cd5f_0000000075756,2,54.884758,129.55167
5da1383b4db8ce0c98bc11ab_7264eeec0a8d8aa61e51cd5f_0000000080821,2,57.591526,129.13002
5da1383b4db8ce0c98bc11ab_7264eeec0a8d8aa61e51cd5f_0000000090395,2,63.43221,129.87138000000002
5da1383b4db8ce0c98bc11ab_7264eeec0a8d8aa61e51cd5f_0000000096018,2,68.108154,127.914406
5da1383b4db8ce0c98bc11ab_7264eeec0a8d8aa61e51cd5f_0000000104416,2,66.14329000000001,122.32489
5da1383b4db8ce0c98bc11ab_7264eeec0a8d8aa61e51cd5f_0000000110125,2,66.14329000000001,122.32489
5da1383b4db8ce0c98bc11ab_7264eeec0a8d8aa61e51cd5f_0000000119292,2,68.108154,127.914406
5da1383b4db8ce0c98bc11ab_77cabd9a8eaaa49beb66a62b_0000000000006,2,86.02989000000001,222.59932
5da1383b4db8ce0c98bc11ab_77cabd9a8eaaa49beb66a62b_0000000004436,2,82.14478000000001,226.39886
5da1383b4db8ce0c98bc11ab_77cabd9a8eaaa49beb66a62b_0000000016014,2,95.248405,236.21509
5da1383b4db8ce0c98bc11ab_77cabd9a8eaaa49beb66a62b_0000000023927,2,94.99351,239.65132000000003
5da1383b4db8ce0c98bc11ab_77cabd9a8eaaa49beb66a62b_0000000031760,2,99.86749,235.65596
5da1383b4db8ce0c98bc11ab_77cabd9a8eaaa49beb66a62b_0000000039728,2,95.248405,236.21509
5da1383b4db8ce0c98bc11ab_77cabd9a8eaaa49beb66a62b_0000000045122,2,88.71030400000001,225.14098
5da1383b4db8ce0c98bc11ab_77cabd9a8eaaa49beb66a62b_0000000055369,2,97.97374,233.63142
5da1383b4db8ce0c98bc11ab_77cabd9a8eaaa49beb66a62b_0000000060714,2,99.86749,235.65596
5da1383b4db8ce0c98bc11ab_77cabd9a8eaaa49beb66a62b_0000000065586,2,101.37743,237.15767
5da1383b4db8ce0c98bc11ab_77cabd9a8eaaa49beb66a62b_0000000074515,2,95.248405,236.21509
5da1383b4db8ce0c98bc11ab_77cabd9a8eaaa49beb66a62b_0000000082497,2,88.71030400000001,225.14098
5da1383b4db8ce0c98bc11ab_7814e8ec13281ccf89baedc0_0000000000013,1,87.6596,180.11452
5da1383b4db8ce0c98bc11ab_7814e8ec13281ccf89baedc0_0000000008682,1,82.16666666666667,172.66666666666669
5da1383b4db8ce0c98bc11ab_7814e8ec13281ccf89baedc0_0000000015966,1,79.33333333333334,167.83333333333334
5da1383b4db8ce0c98bc11ab_7814e8ec13281ccf89baedc0_0000000022489,1,76.5,163.0
5da1383b4db8ce0c98bc11ab_7814e8ec13281ccf89baedc0_0000000032046,1,78.5,161.5
5da1383b4db8ce0c98bc11ab_7814e8ec13281ccf89baedc0_0000000041869,1,82.16666666666667,172.66666666666669
5da1383b4db8ce0c98bc11ab_7814e8ec13281ccf89baedc0_0000000049791,1,85.0,177.5
5da1383b4db8ce0c98bc11ab_7814e8ec13281ccf89baedc0_0000000058507,1,88.82434,188.45358
5da1383b4db8ce0c98bc11ab_7814e8ec13281ccf89baedc0_0000000071426,1,85.0,177.5
5da1383b4db8ce0c98bc11ab_7814e8ec13281ccf89baedc0_0000000078109,1,82.16666666666667,172.66666666666669
5da1383b4db8ce0c98bc11ab_7814e8ec13281ccf89baedc0_0000000083964,1,79.33333333333334,167.83333333333334
5da1383b4db8ce0c98bc11ab_7814e8ec13281ccf89baedc0_0000000089652,1,79.33333333333334,167.83333333333334
5da1383b4db8ce0c98bc11ab_7814e8ec13281ccf89baedc0_0000000097356,1,82.16666666666667,172.66666666666669
5da1383b4db8ce0c98bc11ab_7814e8ec13281ccf89baedc0_0000000104098,1,85.0,177.5
5da1383b4db8ce0c98bc11ab_7814e8ec13281ccf89baedc0_0000000113579,1,88.82434,188.45358
5da1383b4db8ce0c98bc11ab_8a5e440d8d110c0a3539ee9b_0000000000008,0,83.18943,119.08095
5da1383b4db8ce0c98bc11ab_8a5e440d8d110c0a3539ee9b_0000000007370,0,83.247025,122.504585
5da1383b4db8ce0c98bc11ab_8a5e440d8d110c0a3539ee9b_0000000013986,0,84.5,130.0
5da1383b4db8ce0c98bc11ab_8a5e440d8d110c0a3539ee9b_0000000019045,0,84.5,130.0
5da1383b4db8ce0c98bc11ab_8a5e440d8d110c0a3539ee9b_0000000026586,0,86.11609,123.080284
5da1383b4db8ce0c98bc11ab_8a5e440d8d110c0a3539ee9b_0000000032554,0,83.18943,119.08095
5da1383b4db8ce0c98bc11ab_8a5e440d8d110c0a3539ee9b_0000000038367,0,83.18943,119.08095
5da1383b4db8ce0c98bc11ab_8a5e440d8d110c0a3539ee9b_0000000046893,0,83.247025,122.504585
5da1383b4db8ce0c98bc11ab_8a5e440d8d110c0a3539ee9b_0000000053222,0,84.5,130.0
5da1383b4db8ce0c98bc11ab_8a5e440d8d110c0a3539ee9b_0000000064096,0,86.0,139.0
5da1383b4db8ce0c98bc11ab_8a5e440d8d110c0a3539ee9b_0000000074616,0,84.5,130.0
5da1383b4db8ce0c98bc11ab_a23ca542020c3376f8da1fd9_0000000000009,0,192.01868,231.01
5da1383b4db8ce0c98bc11ab_a23ca542020c3376f8da1fd9_0000000006237,0,188.65796,240.29736
5da1383b4db8ce0c98bc11ab_a23ca542020c3376f8da1fd9_0000000012549,0,196.5,240.5
5da1383b4db8ce0c98bc11ab_a23ca542020c3376f8da1fd9_0000000019548,0,203.5,240.5
5da1383b4db8ce0c98bc11ab_a23ca542020c3376f8da1fd9_0000000028129,0,210.0,241.5
5da1383b4db8ce0c98bc11ab_a23ca542020c3376f8da1fd9_0000000040484,0,203.5,240.5
5da1383b4db8ce0c98bc11ab_a23ca542020c3376f8da1fd9_0000000049979,0,196.5,240.5
5da1383b4db8ce0c98bc11ab_a23ca542020c3376f8da1fd9_0000000060426,0,192.01868,231.01
5da1383b4db8ce0c98bc11ab_a23ca542020c3376f8da1fd9_0000000071640,0,188.65796,240.29736
5da1383b4db8ce0c98bc11ab_a23ca542020c3376f8da1fd9_0000000076241,0,196.5,240.5
5da1383b4db8ce0c98bc11ab_a23ca542020c3376f8da1fd9_0000000086168,0,192.01868,231.01
5da1383b4db8ce0c98bc11ab_a25a8d841f9dcb508c5ee363_0000000000010,1,27.52813,91.66777
5da1383b4db8ce0c98bc11ab_a25a8d841f9dcb508c5ee363_0000000004680,1,22.008924,94.82761
5da1383b4db8ce0c98bc11ab_a25a8d841f9dcb508c5ee363_0000000009804,1,18.151892,95.03091
5da1383b4db8ce0c98bc11ab_a25a8d841f9dcb508c5ee363_0000000014142,1,18.151892,95.03091
5da1383b4db8ce0c98bc11ab_a25a8d841f9dcb508c5ee363_0000000025786,1,17.887989,101.051994
5da1383b4db8ce0c98bc11ab_a25a8d841f9dcb508c5ee363_0000000032539,1,22.008924,94.82761
5da1383b4db8ce0c98bc11ab_a25a8d841f9dcb508c5ee363_0000000037205,1,22.008924,94.82761
5da1383b4db8ce0c98bc11ab_a25a8d841f9dcb508c5ee363_0000000041210,1,31.639696,94.65886
5da1383b4db8ce0c98bc11ab_a25a8d841f9dcb508c5ee363_0000000046290,1,31.639696,94.65886
5da1383b4db8ce0c98bc11ab_a25a8d841f9dcb508c5ee363_0000000052095,1,37.261215,94.80676
5da1383b4db8ce0c98bc11ab_a25a8d841f9dcb508c5ee363_0000000057400,1,42.75524,94.7449
5da1383b4db8ce0c98bc11ab_a25a8d841f9dcb508c5ee363_0000000064041,1,42.75524,94.7449
5da1383b4db8ce0c98bc11ab_a25a8d841f9dcb508c5ee363_0000000072783,1,37.261215,94.80676
5da1383b4db8ce0c98bc11ab_a25a8d841f9dcb508c5ee363_0000000080848,1,42.75524,94.7449
5da1383b4db8ce0c98bc11ab_a25a8d841f9dcb508c5ee363_0000000090293,1,47.6266,95.92511
5da1383b4db8ce0c98bc11ab_a25a8d841f9dcb508c5ee363_0000000097228,1,50.950424,94.76056
5da1383b4db8ce0c98bc11ab_a25a8d841f9dcb508c5ee363_0000000111345,1,47.427040000000005,91.5985
5da1383b4db8ce0c98bc11ab_aed8d49bbf0857e88e1d26b5_0000000000009,2,31.142807,174.317
5da1383b4db8ce0c98bc11ab_aed8d49bbf0857e88e1d26b5_0000000006754,2,37.5,181.0
5da1383b4db8ce0c98bc11ab_aed8d49bbf0857e88e1d26b5_0000000013613,2,40.5,177.5
5da1383b4db8ce0c98bc11ab_aed8d49bbf0857e88e1d26b5_0000000022991,2,48.0,185.0
5da1383b4db8ce0c98bc11ab_aed8d49bbf0857e88e1d26b5_0000000028703,2,44.85745,187.88733
5da1383b4db8ce0c98bc11ab_aed8d49bbf0857e88e1d26b5_0000000033638,2,44.85745,187.88733
5da1383b4db8ce0c98bc11ab_aed8d49bbf0857e88e1d26b5_0000000040043,2,48.0,185.0
5da1383b4db8ce0c98bc11ab_aed8d49bbf0857e88e1d26b5_0000000050530,2,44.0,181.0
5da1383b4db8ce0c98bc11ab_aed8d49bbf0857e88e1d26b5_0000000057193,2,44.0,181.0
5da1383b4db8ce0c98bc11ab_aed8d49bbf0857e88e1d26b5_0000000065512,2,34.5,177.5
5da1383b4db8ce0c98bc11ab_aed8d49bbf0857e88e1d26b5_0000000076034,2,44.0,181.0
5da1383b4db8ce0c98bc11ab_aed8d49bbf0857e88e1d26b5_0000000082098,2,44.0,181.0
5da1383b4db8ce0c98bc11ab_aed8d49bbf0857e88e1d26b5_0000000090254,2,48.0,185.0
5da1383b4db8ce0c98bc11ab_bb938cd9fec6ef383e40f4c0_0000000000015,1,220.85107,208.0063
5da1383b4db8ce0c98bc11ab_bb938cd9fec6ef383e40f4c0_0000000005102,1,221.08086,212.48738
5da1383b4db8ce0c98bc11ab_bb938cd9fec6ef383e40f4c0_0000000009642,1,220.3874,216.28854
5da1383b4db8ce0c98bc11ab_bb938cd9fec6ef383e40f4c0_0000000013104,1,220.3874,216.28854
5da1383b4db8ce0c98bc11ab_bb938cd9fec6ef383e40f4c0_0000000016838,1,224.68372,222.18231
5da1383b4db8ce0c98bc11ab_bb938cd9fec6ef383e40f4c0_0000000020441,1,220.39851,226.53409
5da1383b4db8ce0c98bc11ab_bb938cd9fec6ef383e40f4c0_0000000024392,1,220.92601,230.96959
5da1383b4db8ce0c98bc11ab_bb938cd9fec6ef383e40f4c0_0000000027865,1,220.92601,230.96959
5da1383b4db8ce0c98bc11ab_bb938cd9fec6ef383e40f4c0_0000000031590,1,220.92056,239.33482
5da1383b4db8ce0c98bc11ab_bb938cd9fec6ef383e40f4c0_0000000036086,1,220.92056,239.33482
5da1383b4db8ce0c98bc11ab_bb938cd9fec6ef383e40f4c0_0000000044239,1,218.80727,239.82127000000003
5da1383b4db8ce0c98bc11ab_bb938cd9fec6ef383e40f4c0_0000000049114,1,215.03313,243.31685
5da1383b4db8ce0c98bc11ab_bb938cd9fec6ef383e40f4c0_0000000054608,1,210.0845,242.95058
5da1383b4db8ce0c98bc11ab_bb938cd9fec6ef383e40f4c0_0000000061266,1,210.15979,240.2029
5da1383b4db8ce0c98bc11ab_bb938cd9fec6ef383e40f4c0_0000000064523,1,210.15979,240.2029
5da1383b4db8ce0c98bc11ab_bb938cd9fec6ef383e40f4c0_0000000075410,1,201.24886,239.9779
5da1383b4db8ce0c98bc11ab_bb938cd9fec6ef383e40f4c0_0000000083911,1,192.52507,239.72833
5da1383b4db8ce0c98bc11ab_c3913710fd39499173a055e7_0000000000012,1,154.15489,233.5704
5da1383b4db8ce0c98bc11ab_c3913710fd39499173a055e7_0000000005957,1,155.68373,230.72592000000003
5da1383b4db8ce0c98bc11ab_c3913710fd39499173a055e7_0000000013278,1,154.16351,225.23361
5da1383b4db8ce0c98bc11ab_c3913710fd39499173a055e7_0000000018136,1,155.76273999999998,220.42937
5da1383b4db8ce0c98bc11ab_c3913710fd39499173a055e7_0000000025959,1,157.35796000000002,225.73778
5da1383b4db8ce0c98bc11ab_c3913710fd39499173a055e7_0000000033224,1,161.3392,218.58461
5da1383b4db8ce0c98bc11ab_c3913710fd39499173a055e7_0000000052520,1,160.87651,211.7553
5da1383b4db8ce0c98bc11ab_c3913710fd39499173a055e7_0000000055571,1,160.36002,210.81844
5da1383b4db8ce0c98bc11ab_c3913710fd39499173a055e7_0000000065191,1,161.3392,218.58461
5da1383b4db8ce0c98bc11ab_c3913710fd39499173a055e7_0000000074364,1,153.94258,217.14784
5da1383b4db8ce0c98bc11ab_c3913710fd39499173a055e7_0000000084936,1,157.35796000000002,225.73778
5da1383b4db8ce0c98bc11ab_c3913710fd39499173a055e7_0000000095843,1,159.67372,231.52429
5da1383b4db8ce0c98bc11ab_c3913710fd39499173a055e7_0000000105845,1,160.07587,233.89069
5da1383b4db8ce0c98bc11ab_c3913710fd39499173a055e7_0000000114159,1,155.68373,230.72592000000003
5da1383b4db8ce0c98bc11ab_c3913710fd39499173a055e7_0000000120636,1,154.16351,225.23361
5da1383b4db8ce0c98bc11ab_c3913710fd39499173a055e7_0000000126266,1,151.50026,218.81306
5da1383b4db8ce0c98bc11ab_e1c113233943f6191b64441c_0000000000016,1,116.860466,163.79959
5da1383b4db8ce0c98bc11ab_e1c113233943f6191b64441c_0000000009274,1,104.646645,161.69173999999998
5da1383b4db8ce0c98bc11ab_e1c113233943f6191b64441c_0000000015758,1,98.36615,156.07932
5da1383b4db8ce0c98bc11ab_e1c113233943f6191b64441c_0000000021475,1,94.166725,151.20633
5da1383b4db8ce0c98bc11ab_e1c113233943f6191b64441c_0000000027664,1,90.08246,146.61424
5da1383b4db8ce0c98bc11ab_e1c113233943f6191b64441c_0000000041839,1,95.95916,139.96669
5da1383b4db8ce0c98bc11ab_e1c113233943f6191b64441c_0000000047747,1,102.712975,133.65143
5da1383b4db8ce0c98bc11ab_e1c113233943f6191b64441c_0000000053738,1,102.50594,123.57387
5da1383b4db8ce0c98bc11ab_e1c113233943f6191b64441c_0000000060173,1,110.10993,122.91128
5da1383b4db8ce0c98bc11ab_e1c113233943f6191b64441c_0000000065521,1,102.50594,123.57387
5da1383b4db8ce0c98bc11ab_e1c113233943f6191b64441c_0000000070681,1,102.50594,123.57387
5da1383b4db8ce0c98bc11ab_e1c113233943f6191b64441c_0000000074425,1,102.712975,133.65143
5da1383b4db8ce0c98bc11ab_e1c113233943f6191b64441c_0000000082285,1,95.95916,139.96669
5da1383b4db8ce0c98bc11ab_e1c113233943f6191b64441c_0000000089768,1,89.07613,146.44186000000002
5da1383b4db8ce0c98bc11ab_e1c113233943f6191b64441c_0000000097267,1,82.34135400000001,153.21136
5da1383b4db8ce0c98bc11ab_e1c113233943f6191b64441c_0000000099387,1,82.34135400000001,153.21136
5da1383b4db8ce0c98bc11ab_e1c113233943f6191b64441c_0000000105528,1,77.57339,158.31921
5da1383b4db8ce0c98bc11ab_e1c113233943f6191b64441c_0000000117536,1,82.34135400000001,153.21136
5da1383b4db8ce0c98bc11ab_e1c113233943f6191b64441c_0000000129286,1,88.691956,147.33414
5da1383b4db8ce0c98bc11ab_e3d5b272b2c71179e501519e_0000000000012,1,40.662796,176.38231000000002
5da1383b4db8ce0c98bc11ab_e3d5b272b2c71179e501519e_0000000011869,1,49.73933,185.01451
5da1383b4db8ce0c98bc11ab_e3d5b272b2c71179e501519e_0000000019126,1,47.999004,184.53825
5da1383b4db8ce0c98bc11ab_e3d5b272b2c71179e501519e_0000000030107,1,41.368008,178.72821000000002
5da1383b4db8ce0c98bc11ab_e3d5b272b2c71179e501519e_0000000036113,1,37.74822,179.5457
5da1383b4db8ce0c98bc11ab_e3d5b272b2c71179e501519e_0000000042170,1,37.92096,181.97961
5da1383b4db8ce0c98bc11ab_e3d5b272b2c71179e501519e_0000000049483,1,41.368008,178.72821000000002
5da1383b4db8ce0c98bc11ab_e3d5b272b2c71179e501519e_0000000055202,1,40.662796,176.38231000000002
5da1383b4db8ce0c98bc11ab_e3d5b272b2c71179e501519e_0000000061228,1,40.662796,176.38231000000002
5da1383b4db8ce0c98bc11ab_e3d5b272b2c71179e501519e_0000000071507,1,31.640718,173.87114
5da1383b4db8ce0c98bc11ab_e3d5b272b2c71179e501519e_0000000080247,1,30.903683,166.1772
5da1383b4db8ce0c98bc11ab_e3d5b272b2c71179e501519e_0000000085711,1,30.903683,166.1772
5da1383b4db8ce0c98bc11ab_e3d5b272b2c71179e501519e_0000000091882,1,31.149546,158.5613
5da1383b4db8ce0c98bc11ab_e3d5b272b2c71179e501519e_0000000098294,1,31.045103000000005,148.28197
5da1383b4db8ce0c98bc11ab_e3d5b272b2c71179e501519e_0000000105136,1,31.045103000000005,148.28197
5da1383b4db8ce0c98bc11ab_e3d5b272b2c71179e501519e_0000000111434,1,31.343565,137.46751
5da1383b4db8ce0c98bc11ab_e3d5b272b2c71179e501519e_0000000120185,1,30.759096000000003,127.44041
5da1383b4db8ce0c98bc11ab_e3d5b272b2c71179e501519e_0000000129520,1,30.877584,118.409966
5da1383b4db8ce0c98bc11ab_ee9be1ad62ff5b8c6a44dc3a_0000000000007,0,222.96709,218.18367
5da1383b4db8ce0c98bc11ab_ee9be1ad62ff5b8c6a44dc3a_0000000005203,0,222.71964,226.8662
5da1383b4db8ce0c98bc11ab_ee9be1ad62ff5b8c6a44dc3a_0000000007509,0,222.71964,226.8662
5da1383b4db8ce0c98bc11ab_ee9be1ad62ff5b8c6a44dc3a_0000000014754,0,217.85971,232.88597
5da1383b4db8ce0c98bc11ab_ee9be1ad62ff5b8c6a44dc3a_0000000022382,0,216.67686,226.34116
5da1383b4db8ce0c98bc11ab_ee9be1ad62ff5b8c6a44dc3a_0000000033833,0,222.71964,226.8662
5da1383b4db8ce0c98bc11ab_ee9be1ad62ff5b8c6a44dc3a_0000000043798,0,216.67686,226.34116
5da1383b4db8ce0c98bc11ab_ee9be1ad62ff5b8c6a44dc3a_0000000047846,0,217.85971,232.88597
5da1383b4db8ce0c98bc11ab_ee9be1ad62ff5b8c6a44dc3a_0000000059703,0,222.71964,226.8662
5da1383b4db8ce0c98bc11ab_ee9be1ad62ff5b8c6a44dc3a_0000000065701,0,222.71964,226.8662
5da1383b4db8ce0c98bc11ab_ee9be1ad62ff5b8c6a44dc3a_0000000075579,0,222.71964,226.8662
5da1383b4db8ce0c98bc11ab_ee9be1ad62ff5b8c6a44dc3a_0000000086487,0,211.9411,232.35175
5da1383b4db8ce0c98bc11ab_ee9be1ad62ff5b8c6a44dc3a_0000000094729,0,217.85971,232.88597
5da1383b4db8ce0c98bc11ab_ee9be1ad62ff5b8c6a44dc3a_0000000102695,0,222.7907,235.84312000000003
5da1383b4db8ce0c98bc11ab_f8a2489aa99b08ffddc115ec_0000000000013,1,66.97751600000001,116.466965
5da1383b4db8ce0c98bc11ab_f8a2489aa99b08ffddc115ec_0000000007472,1,71.91181,117.05338
5da1383b4db8ce0c98bc11ab_f8a2489aa99b08ffddc115ec_0000000013000,1,69.32136,123.54133600000002
5da1383b4db8ce0c98bc11ab_f8a2489aa99b08ffddc115ec_0000000025949,1,66.97751600000001,116.466965
5da1383b4db8ce0c98bc11ab_f8a2489aa99b08ffddc115ec_0000000034946,1,71.91181,117.05338
5da1383b4db8ce0c98bc11ab_f8a2489aa99b08ffddc115ec_0000000044256,1,77.74065999999999,119.14638
5da1383b4db8ce0c98bc11ab_f8a2489aa99b08ffddc115ec_0000000056921,1,84.025566,119.08668
5da1383b4db8ce0c98bc11ab_f8a2489aa99b08ffddc115ec_0000000062983,1,89.09274,119.2508
5da1383b4db8ce0c98bc11ab_f8a2489aa99b08ffddc115ec_0000000069921,1,95.95825,120.71334
5da1383b4db8ce0c98bc11ab_f8a2489aa99b08ffddc115ec_0000000076532,1,95.95825,120.71334
5da1383b4db8ce0c98bc11ab_f8a2489aa99b08ffddc115ec_0000000083920,1,103.129196,120.54484
5da1383b4db8ce0c98bc11ab_f8a2489aa99b08ffddc115ec_0000000091769,1,103.129196,120.54484
5da1383b4db8ce0c98bc11ab_f8a2489aa99b08ffddc115ec_0000000104690,1,106.20269,109.67194
5da1383b4db8ce0c98bc11ab_f8a2489aa99b08ffddc115ec_0000000110612,1,104.501854,111.03777
5da1383b4db8ce0c98bc11ab_f8a2489aa99b08ffddc115ec_0000000124464,1,103.129196,120.54484
5da1383b4db8ce0c98bc11ab_f8a2489aa99b08ffddc115ec_0000000135921,1,110.28345,126.070625
5da1383b4db8ce0c98bc11ab_f8a2489aa99b08ffddc115ec_0000000144022,1,110.10993,122.91128
5da1383b4db8ce0c98bc11ab_f8a2489aa99b08ffddc115ec_0000000157526,1,119.607285,129.01698000000002
5da1383b4db8ce0c98bc11ab_fc01ec821b1c8cf910b4b895_0000000000011,1,196.38504,212.36388
5da1383b4db8ce0c98bc11ab_fc01ec821b1c8cf910b4b895_0000000008991,1,199.23799,216.63531
5da1383b4db8ce0c98bc11ab_fc01ec821b1c8cf910b4b895_0000000019840,1,205.47887,208.57576
5da1383b4db8ce0c98bc11ab_fc01ec821b1c8cf910b4b895_0000000029069,1,199.55278,210.53998
5da1383b4db8ce0c98bc11ab_fc01ec821b1c8cf910b4b895_0000000035245,1,194.351,206.41121
5da1383b4db8ce0c98bc11ab_fc01ec821b1c8cf910b4b895_0000000046998,1,196.38504,212.36388
5da1383b4db8ce0c98bc11ab_fc01ec821b1c8cf910b4b895_0000000053052,1,199.55278,210.53998
5da1383b4db8ce0c98bc11ab_fc01ec821b1c8cf910b4b895_0000000059965,1,198.8037,205.99246
5da1383b4db8ce0c98bc11ab_fc01ec821b1c8cf910b4b895_0000000068193,1,205.47887,208.57576
5da138754db8ce0c98bca82f_10f9407023d1e00bbd7274f2_0000000000009,1,163.13467,28.228249
5da138754db8ce0c98bca82f_10f9407023d1e00bbd7274f2_0000000006561,1,163.22435,32.227524
5da138754db8ce0c98bca82f_10f9407023d1e00bbd7274f2_0000000012785,1,163.22435,32.227524
5da138754db8ce0c98bca82f_10f9407023d1e00bbd7274f2_0000000019759,1,163.13467,28.228249
5da138754db8ce0c98bca82f_10f9407023d1e00bbd7274f2_0000000027508,1,163.22435,32.227524
5da138754db8ce0c98bca82f_10f9407023d1e00bbd7274f2_0000000035290,1,169.3599,37.108295
5da138754db8ce0c98bca82f_10f9407023d1e00bbd7274f2_0000000043042,1,178.2661,36.394436
5da138754db8ce0c98bca82f_10f9407023d1e00bbd7274f2_0000000049124,1,184.46281,38.67867
5da138754db8ce0c98bca82f_10f9407023d1e00bbd7274f2_0000000056496,1,191.45206,41.834846
5da138754db8ce0c98bca82f_10f9407023d1e00bbd7274f2_0000000063827,1,197.19733,44.840015
5da138754db8ce0c98bca82f_10f9407023d1e00bbd7274f2_0000000071334,1,203.24034,48.345173
5da138754db8ce0c98bca82f_10f9407023d1e00bbd7274f2_0000000085282,1,198.31848,48.947357
5da138754db8ce0c98bca82f_10f9407023d1e00bbd7274f2_0000000098520,1,191.11977,44.745934000000005
5da138754db8ce0c98bca82f_10f9407023d1e00bbd7274f2_0000000107457,1,183.13615,41.795467
5da138754db8ce0c98bca82f_309c38eba30007e666cf7fd0_0000000000009,0,163.56828000000002,39.43707
5da138754db8ce0c98bca82f_309c38eba30007e666cf7fd0_0000000003712,0,163.56828000000002,39.43707
5da138754db8ce0c98bca82f_309c38eba30007e666cf7fd0_0000000016272,0,154.34015,44.57482
5da138754db8ce0c98bca82f_309c38eba30007e666cf7fd0_0000000030797,0,153.83716,49.366062
5da138754db8ce0c98bca82f_309c38eba30007e666cf7fd0_0000000041392,0,153.85478,52.360695
5da138754db8ce0c98bca82f_309c38eba30007e666cf7fd0_0000000053890,0,154.86923000000002,62.191177
5da138754db8ce0c98bca82f_309c38eba30007e666cf7fd0_0000000064925,0,158.68587,72.63768
5da138754db8ce0c98bca82f_309c38eba30007e666cf7fd0_0000000075651,0,158.68587,72.63768
5da138754db8ce0c98bca82f_309c38eba30007e666cf7fd0_0000000088883,0,158.19995,61.970116
5da138754db8ce0c98bca82f_309c38eba30007e666cf7fd0_0000000101729,0,153.85478,52.360695
5da138754db8ce0c98bca82f_309c38eba30007e666cf7fd0_0000000114375,0,157.9662,49.3837
5da138754db8ce0c98bca82f_309c38eba30007e666cf7fd0_0000000122685,0,162.28581,44.41948
5da138754db8ce0c98bca82f_309c38eba30007e666cf7fd0_0000000148015,0,163.90018,41.568466
5da138754db8ce0c98bca82f_309c38eba30007e666cf7fd0_0000000158007,0,163.56828000000002,39.43707
5da138754db8ce0c98bca82f_309c38eba30007e666cf7fd0_0000000169536,0,154.34015,44.57482
5da138754db8ce0c98bca82f_309c38eba30007e666cf7fd0_0000000184360,0,163.90018,41.568466
5da138754db8ce0c98bca82f_309c38eba30007e666cf7fd0_0000000195956,0,163.56828000000002,39.43707
5da138754db8ce0c98bca82f_309c38eba30007e666cf7fd0_0000000214902,0,162.28581,44.41948
5da138754db8ce0c98bca82f_40268946c8060c91109a58b7_0000000000010,2,90.142494,88.61187
5da138754db8ce0c98bca82f_40268946c8060c91109a58b7_0000000007579,2,90.142494,88.61187
5da138754db8ce0c98bca82f_40268946c8060c91109a58b7_0000000015757,2,82.49351999999999,81.735664
5da138754db8ce0c98bca82f_40268946c8060c91109a58b7_0000000025647,2,77.2509,76.43775
5da138754db8ce0c98bca82f_40268946c8060c91109a58b7_0000000033369,2,77.2509,76.43775
5da138754db8ce0c98bca82f_40268946c8060c91109a58b7_0000000042766,2,74.28527,71.08091
5da138754db8ce0c98bca82f_40268946c8060c91109a58b7_0000000054434,2,68.92383000000001,70.89614
5da138754db8ce0c98bca82f_40268946c8060c91109a58b7_0000000062105,2,69.90755,75.9227
5da138754db8ce0c98bca82f_40268946c8060c91109a58b7_0000000069233,2,70.0,76.0
5da138754db8ce0c98bca82f_40268946c8060c91109a58b7_0000000076797,2,69.90755,75.9227
5da138754db8ce0c98bca82f_40268946c8060c91109a58b7_0000000084785,2,69.90755,75.9227
5da138754db8ce0c98bca82f_40268946c8060c91109a58b7_0000000093491,2,69.90755,75.9227
5da138754db8ce0c98bca82f_40268946c8060c91109a58b7_0000000098755,2,69.90755,75.9227
5da138754db8ce0c98bca82f_40268946c8060c91109a58b7_0000000106953,2,69.90755,75.9227
5da138754db8ce0c98bca82f_40268946c8060c91109a58b7_0000000117845,2,77.2509,76.43775
5da138754db8ce0c98bca82f_40268946c8060c91109a58b7_0000000128086,2,82.49351999999999,81.735664
5da138754db8ce0c98bca82f_40268946c8060c91109a58b7_0000000140945,2,82.49351999999999,81.735664
5da138754db8ce0c98bca82f_40268946c8060c91109a58b7_0000000148954,2,77.2509,76.43775
5da138754db8ce0c98bca82f_40268946c8060c91109a58b7_0000000158159,2,75.006485,80.94135
5da138754db8ce0c98bca82f_40268946c8060c91109a58b7_0000000165303,2,70.0,76.0
5da138754db8ce0c98bca82f_40268946c8060c91109a58b7_0000000172178,2,70.0,76.0
5da138754db8ce0c98bca82f_40268946c8060c91109a58b7_0000000179255,2,75.006485,80.94135
5da138754db8ce0c98bca82f_40268946c8060c91109a58b7_0000000187106,2,75.006485,80.94135
5da138754db8ce0c98bca82f_40268946c8060c91109a58b7_0000000193673,2,75.006485,80.94135
5da138754db8ce0c98bca82f_40ded46d0cb2e060306b26bb_0000000000009,2,116.88103999999998,40.343533
5da138754db8ce0c98bca82f_40ded46d0cb2e060306b26bb_0000000004127,2,117.683655,42.172268
5da138754db8ce0c98bca82f_40ded46d0cb2e060306b26bb_0000000017380,2,129.06998000000002,42.11936
5da138754db8ce0c98bca82f_40ded46d0cb2e060306b26bb_0000000028895,2,136.19748,42.26276
5da138754db8ce0c98bca82f_40ded46d0cb2e060306b26bb_0000000037069,2,142.41687,41.936337
5da138754db8ce0c98bca82f_40ded46d0cb2e060306b26bb_0000000041264,2,142.41687,41.936337
5da138754db8ce0c98bca82f_40ded46d0cb2e060306b26bb_0000000047796,2,145.0624,41.69206
5da138754db8ce0c98bca82f_40ded46d0cb2e060306b26bb_0000000056427,2,144.14498999999998,36.098118
5da138754db8ce0c98bca82f_40ded46d0cb2e060306b26bb_0000000062328,2,144.14498999999998,36.098118
5da138754db8ce0c98bca82f_40ded46d0cb2e060306b26bb_0000000069717,2,141.6442,35.625370000000004
5da138754db8ce0c98bca82f_40ded46d0cb2e060306b26bb_0000000075630,2,139.41754,34.792908000000004
5da138754db8ce0c98bca82f_40ded46d0cb2e060306b26bb_0000000083470,2,134.4579,36.83664
5da138754db8ce0c98bca82f_47b83323569055e31d15a469_0000000000013,1,249.91808,30.959090000000003
5da138754db8ce0c98bca82f_47b83323569055e31d15a469_0000000005664,1,249.91808,30.959090000000003
5da138754db8ce0c98bca82f_47b83323569055e31d15a469_0000000014323,1,254.56725,34.66681
5da138754db8ce0c98bca82f_47b83323569055e31d15a469_0000000020064,1,255.29485,39.0621
5da138754db8ce0c98bca82f_47b83323569055e31d15a469_0000000026406,1,258.72226,43.234863
5da138754db8ce0c98bca82f_47b83323569055e31d15a469_0000000033501,1,252.33977,45.5945
5da138754db8ce0c98bca82f_47b83323569055e31d15a469_0000000040220,1,252.33977,45.5945
5da138754db8ce0c98bca82f_47b83323569055e31d15a469_0000000047750,1,249.51573,43.50773
5da138754db8ce0c98bca82f_47b83323569055e31d15a469_0000000061105,1,244.56055,45.287792
5da138754db8ce0c98bca82f_47b83323569055e31d15a469_0000000069419,1,240.64687,41.85506
5da138754db8ce0c98bca82f_47b83323569055e31d15a469_0000000078912,1,234.70728,45.863804
5da138754db8ce0c98bca82f_47b83323569055e31d15a469_0000000086432,1,232.0,42.0
5da138754db8ce0c98bca82f_47b83323569055e31d15a469_0000000100075,1,233.99706,36.30606
5da138754db8ce0c98bca82f_4ff6a5f94782360efff2c334_0000000000012,2,237.37569,51.12761
5da138754db8ce0c98bca82f_4ff6a5f94782360efff2c334_0000000004951,2,235.1863,52.19661
5da138754db8ce0c98bca82f_4ff6a5f94782360efff2c334_0000000016013,2,235.43367,57.454807
5da138754db8ce0c98bca82f_4ff6a5f94782360efff2c334_0000000026705,2,232.20357,62.625916
5da138754db8ce0c98bca82f_4ff6a5f94782360efff2c334_0000000037343,2,226.00125,66.620316
5da138754db8ce0c98bca82f_4ff6a5f94782360efff2c334_0000000048487,2,218.3932,65.79535
5da138754db8ce0c98bca82f_4ff6a5f94782360efff2c334_0000000057950,2,212.5074,60.803642
5da138754db8ce0c98bca82f_4ff6a5f94782360efff2c334_0000000076826,2,215.59052000000003,52.64493
5da138754db8ce0c98bca82f_667e1fd9da2bfe14aafdec4b_0000000000007,3,220.00085,38.977287
5da138754db8ce0c98bca82f_667e1fd9da2bfe14aafdec4b_0000000009367,3,221.12596,44.62008
5da138754db8ce0c98bca82f_667e1fd9da2bfe14aafdec4b_0000000023886,3,225.68098,44.741535
5da138754db8ce0c98bca82f_667e1fd9da2bfe14aafdec4b_0000000032324,3,234.29355,44.11362
5da138754db8ce0c98bca82f_667e1fd9da2bfe14aafdec4b_0000000041355,3,225.68098,44.741535
5da138754db8ce0c98bca82f_667e1fd9da2bfe14aafdec4b_0000000050016,3,221.12596,44.62008
5da138754db8ce0c98bca82f_667e1fd9da2bfe14aafdec4b_0000000069329,3,225.68098,44.741535
5da138754db8ce0c98bca82f_667e1fd9da2bfe14aafdec4b_0000000078050,3,225.74438,42.05557
5da138754db8ce0c98bca82f_667e1fd9da2bfe14aafdec4b_0000000089695,3,234.29355,44.11362
5da138754db8ce0c98bca82f_667e1fd9da2bfe14aafdec4b_0000000097138,3,234.29355,44.11362
5da138754db8ce0c98bca82f_667e1fd9da2bfe14aafdec4b_0000000113607,3,236.108,51.52175
5da138754db8ce0c98bca82f_667e1fd9da2bfe14aafdec4b_0000000124554,3,236.108,51.52175
5da138754db8ce0c98bca82f_667e1fd9da2bfe14aafdec4b_0000000136359,3,234.29355,44.11362
5da138754db8ce0c98bca82f_667e1fd9da2bfe14aafdec4b_0000000156900,3,237.1681,42.9972
5da138754db8ce0c98bca82f_667e1fd9da2bfe14aafdec4b_0000000172234,3,236.108,51.52175
5da138754db8ce0c98bca82f_667e1fd9da2bfe14aafdec4b_0000000184493,3,236.108,51.52175
5da138754db8ce0c98bca82f_667e1fd9da2bfe14aafdec4b_0000000195821,3,250.58337000000003,42.753693
5da138754db8ce0c98bca82f_667e1fd9da2bfe14aafdec4b_0000000205553,3,250.77943,39.12787
5da138754db8ce0c98bca82f_667e1fd9da2bfe14aafdec4b_0000000217228,3,257.06345,38.961388
5da138754db8ce0c98bca82f_667e1fd9da2bfe14aafdec4b_0000000227116,3,267.05322,40.164055
5da138754db8ce0c98bca82f_667e1fd9da2bfe14aafdec4b_0000000241421,3,272.91568,51.913048
5da138754db8ce0c98bca82f_667e1fd9da2bfe14aafdec4b_0000000254006,3,275.95453,46.20862
5da138754db8ce0c98bca82f_667e1fd9da2bfe14aafdec4b_0000000264296,3,275.31995,37.69581
5da138754db8ce0c98bca82f_667e1fd9da2bfe14aafdec4b_0000000270140,3,267.05322,40.164055
5da138754db8ce0c98bca82f_667e1fd9da2bfe14aafdec4b_0000000277643,3,267.05322,40.164055
5da138754db8ce0c98bca82f_667e1fd9da2bfe14aafdec4b_0000000284386,3,275.95453,46.20862
5da138754db8ce0c98bca82f_667e1fd9da2bfe14aafdec4b_0000000296725,3,267.05322,40.164055
5da138754db8ce0c98bca82f_667e1fd9da2bfe14aafdec4b_0000000304506,3,267.05322,40.164055
5da138754db8ce0c98bca82f_667e1fd9da2bfe14aafdec4b_0000000318566,3,257.06345,38.961388
5da138754db8ce0c98bca82f_667e1fd9da2bfe14aafdec4b_0000000330003,3,264.0051,36.749590000000005
5da138754db8ce0c98bca82f_679845ce7fb4d5b56d6887c1_0000000000007,1,120.430786,48.89946
5da138754db8ce0c98bca82f_679845ce7fb4d5b56d6887c1_0000000007273,1,116.024666,53.52506
5da138754db8ce0c98bca82f_679845ce7fb4d5b56d6887c1_0000000040157,1,116.024666,53.52506
5da138754db8ce0c98bca82f_679845ce7fb4d5b56d6887c1_0000000046683,1,108.26098,44.05885
5da138754db8ce0c98bca82f_679845ce7fb4d5b56d6887c1_0000000056141,1,111.72086000000002,41.415245
5da138754db8ce0c98bca82f_679845ce7fb4d5b56d6887c1_0000000064846,1,111.72086000000002,41.415245
5da138754db8ce0c98bca82f_679845ce7fb4d5b56d6887c1_0000000074680,1,120.430786,48.89946
5da138754db8ce0c98bca82f_679845ce7fb4d5b56d6887c1_0000000089174,1,108.26098,44.05885
5da138754db8ce0c98bca82f_679845ce7fb4d5b56d6887c1_0000000100487,1,111.72086000000002,41.415245
5da138754db8ce0c98bca82f_679845ce7fb4d5b56d6887c1_0000000113894,1,103.88943,40.628075
5da138754db8ce0c98bca82f_679845ce7fb4d5b56d6887c1_0000000129975,1,111.72086000000002,41.415245
5da138754db8ce0c98bca82f_679845ce7fb4d5b56d6887c1_0000000143093,1,116.024666,53.52506
5da138754db8ce0c98bca82f_679845ce7fb4d5b56d6887c1_0000000151593,1,116.024666,53.52506
5da138754db8ce0c98bca82f_679845ce7fb4d5b56d6887c1_0000000160827,1,108.26098,44.05885
5da138754db8ce0c98bca82f_6b598c55272851a4185d23aa_0000000000009,2,72.12765999999999,46.78925
5da138754db8ce0c98bca82f_6b598c55272851a4185d23aa_0000000007055,2,76.14341999999999,48.231724
5da138754db8ce0c98bca82f_6b598c55272851a4185d23aa_0000000015003,2,81.66354,43.02078
5da138754db8ce0c98bca82f_6b598c55272851a4185d23aa_0000000024769,2,83.0,32.5
5da138754db8ce0c98bca82f_6b598c55272851a4185d23aa_0000000032560,2,79.0,29.0
5da138754db8ce0c98bca82f_6b598c55272851a4185d23aa_0000000044205,2,83.0,29.0
5da138754db8ce0c98bca82f_6b598c55272851a4185d23aa_0000000054261,2,84.0,38.0
5da138754db8ce0c98bca82f_6b598c55272851a4185d23aa_0000000066735,2,92.72671,39.49893
5da138754db8ce0c98bca82f_6b598c55272851a4185d23aa_0000000074763,2,99.95302,39.105656
5da138754db8ce0c98bca82f_6b598c55272851a4185d23aa_0000000082900,2,108.4272,43.141956
5da138754db8ce0c98bca82f_6b598c55272851a4185d23aa_0000000100354,2,108.4272,43.141956
5da138754db8ce0c98bca82f_6b598c55272851a4185d23aa_0000000112354,2,113.36073,37.21459
5da138754db8ce0c98bca82f_70123d9366c5676db1d1d0dd_0000000000012,1,117.65068,42.424496000000005
5da138754db8ce0c98bca82f_70123d9366c5676db1d1d0dd_0000000007989,1,120.430786,48.89946
5da138754db8ce0c98bca82f_70123d9366c5676db1d1d0dd_0000000017361,1,125.89854,49.51606
5da138754db8ce0c98bca82f_70123d9366c5676db1d1d0dd_0000000023567,1,129.56157,45.53255
5da138754db8ce0c98bca82f_70123d9366c5676db1d1d0dd_0000000031931,1,132.63023,47.67373
5da138754db8ce0c98bca82f_70123d9366c5676db1d1d0dd_0000000036525,1,132.63023,47.67373
5da138754db8ce0c98bca82f_70123d9366c5676db1d1d0dd_0000000043623,1,132.63023,47.67373
5da138754db8ce0c98bca82f_70123d9366c5676db1d1d0dd_0000000051946,1,132.63023,47.67373
5da138754db8ce0c98bca82f_70123d9366c5676db1d1d0dd_0000000062130,1,125.89854,49.51606
5da138754db8ce0c98bca82f_70123d9366c5676db1d1d0dd_0000000069036,1,120.430786,48.89946
5da138754db8ce0c98bca82f_70123d9366c5676db1d1d0dd_0000000084672,1,125.89854,49.51606
5da138754db8ce0c98bca82f_70123d9366c5676db1d1d0dd_0000000092716,1,132.63023,47.67373
5da138754db8ce0c98bca82f_74e1f3f41374ba181468248d_0000000000010,2,99.95302,39.105656
5da138754db8ce0c98bca82f_74e1f3f41374ba181468248d_0000000007746,2,92.72671,39.49893
5da138754db8ce0c98bca82f_74e1f3f41374ba181468248d_0000000014939,2,87.43256,40.121693
5da138754db8ce0c98bca82f_74e1f3f41374ba181468248d_0000000022481,2,81.66354,43.02078
5da138754db8ce0c98bca82f_74e1f3f41374ba181468248d_0000000028001,2,81.66354,43.02078
5da138754db8ce0c98bca82f_74e1f3f41374ba181468248d_0000000035006,2,76.14341999999999,48.231724
5da138754db8ce0c98bca82f_74e1f3f41374ba181468248d_0000000043516,2,76.14341999999999,48.231724
5da138754db8ce0c98bca82f_74e1f3f41374ba181468248d_0000000056111,2,69.01307,54.53173
5da138754db8ce0c98bca82f_74e1f3f41374ba181468248d_0000000062835,2,69.01307,54.53173
5da138754db8ce0c98bca82f_74e1f3f41374ba181468248d_0000000077499,2,72.8235,57.19992
5da138754db8ce0c98bca82f_74e1f3f41374ba181468248d_0000000087615,2,69.01307,54.53173
5da138754db8ce0c98bca82f_74e1f3f41374ba181468248d_0000000100468,2,76.14341999999999,48.231724
5da138754db8ce0c98bca82f_82683559aebe665bb0eebe8e_0000000000009,3,206.54234,55.50265
5da138754db8ce0c98bca82f_82683559aebe665bb0eebe8e_0000000007151,3,196.06763,56.04206
5da138754db8ce0c98bca82f_82683559aebe665bb0eebe8e_0000000013568,3,196.40683,60.75867
5da138754db8ce0c98bca82f_82683559aebe665bb0eebe8e_0000000020300,3,190.82835,56.34535
5da138754db8ce0c98bca82f_82683559aebe665bb0eebe8e_0000000025455,3,190.82835,56.34535
5da138754db8ce0c98bca82f_82683559aebe665bb0eebe8e_0000000032567,3,196.06763,56.04206
5da138754db8ce0c98bca82f_82683559aebe665bb0eebe8e_0000000042374,3,191.74713,63.59927
5da138754db8ce0c98bca82f_82683559aebe665bb0eebe8e_0000000050129,3,201.27104,63.4933
5da138754db8ce0c98bca82f_82683559aebe665bb0eebe8e_0000000056809,3,196.06763,56.04206
5da138754db8ce0c98bca82f_82683559aebe665bb0eebe8e_0000000065288,3,200.12018,50.237423
5da138754db8ce0c98bca82f_82683559aebe665bb0eebe8e_0000000074972,3,192.45453,45.405422
5da138754db8ce0c98bca82f_82683559aebe665bb0eebe8e_0000000082541,3,189.05469,42.12752
5da138754db8ce0c98bca82f_82683559aebe665bb0eebe8e_0000000091164,3,179.1111,37.63131
5da138754db8ce0c98bca82f_82683559aebe665bb0eebe8e_0000000100642,3,167.89014,31.00691
5da138754db8ce0c98bca82f_82683559aebe665bb0eebe8e_0000000111128,3,165.94186000000002,36.623035
5da138754db8ce0c98bca82f_82683559aebe665bb0eebe8e_0000000119192,3,168.5565,34.705162
5da138754db8ce0c98bca82f_82683559aebe665bb0eebe8e_0000000125054,3,173.8279,38.204395
5da138754db8ce0c98bca82f_82683559aebe665bb0eebe8e_0000000129861,3,173.8279,38.204395
5da138754db8ce0c98bca82f_852fb29bb4996d022496edcc_0000000000011,1,234.70728,45.863804
5da138754db8ce0c98bca82f_852fb29bb4996d022496edcc_0000000006648,1,226.0,44.5
5da138754db8ce0c98bca82f_852fb29bb4996d022496edcc_0000000013249,1,226.0,44.5
5da138754db8ce0c98bca82f_852fb29bb4996d022496edcc_0000000022240,1,226.0,44.5
5da138754db8ce0c98bca82f_852fb29bb4996d022496edcc_0000000029200,1,222.0,44.5
5da138754db8ce0c98bca82f_852fb29bb4996d022496edcc_0000000037954,1,222.0,44.5
5da138754db8ce0c98bca82f_852fb29bb4996d022496edcc_0000000045480,1,214.5,46.0
5da138754db8ce0c98bca82f_852fb29bb4996d022496edcc_0000000067210,1,209.45482,49.49427
5da138754db8ce0c98bca82f_852fb29bb4996d022496edcc_0000000076175,1,203.24034,48.345173
5da138754db8ce0c98bca82f_852fb29bb4996d022496edcc_0000000089116,1,207.00006,47.74309
5da138754db8ce0c98bca82f_852fb29bb4996d022496edcc_0000000097787,1,214.5,46.0
5da138754db8ce0c98bca82f_852fb29bb4996d022496edcc_0000000104954,1,220.5,40.5
5da138754db8ce0c98bca82f_852fb29bb4996d022496edcc_0000000113047,1,222.0,44.5
5da138754db8ce0c98bca82f_852fb29bb4996d022496edcc_0000000122339,1,226.0,44.5
5da138754db8ce0c98bca82f_852fb29bb4996d022496edcc_0000000128887,1,234.70728,45.863804
5da138754db8ce0c98bca82f_852fb29bb4996d022496edcc_0000000140910,1,234.70728,45.863804
5da138754db8ce0c98bca82f_852fb29bb4996d022496edcc_0000000150607,1,231.26843,42.469612
5da138754db8ce0c98bca82f_852fb29bb4996d022496edcc_0000000172169,1,234.70728,45.863804
5da138754db8ce0c98bca82f_852fb29bb4996d022496edcc_0000000185552,1,226.0,44.5
5da138754db8ce0c98bca82f_852fb29bb4996d022496edcc_0000000201753,1,226.0,44.5
5da138754db8ce0c98bca82f_852fb29bb4996d022496edcc_0000000216100,1,222.0,44.5
5da138754db8ce0c98bca82f_852fb29bb4996d022496edcc_0000000227846,1,222.0,44.5
5da138754db8ce0c98bca82f_852fb29bb4996d022496edcc_0000000237984,1,222.0,44.5
5da138754db8ce0c98bca82f_852fb29bb4996d022496edcc_0000000249328,1,220.5,40.5
5da138754db8ce0c98bca82f_852fb29bb4996d022496edcc_0000000259193,1,214.5,46.0
5da138754db8ce0c98bca82f_852fb29bb4996d022496edcc_0000000265862,1,214.5,46.0
5da138754db8ce0c98bca82f_852fb29bb4996d022496edcc_0000000277017,1,209.45482,49.49427
5da138754db8ce0c98bca82f_852fb29bb4996d022496edcc_0000000286974,1,207.00006,47.74309
5da138754db8ce0c98bca82f_852fb29bb4996d022496edcc_0000000298349,1,207.60332,54.1407
5da138754db8ce0c98bca82f_852fb29bb4996d022496edcc_0000000305375,1,210.0441,56.116886
5da138754db8ce0c98bca82f_852fb29bb4996d022496edcc_0000000316346,1,208.20026,57.779266
5da138754db8ce0c98bca82f_852fb29bb4996d022496edcc_0000000329640,1,202.20332,63.662780000000005
5da138754db8ce0c98bca82f_852fb29bb4996d022496edcc_0000000346446,1,202.20332,63.662780000000005
5da138754db8ce0c98bca82f_85a41fe1d8c529c033810499_0000000000009,0,223.70282000000003,61.178837
5da138754db8ce0c98bca82f_85a41fe1d8c529c033810499_0000000011122,0,215.6736,69.53675
5da138754db8ce0c98bca82f_85a41fe1d8c529c033810499_0000000021189,0,211.35387000000003,70.27767
5da138754db8ce0c98bca82f_85a41fe1d8c529c033810499_0000000027849,0,211.35387000000003,70.27767
5da138754db8ce0c98bca82f_85a41fe1d8c529c033810499_0000000040210,0,215.6736,69.53675
5da138754db8ce0c98bca82f_85a41fe1d8c529c033810499_0000000046892,0,223.70282000000003,61.178837
5da138754db8ce0c98bca82f_85a41fe1d8c529c033810499_0000000057786,0,222.40524,69.02596
5da138754db8ce0c98bca82f_85a41fe1d8c529c033810499_0000000067992,0,215.6736,69.53675
5da138754db8ce0c98bca82f_85a41fe1d8c529c033810499_0000000077104,0,215.6736,69.53675
5da138754db8ce0c98bca82f_89f92d1370b844b8e7644ee8_0000000000009,3,168.5565,34.705162
5da138754db8ce0c98bca82f_89f92d1370b844b8e7644ee8_0000000005541,3,165.94186000000002,36.623035
5da138754db8ce0c98bca82f_89f92d1370b844b8e7644ee8_0000000012442,3,164.68916000000002,43.585327
5da138754db8ce0c98bca82f_89f92d1370b844b8e7644ee8_0000000021313,3,173.8279,38.204395
5da138754db8ce0c98bca82f_89f92d1370b844b8e7644ee8_0000000031643,3,168.5565,34.705162
5da138754db8ce0c98bca82f_89f92d1370b844b8e7644ee8_0000000041369,3,173.8279,38.204395
5da138754db8ce0c98bca82f_89f92d1370b844b8e7644ee8_0000000051304,3,173.34785,46.731148
5da138754db8ce0c98bca82f_89f92d1370b844b8e7644ee8_0000000060632,3,164.68916000000002,43.585327
5da138754db8ce0c98bca82f_89f92d1370b844b8e7644ee8_0000000074777,3,173.8279,38.204395
5da138754db8ce0c98bca82f_89f92d1370b844b8e7644ee8_0000000086873,3,168.5565,34.705162
5da138754db8ce0c98bca82f_8febc00382b315a208c3d9eb_0000000000007,0,78.569016,48.747440000000005
5da138754db8ce0c98bca82f_8febc00382b315a208c3d9eb_0000000003989,0,78.569016,48.747440000000005
5da138754db8ce0c98bca82f_8febc00382b315a208c3d9eb_0000000009157,0,78.569016,48.747440000000005
5da138754db8ce0c98bca82f_8febc00382b315a208c3d9eb_0000000018620,0,74.83600600000001,46.785934000000005
5da138754db8ce0c98bca82f_8febc00382b315a208c3d9eb_0000000025382,0,69.27415500000001,44.689445
5da138754db8ce0c98bca82f_8febc00382b315a208c3d9eb_0000000033345,0,69.27415500000001,44.689445
5da138754db8ce0c98bca82f_8febc00382b315a208c3d9eb_0000000044385,0,59.362347,41.002502
5da138754db8ce0c98bca82f_8febc00382b315a208c3d9eb_0000000052417,0,59.362347,41.002502
5da138754db8ce0c98bca82f_8febc00382b315a208c3d9eb_0000000064081,0,59.362347,41.002502
5da138754db8ce0c98bca82f_8febc00382b315a208c3d9eb_0000000078777,0,63.0,47.5
5da138754db8ce0c98bca82f_8febc00382b315a208c3d9eb_0000000093887,0,68.37575,40.566338
5da138754db8ce0c98bca82f_8febc00382b315a208c3d9eb_0000000108020,0,68.37575,40.566338
5da138754db8ce0c98bca82f_8febc00382b315a208c3d9eb_0000000120236,0,69.27415500000001,44.689445
5da138754db8ce0c98bca82f_8febc00382b315a208c3d9eb_0000000139403,0,74.83600600000001,46.785934000000005
5da138754db8ce0c98bca82f_8febc00382b315a208c3d9eb_0000000154000,0,69.27415500000001,44.689445
5da138754db8ce0c98bca82f_8febc00382b315a208c3d9eb_0000000169488,0,78.569016,48.747440000000005
5da138754db8ce0c98bca82f_8febc00382b315a208c3d9eb_0000000182225,0,74.83600600000001,46.785934000000005
5da138754db8ce0c98bca82f_8febc00382b315a208c3d9eb_0000000198569,0,82.49183000000001,52.82808000000001
5da138754db8ce0c98bca82f_8febc00382b315a208c3d9eb_0000000210811,0,77.0,54.0
5da138754db8ce0c98bca82f_8febc00382b315a208c3d9eb_0000000223434,0,81.517494,54.83546
5da138754db8ce0c98bca82f_9d89ba9627651adaa7fbf78f_0000000000011,1,232.21045,80.29299
5da138754db8ce0c98bca82f_9d89ba9627651adaa7fbf78f_0000000007759,1,233.11186,82.53272
5da138754db8ce0c98bca82f_9d89ba9627651adaa7fbf78f_0000000019844,1,240.41722,91.42218
5da138754db8ce0c98bca82f_9d89ba9627651adaa7fbf78f_0000000026369,1,240.30539,97.362366
5da138754db8ce0c98bca82f_9d89ba9627651adaa7fbf78f_0000000040333,1,240.41722,91.42218
5da138754db8ce0c98bca82f_9d89ba9627651adaa7fbf78f_0000000049990,1,236.43178,87.23302
5da138754db8ce0c98bca82f_9d89ba9627651adaa7fbf78f_0000000060590,1,233.11186,82.53272
5da138754db8ce0c98bca82f_9d89ba9627651adaa7fbf78f_0000000066870,1,232.21045,80.29299
5da138754db8ce0c98bca82f_aa3bb82db66286095d941035_0000000000009,0,152.57298,17.872965
5da138754db8ce0c98bca82f_aa3bb82db66286095d941035_0000000005398,0,151.74525,27.969843
5da138754db8ce0c98bca82f_aa3bb82db66286095d941035_0000000019122,0,152.18149,34.031754
5da138754db8ce0c98bca82f_aa3bb82db66286095d941035_0000000028112,0,152.18149,34.031754
5da138754db8ce0c98bca82f_aa3bb82db66286095d941035_0000000035272,0,154.34015,44.57482
5da138754db8ce0c98bca82f_aa3bb82db66286095d941035_0000000052199,0,154.34015,44.57482
5da138754db8ce0c98bca82f_aa3bb82db66286095d941035_0000000063369,0,154.34015,44.57482
5da138754db8ce0c98bca82f_aa3bb82db66286095d941035_0000000073937,0,154.34015,44.57482
5da138754db8ce0c98bca82f_aa3bb82db66286095d941035_0000000085705,0,154.34015,44.57482
5da138754db8ce0c98bca82f_aa3bb82db66286095d941035_0000000108579,0,143.06532,43.83664
5da138754db8ce0c98bca82f_aa3bb82db66286095d941035_0000000130532,0,146.34795,49.165516
5da138754db8ce0c98bca82f_aa3bb82db66286095d941035_0000000142185,0,154.34015,44.57482
5da138754db8ce0c98bca82f_aa3bb82db66286095d941035_0000000156349,0,154.34015,44.57482
5da138754db8ce0c98bca82f_aa3bb82db66286095d941035_0000000176324,0,143.06532,43.83664
5da138754db8ce0c98bca82f_aa3bb82db66286095d941035_0000000187334,0,140.27019,38.054165000000005
5da138754db8ce0c98bca82f_aa3bb82db66286095d941035_0000000196907,0,140.27019,38.054165000000005
5da138754db8ce0c98bca82f_aa3bb82db66286095d941035_0000000208236,0,143.18149,35.018482
5da138754db8ce0c98bca82f_aa3bb82db66286095d941035_0000000215501,0,142.50652,28.88102
5da138754db8ce0c98bca82f_aa3bb82db66286095d941035_0000000224235,0,151.74525,27.969843
5da138754db8ce0c98bca82f_aa3bb82db66286095d941035_0000000233314,0,152.57298,17.872965
5da138754db8ce0c98bca82f_aa3bb82db66286095d941035_0000000243100,0,151.74525,27.969843
5da138754db8ce0c98bca82f_aa3bb82db66286095d941035_0000000250907,0,151.74525,27.969843
5da138754db8ce0c98bca82f_aa3bb82db66286095d941035_0000000259843,0,151.74525,27.969843
5da138754db8ce0c98bca82f_aa3bb82db66286095d941035_0000000274879,0,152.18149,34.031754
5da138754db8ce0c98bca82f_aa3bb82db66286095d941035_0000000291148,0,151.74525,27.969843
5da138754db8ce0c98bca82f_aa3bb82db66286095d941035_0000000310761,0,143.18149,35.018482
5da138754db8ce0c98bca82f_aa3bb82db66286095d941035_0000000334137,0,152.18149,34.031754
5da138754db8ce0c98bca82f_aa3bb82db66286095d941035_0000000349837,0,142.50652,28.88102
5da138754db8ce0c98bca82f_aa3bb82db66286095d941035_0000000370899,0,143.18149,35.018482
5da138754db8ce0c98bca82f_aa3bb82db66286095d941035_0000000387689,0,151.74525,27.969843
5da138754db8ce0c98bca82f_aa3bb82db66286095d941035_0000000406804,0,143.18149,35.018482
5da138754db8ce0c98bca82f_aa3bb82db66286095d941035_0000000425493,0,152.18149,34.031754
5da138754db8ce0c98bca82f_aa3bb82db66286095d941035_0000000445550,0,143.06532,43.83664
5da138754db8ce0c98bca82f_aa3bb82db66286095d941035_0000000463366,0,154.34015,44.57482
5da138754db8ce0c98bca82f_aa3bb82db66286095d941035_0000000488346,0,146.34795,49.165516
5da138754db8ce0c98bca82f_afd41e65cb00646768654b9c_0000000000010,0,198.62772,57.127724
5da138754db8ce0c98bca82f_afd41e65cb00646768654b9c_0000000004367,0,197.10571,56.15118399999999
5da138754db8ce0c98bca82f_afd41e65cb00646768654b9c_0000000012462,0,193.03827,53.044075
5da138754db8ce0c98bca82f_afd41e65cb00646768654b9c_0000000018991,0,190.2166,51.335182
5da138754db8ce0c98bca82f_afd41e65cb00646768654b9c_0000000027244,0,188.27992,47.22968
5da138754db8ce0c98bca82f_afd41e65cb00646768654b9c_0000000040783,0,182.36902,41.627790000000005
5da138754db8ce0c98bca82f_afd41e65cb00646768654b9c_0000000056422,0,171.65118,38.498676
5da138754db8ce0c98bca82f_afd41e65cb00646768654b9c_0000000065611,0,164.34985,37.045315
5da138754db8ce0c98bca82f_afd41e65cb00646768654b9c_0000000096831,0,163.56828000000002,39.43707
5da138754db8ce0c98bca82f_afd41e65cb00646768654b9c_0000000106789,0,167.71,41.72488
5da138754db8ce0c98bca82f_afd41e65cb00646768654b9c_0000000117544,0,179.90187,44.751663
5da138754db8ce0c98bca82f_afd41e65cb00646768654b9c_0000000131606,0,186.82274,49.35168
5da138754db8ce0c98bca82f_afd41e65cb00646768654b9c_0000000143016,0,193.03827,53.044075
5da138754db8ce0c98bca82f_afd41e65cb00646768654b9c_0000000157314,0,198.62772,57.127724
5da138754db8ce0c98bca82f_afd41e65cb00646768654b9c_0000000172811,0,205.042,64.80275
5da138754db8ce0c98bca82f_afd41e65cb00646768654b9c_0000000190004,0,207.6644,59.607890000000005
5da138754db8ce0c98bca82f_afd41e65cb00646768654b9c_0000000203216,0,204.92923,62.801956
5da138754db8ce0c98bca82f_afd41e65cb00646768654b9c_0000000221051,0,201.02354,54.4065
5da138754db8ce0c98bca82f_afd41e65cb00646768654b9c_0000000229303,0,197.10571,56.15118399999999
5da138754db8ce0c98bca82f_afd41e65cb00646768654b9c_0000000242507,0,194.26505,50.505928
5da138754db8ce0c98bca82f_afd41e65cb00646768654b9c_0000000252066,0,191.36632,48.757854
5da138754db8ce0c98bca82f_afd41e65cb00646768654b9c_0000000268013,0,191.36632,48.757854
5da138754db8ce0c98bca82f_afd41e65cb00646768654b9c_0000000277666,0,189.58452,45.244358
5da138754db8ce0c98bca82f_afd41e65cb00646768654b9c_0000000288744,0,179.90187,44.751663
5da138754db8ce0c98bca82f_afd41e65cb00646768654b9c_0000000297676,0,182.36902,41.627790000000005
5da138754db8ce0c98bca82f_afd41e65cb00646768654b9c_0000000310134,0,180.54031,42.141857
5da138754db8ce0c98bca82f_afd41e65cb00646768654b9c_0000000320417,0,174.33588,39.843582
5da138754db8ce0c98bca82f_afd41e65cb00646768654b9c_0000000330193,0,168.54501000000002,38.67053
5da138754db8ce0c98bca82f_c26b88f19f04117b7e4dd747_0000000000007,1,202.20332,63.662780000000005
5da138754db8ce0c98bca82f_c26b88f19f04117b7e4dd747_0000000005745,1,196.31218,62.048603
5da138754db8ce0c98bca82f_c26b88f19f04117b7e4dd747_0000000014721,1,196.57516,59.160656
5da138754db8ce0c98bca82f_c26b88f19f04117b7e4dd747_0000000026696,1,196.31218,62.048603
5da138754db8ce0c98bca82f_c26b88f19f04117b7e4dd747_0000000034486,1,191.82408,58.991627
5da138754db8ce0c98bca82f_c26b88f19f04117b7e4dd747_0000000046092,1,191.05194,55.31179399999999
5da138754db8ce0c98bca82f_c26b88f19f04117b7e4dd747_0000000057010,1,186.20555,52.464832
5da138754db8ce0c98bca82f_c26b88f19f04117b7e4dd747_0000000064384,1,180.78275,50.011017
5da138754db8ce0c98bca82f_c26b88f19f04117b7e4dd747_0000000075834,1,172.18124,48.866848
5da138754db8ce0c98bca82f_c26b88f19f04117b7e4dd747_0000000085563,1,168.2365,45.76559
5da138754db8ce0c98bca82f_c26b88f19f04117b7e4dd747_0000000092432,1,158.28611999999998,43.86692
5da138754db8ce0c98bca82f_c26b88f19f04117b7e4dd747_0000000101130,1,158.28611999999998,43.86692
5da138754db8ce0c98bca82f_c26b88f19f04117b7e4dd747_0000000118306,1,148.73152,43.64079
5da138754db8ce0c98bca82f_c26b88f19f04117b7e4dd747_0000000125019,1,144.8117,43.438026
5da138754db8ce0c98bca82f_c26b88f19f04117b7e4dd747_0000000134397,1,138.44893000000002,43.954014
5da138754db8ce0c98bca82f_c26b88f19f04117b7e4dd747_0000000142202,1,133.52135,44.652924
5da138754db8ce0c98bca82f_c26b88f19f04117b7e4dd747_0000000148309,1,129.56157,45.53255
5da138754db8ce0c98bca82f_cd7cbeadf3cd476110f10c14_0000000000006,2,188.13103,42.787945
5da138754db8ce0c98bca82f_cd7cbeadf3cd476110f10c14_0000000008781,2,177.75058,46.74196
5da138754db8ce0c98bca82f_cd7cbeadf3cd476110f10c14_0000000018522,2,177.75058,46.74196
5da138754db8ce0c98bca82f_cd7cbeadf3cd476110f10c14_0000000029994,2,167.25906,46.415012
5da138754db8ce0c98bca82f_cd7cbeadf3cd476110f10c14_0000000038010,2,164.87582,41.514107
5da138754db8ce0c98bca82f_cd7cbeadf3cd476110f10c14_0000000049405,2,157.11063,44.667923
5da138754db8ce0c98bca82f_cd7cbeadf3cd476110f10c14_0000000057606,2,152.04005,41.54867
5da138754db8ce0c98bca82f_cd7cbeadf3cd476110f10c14_0000000066335,2,145.0624,41.69206
5da138754db8ce0c98bca82f_cd7cbeadf3cd476110f10c14_0000000072576,2,144.14498999999998,36.098118
5da138754db8ce0c98bca82f_cd7cbeadf3cd476110f10c14_0000000079590,2,141.6442,35.625370000000004
5da138754db8ce0c98bca82f_cd7cbeadf3cd476110f10c14_0000000088435,2,136.19748,42.26276
5da138754db8ce0c98bca82f_cd7cbeadf3cd476110f10c14_0000000101576,2,136.19748,42.26276
5da138754db8ce0c98bca82f_cd7cbeadf3cd476110f10c14_0000000112392,2,128.61879,47.158318
5da138754db8ce0c98bca82f_cd7cbeadf3cd476110f10c14_0000000120201,2,128.41644,38.621098
5da138754db8ce0c98bca82f_cd7cbeadf3cd476110f10c14_0000000131295,2,119.4957,45.21857
5da138754db8ce0c98bca82f_cd7cbeadf3cd476110f10c14_0000000140808,2,117.683655,42.172268
5da138754db8ce0c98bca82f_cd7cbeadf3cd476110f10c14_0000000152052,2,128.61879,47.158318
5da138754db8ce0c98bca82f_cd7cbeadf3cd476110f10c14_0000000168432,2,136.19748,42.26276
5da138754db8ce0c98bca82f_eb50a89699cb96502bcbb033_0000000000015,0,77.0,54.0
5da138754db8ce0c98bca82f_eb50a89699cb96502bcbb033_0000000010208,0,86.53947,57.522182
5da138754db8ce0c98bca82f_eb50a89699cb96502bcbb033_0000000025549,0,82.49183000000001,52.82808000000001
5da138754db8ce0c98bca82f_eb50a89699cb96502bcbb033_0000000039438,0,86.53947,57.522182
5da138754db8ce0c98bca82f_eb50a89699cb96502bcbb033_0000000056291,0,95.78101,61.163654
5da138754db8ce0c98bca82f_eb50a89699cb96502bcbb033_0000000067078,0,95.78101,61.163654
5da138754db8ce0c98bca82f_eb50a89699cb96502bcbb033_0000000080016,0,104.3464,59.163166
5da138754db8ce0c98bca82f_f95509fd9560e94d6b4d9b2d_0000000000009,0,237.06218,98.517456
5da138754db8ce0c98bca82f_f95509fd9560e94d6b4d9b2d_0000000006976,0,239.90453,97.94599
5da138754db8ce0c98bca82f_f95509fd9560e94d6b4d9b2d_0000000012076,0,244.69603,95.12714
5da138754db8ce0c98bca82f_f95509fd9560e94d6b4d9b2d_0000000018099,0,248.47215,94.64791
5da138754db8ce0c98bca82f_f95509fd9560e94d6b4d9b2d_0000000023997,0,251.09233,92.22231
5da138754db8ce0c98bca82f_f95509fd9560e94d6b4d9b2d_0000000032074,0,253.85999,91.56091
5da138754db8ce0c98bca82f_f95509fd9560e94d6b4d9b2d_0000000042908,0,256.7731,89.02842
5da138754db8ce0c98bca82f_f95509fd9560e94d6b4d9b2d_0000000052331,0,262.3717,86.10336
5da138754db8ce0c98bca82f_f95509fd9560e94d6b4d9b2d_0000000059306,0,264.39505,79.693634
5da138754db8ce0c98bca82f_f95509fd9560e94d6b4d9b2d_0000000073330,0,274.12894,80.45055
5da138754db8ce0c98bca82f_f95509fd9560e94d6b4d9b2d_0000000088391,0,264.39505,79.693634
5da138754db8ce0c98bca82f_f95509fd9560e94d6b4d9b2d_0000000100554,0,264.39505,79.693634
5da138754db8ce0c98bca82f_f95509fd9560e94d6b4d9b2d_0000000116622,0,270.36108,65.86451
5da138754db8ce0c98bca82f_f95509fd9560e94d6b4d9b2d_0000000128473,0,268.03867,71.93056
5da138764db8ce0c98bcaa46_030b3d94de8acae7c936563d_0000000000016,1,39.206707,162.69598
5da138764db8ce0c98bcaa46_030b3d94de8acae7c936563d_0000000003102,1,39.206707,162.69598
5da138764db8ce0c98bcaa46_030b3d94de8acae7c936563d_0000000008697,1,42.707947,156.81473
5da138764db8ce0c98bcaa46_030b3d94de8acae7c936563d_0000000012528,1,40.127872,156.5814
5da138764db8ce0c98bcaa46_030b3d94de8acae7c936563d_0000000017511,1,39.269726,153.16295
5da138764db8ce0c98bcaa46_030b3d94de8acae7c936563d_0000000022093,1,39.269726,153.16295
5da138764db8ce0c98bcaa46_030b3d94de8acae7c936563d_0000000025607,1,39.269726,153.16295
5da138764db8ce0c98bcaa46_030b3d94de8acae7c936563d_0000000031660,1,40.127872,156.5814
5da138764db8ce0c98bcaa46_030b3d94de8acae7c936563d_0000000035284,1,37.933033,159.98167
5da138764db8ce0c98bcaa46_030b3d94de8acae7c936563d_0000000038736,1,36.51927,164.11497
5da138764db8ce0c98bcaa46_030b3d94de8acae7c936563d_0000000060368,1,37.933033,159.98167
5da138764db8ce0c98bcaa46_030b3d94de8acae7c936563d_0000000064482,1,40.127872,156.5814
5da138764db8ce0c98bcaa46_030b3d94de8acae7c936563d_0000000070693,1,39.269726,153.16295
5da138764db8ce0c98bcaa46_030b3d94de8acae7c936563d_0000000074260,1,39.269726,153.16295
5da138764db8ce0c98bcaa46_030b3d94de8acae7c936563d_0000000078881,1,37.94398,145.9644
5da138764db8ce0c98bcaa46_030b3d94de8acae7c936563d_0000000082260,1,37.94398,145.9644
5da138764db8ce0c98bcaa46_0ab1b38a35a76b0e5bf2ca8d_0000000000018,-1,36.56446,128.98712
5da138764db8ce0c98bcaa46_0ab1b38a35a76b0e5bf2ca8d_0000000004860,-1,35.543606,134.97781
5da138764db8ce0c98bcaa46_0ab1b38a35a76b0e5bf2ca8d_0000000011799,-1,36.56446,128.98712
5da138764db8ce0c98bcaa46_0ab1b38a35a76b0e5bf2ca8d_0000000014097,-1,36.56446,128.98712
5da138764db8ce0c98bcaa46_0ab1b38a35a76b0e5bf2ca8d_0000000022536,-1,28.547567,122.527954
5da138764db8ce0c98bcaa46_0ab1b38a35a76b0e5bf2ca8d_0000000025480,-1,28.547567,122.527954
5da138764db8ce0c98bcaa46_0ab1b38a35a76b0e5bf2ca8d_0000000032963,-1,17.647488,126.25732
5da138764db8ce0c98bcaa46_0ab1b38a35a76b0e5bf2ca8d_0000000035263,-1,17.647488,126.25732
5da138764db8ce0c98bcaa46_0ab1b38a35a76b0e5bf2ca8d_0000000038306,-1,17.647488,126.25732
5da138764db8ce0c98bcaa46_0ab1b38a35a76b0e5bf2ca8d_0000000045000,-1,17.784098,122.04891
5da138764db8ce0c98bcaa46_0ab1b38a35a76b0e5bf2ca8d_0000000051626,-1,16.524866,120.18394
5da138764db8ce0c98bcaa46_0ab1b38a35a76b0e5bf2ca8d_0000000058079,-1,15.097682,124.51526
5da138764db8ce0c98bcaa46_0ab1b38a35a76b0e5bf2ca8d_0000000062705,-1,13.573372,128.53755
5da138764db8ce0c98bcaa46_0ab1b38a35a76b0e5bf2ca8d_0000000072066,-1,16.463028,134.04495
5da138764db8ce0c98bcaa46_0ab1b38a35a76b0e5bf2ca8d_0000000077801,-1,17.216616000000002,136.03499
5da138764db8ce0c98bcaa46_0b6e7a34b2a1b99280b5d3ca_0000000000014,2,121.76542,112.91906000000002
5da138764db8ce0c98bcaa46_0b6e7a34b2a1b99280b5d3ca_0000000004333,2,118.90211,115.348366
5da138764db8ce0c98bcaa46_0b6e7a34b2a1b99280b5d3ca_0000000012335,2,110.05346000000002,112.01402
5da138764db8ce0c98bcaa46_0b6e7a34b2a1b99280b5d3ca_0000000016463,2,104.25874,113.11558
5da138764db8ce0c98bcaa46_0b6e7a34b2a1b99280b5d3ca_0000000023053,2,100.717445,111.88734
5da138764db8ce0c98bcaa46_0b6e7a34b2a1b99280b5d3ca_0000000030203,2,100.717445,111.88734
5da138764db8ce0c98bcaa46_0b6e7a34b2a1b99280b5d3ca_0000000040036,2,104.25874,113.11558
5da138764db8ce0c98bcaa46_0b6e7a34b2a1b99280b5d3ca_0000000047672,2,114.63973,114.08883
5da138764db8ce0c98bcaa46_0b6e7a34b2a1b99280b5d3ca_0000000057513,2,122.679,117.18708
5da138764db8ce0c98bcaa46_0dbf956c380feddc590348e0_0000000000008,0,108.14997,95.0837
5da138764db8ce0c98bcaa46_0dbf956c380feddc590348e0_0000000002949,0,101.30576,97.22078
5da138764db8ce0c98bcaa46_0dbf956c380feddc590348e0_0000000009462,0,94.20151,101.11469
5da138764db8ce0c98bcaa46_0dbf956c380feddc590348e0_0000000013980,0,91.11185,104.75236
5da138764db8ce0c98bcaa46_0dbf956c380feddc590348e0_0000000022977,0,82.48517,113.38427
5da138764db8ce0c98bcaa46_0dbf956c380feddc590348e0_0000000029025,0,75.15063,114.100945
5da138764db8ce0c98bcaa46_0dbf956c380feddc590348e0_0000000036023,0,66.27666500000001,116.77691000000002
5da138764db8ce0c98bcaa46_0dbf956c380feddc590348e0_0000000038072,0,63.38595,113.70156
5da138764db8ce0c98bcaa46_0dbf956c380feddc590348e0_0000000043037,0,60.678867,113.719894
5da138764db8ce0c98bcaa46_0dbf956c380feddc590348e0_0000000048977,0,61.16060600000001,108.26513
5da138764db8ce0c98bcaa46_0dbf956c380feddc590348e0_0000000057843,0,61.16060600000001,108.26513
5da138764db8ce0c98bcaa46_0dbf956c380feddc590348e0_0000000064408,0,61.63779399999999,100.22645
5da138764db8ce0c98bcaa46_0dbf956c380feddc590348e0_0000000069087,0,61.394733,94.023026
5da138764db8ce0c98bcaa46_0dbf956c380feddc590348e0_0000000077050,0,61.734283,84.92064
5da138764db8ce0c98bcaa46_0dbf956c380feddc590348e0_0000000082275,0,59.66873,84.81866
5da138764db8ce0c98bcaa46_0dbf956c380feddc590348e0_0000000086131,0,57.309,84.47449
5da138764db8ce0c98bcaa46_0dbf956c380feddc590348e0_0000000096221,0,58.968697,94.28487
5da138764db8ce0c98bcaa46_0dbf956c380feddc590348e0_0000000099948,0,61.394733,94.023026
5da138764db8ce0c98bcaa46_0dbf956c380feddc590348e0_0000000102244,0,65.377045,93.934975
5da138764db8ce0c98bcaa46_0dbf956c380feddc590348e0_0000000106307,0,67.71895,94.33442
5da138764db8ce0c98bcaa46_0dbf956c380feddc590348e0_0000000112595,0,71.5545,94.40041
5da138764db8ce0c98bcaa46_1c99e4c566466c0d82fc2d6c_0000000000009,2,98.20882,91.233505
5da138764db8ce0c98bcaa46_1c99e4c566466c0d82fc2d6c_0000000003166,2,101.47528,89.56931
5da138764db8ce0c98bcaa46_1c99e4c566466c0d82fc2d6c_0000000007824,2,97.86117,87.44008000000001
5da138764db8ce0c98bcaa46_1c99e4c566466c0d82fc2d6c_0000000013186,2,98.19536,81.12655
5da138764db8ce0c98bcaa46_1c99e4c566466c0d82fc2d6c_0000000015641,2,100.43055,79.104164
5da138764db8ce0c98bcaa46_1c99e4c566466c0d82fc2d6c_0000000017799,2,99.769104,77.34231
5da138764db8ce0c98bcaa46_1c99e4c566466c0d82fc2d6c_0000000030013,2,98.69098,72.325645
5da138764db8ce0c98bcaa46_1c99e4c566466c0d82fc2d6c_0000000034035,2,100.803246,67.179245
5da138764db8ce0c98bcaa46_1c99e4c566466c0d82fc2d6c_0000000036243,2,99.203224,64.34787
5da138764db8ce0c98bcaa46_1c99e4c566466c0d82fc2d6c_0000000039816,2,99.52303,59.691704
5da138764db8ce0c98bcaa46_1c99e4c566466c0d82fc2d6c_0000000051700,2,99.82361,54.498077
5da138764db8ce0c98bcaa46_1c99e4c566466c0d82fc2d6c_0000000060072,2,91.204475,54.061676
5da138764db8ce0c98bcaa46_1c99e4c566466c0d82fc2d6c_0000000066511,2,83.19775,53.548843000000005
5da138764db8ce0c98bcaa46_2148b02cde5342187216fa75_0000000000015,1,100.938255,89.83766
5da138764db8ce0c98bcaa46_2148b02cde5342187216fa75_0000000006602,1,99.81754,81.92005999999999
5da138764db8ce0c98bcaa46_2148b02cde5342187216fa75_0000000012875,1,101.205536,77.01611
5da138764db8ce0c98bcaa46_2148b02cde5342187216fa75_0000000020427,1,100.16142,72.64228
5da138764db8ce0c98bcaa46_2148b02cde5342187216fa75_0000000027748,1,101.73879,68.38005
5da138764db8ce0c98bcaa46_2148b02cde5342187216fa75_0000000031857,1,100.87173,63.81247
5da138764db8ce0c98bcaa46_2148b02cde5342187216fa75_0000000037719,1,101.41798,58.32043
5da138764db8ce0c98bcaa46_2148b02cde5342187216fa75_0000000042945,1,103.57813,54.641415
5da138764db8ce0c98bcaa46_2148b02cde5342187216fa75_0000000054765,1,104.27771,46.8577
5da138764db8ce0c98bcaa46_2148b02cde5342187216fa75_0000000064699,1,101.989204,42.006023
5da138764db8ce0c98bcaa46_2148b02cde5342187216fa75_0000000071337,1,105.66249,36.868256
5da138764db8ce0c98bcaa46_291ca2c9bd7d29242b483157_0000000000018,0,30.509079,103.37574
5da138764db8ce0c98bcaa46_291ca2c9bd7d29242b483157_0000000007561,0,40.562940000000005,106.70367
5da138764db8ce0c98bcaa46_291ca2c9bd7d29242b483157_0000000015988,0,50.10837,108.480286
5da138764db8ce0c98bcaa46_291ca2c9bd7d29242b483157_0000000022112,0,57.238216,109.548935
5da138764db8ce0c98bcaa46_291ca2c9bd7d29242b483157_0000000027629,0,52.912914,107.18569
5da138764db8ce0c98bcaa46_291ca2c9bd7d29242b483157_0000000035790,0,50.10837,108.480286
5da138764db8ce0c98bcaa46_291ca2c9bd7d29242b483157_0000000041247,0,40.562940000000005,106.70367
5da138764db8ce0c98bcaa46_291ca2c9bd7d29242b483157_0000000047883,0,33.653675,108.08463
5da138764db8ce0c98bcaa46_291ca2c9bd7d29242b483157_0000000052225,0,28.878534,107.49437
5da138764db8ce0c98bcaa46_291ca2c9bd7d29242b483157_0000000056740,0,25.508406,111.47763
5da138764db8ce0c98bcaa46_291ca2c9bd7d29242b483157_0000000060653,0,21.877457,114.48422
5da138764db8ce0c98bcaa46_291ca2c9bd7d29242b483157_0000000066694,0,17.752827,120.45684
5da138764db8ce0c98bcaa46_291ca2c9bd7d29242b483157_0000000071809,0,15.654479,124.74616
5da138764db8ce0c98bcaa46_291ca2c9bd7d29242b483157_0000000078335,0,17.124199,135.09724
5da138764db8ce0c98bcaa46_291ca2c9bd7d29242b483157_0000000082515,0,17.124199,135.09724
5da138764db8ce0c98bcaa46_291ca2c9bd7d29242b483157_0000000085950,0,15.408423,138.34941
5da138764db8ce0c98bcaa46_291ca2c9bd7d29242b483157_0000000088499,0,15.494189000000002,142.44366000000002
5da138764db8ce0c98bcaa46_2bb6f7e32d3191326d674809_0000000000006,0,91.66712,57.454130000000006
5da138764db8ce0c98bcaa46_2bb6f7e32d3191326d674809_0000000006150,0,101.022415,58.242146
5da138764db8ce0c98bcaa46_2bb6f7e32d3191326d674809_0000000011920,0,103.995674,58.71844
5da138764db8ce0c98bcaa46_2bb6f7e32d3191326d674809_0000000020510,0,108.63862,69.770134
5da138764db8ce0c98bcaa46_2bb6f7e32d3191326d674809_0000000026898,0,117.52001,67.168526
5da138764db8ce0c98bcaa46_2bb6f7e32d3191326d674809_0000000033146,0,124.94195,67.585144
5da138764db8ce0c98bcaa46_2bb6f7e32d3191326d674809_0000000036936,0,123.76814,69.54276999999999
5da138764db8ce0c98bcaa46_2bb6f7e32d3191326d674809_0000000039679,0,125.29917,72.00346
5da138764db8ce0c98bcaa46_2bb6f7e32d3191326d674809_0000000046788,0,118.58678,70.71043
5da138764db8ce0c98bcaa46_2bb6f7e32d3191326d674809_0000000051541,0,110.36772,73.10046
5da138764db8ce0c98bcaa46_2bb6f7e32d3191326d674809_0000000060309,0,118.58678,70.71043
5da138764db8ce0c98bcaa46_2bb6f7e32d3191326d674809_0000000067449,0,125.29917,72.00346
5da138764db8ce0c98bcaa46_2bdf91b83e265e197ac7b117_0000000000012,-1,5.823893,72.56236
5da138764db8ce0c98bcaa46_2bdf91b83e265e197ac7b117_0000000003075,-1,12.451691,73.54771
5da138764db8ce0c98bcaa46_2bdf91b83e265e197ac7b117_0000000007554,-1,14.938017000000002,76.98267
5da138764db8ce0c98bcaa46_2bdf91b83e265e197ac7b117_0000000012256,-1,14.938017000000002,76.98267
5da138764db8ce0c98bcaa46_2bdf91b83e265e197ac7b117_0000000016947,-1,19.792782,83.90544
5da138764db8ce0c98bcaa46_2bdf91b83e265e197ac7b117_0000000021879,-1,19.792782,83.90544
5da138764db8ce0c98bcaa46_2bdf91b83e265e197ac7b117_0000000027181,-1,15.956543,87.110794
5da138764db8ce0c98bcaa46_2bdf91b83e265e197ac7b117_0000000031762,-1,12.06593,90.57697
5da138764db8ce0c98bcaa46_2bdf91b83e265e197ac7b117_0000000035105,-1,10.150912,92.44884
5da138764db8ce0c98bcaa46_2bdf91b83e265e197ac7b117_0000000045426,-1,4.180838,84.78171
5da138764db8ce0c98bcaa46_2bdf91b83e265e197ac7b117_0000000051506,-1,6.8794475,80.78437
5da138764db8ce0c98bcaa46_2bdf91b83e265e197ac7b117_0000000061388,-1,7.707476,87.11583
5da138764db8ce0c98bcaa46_2bdf91b83e265e197ac7b117_0000000067178,-1,12.06593,90.57697
5da138764db8ce0c98bcaa46_2bdf91b83e265e197ac7b117_0000000076987,-1,4.180838,84.78171
5da138764db8ce0c98bcaa46_2bdf91b83e265e197ac7b117_0000000082106,-1,6.8794475,80.78437
5da138764db8ce0c98bcaa46_2bdf91b83e265e197ac7b117_0000000090537,-1,8.061043,76.42084
5da138764db8ce0c98bcaa46_2bdf91b83e265e197ac7b117_0000000096164,-1,12.451691,73.54771
5da138764db8ce0c98bcaa46_2bdf91b83e265e197ac7b117_0000000105170,-1,8.061043,76.42084
5da138764db8ce0c98bcaa46_2bdf91b83e265e197ac7b117_0000000113362,-1,14.938017000000002,76.98267
5da138764db8ce0c98bcaa46_34bb5da757c9c83b42e5ae63_0000000000008,3,6.991675,112.07108999999998
5da138764db8ce0c98bcaa46_34bb5da757c9c83b42e5ae63_0000000006289,3,12.233515,114.42404
5da138764db8ce0c98bcaa46_34bb5da757c9c83b42e5ae63_0000000010808,3,15.752784,114.89088999999998
5da138764db8ce0c98bcaa46_34bb5da757c9c83b42e5ae63_0000000014265,3,14.652904,112.31742
5da138764db8ce0c98bcaa46_34bb5da757c9c83b42e5ae63_0000000019898,3,24.040537,106.11319
5da138764db8ce0c98bcaa46_34bb5da757c9c83b42e5ae63_0000000026653,3,27.742975,105.953415
5da138764db8ce0c98bcaa46_34bb5da757c9c83b42e5ae63_0000000030002,3,29.686214,105.78036000000002
5da138764db8ce0c98bcaa46_34bb5da757c9c83b42e5ae63_0000000036910,3,32.916073,116.72469
5da138764db8ce0c98bcaa46_34bb5da757c9c83b42e5ae63_0000000043400,3,28.90127,117.50295
5da138764db8ce0c98bcaa46_34bb5da757c9c83b42e5ae63_0000000047315,3,29.692596,118.90696
5da138764db8ce0c98bcaa46_34bb5da757c9c83b42e5ae63_0000000054159,3,34.562355,119.061615
5da138764db8ce0c98bcaa46_34bb5da757c9c83b42e5ae63_0000000064633,3,29.686214,105.78036000000002
5da138764db8ce0c98bcaa46_34bb5da757c9c83b42e5ae63_0000000073703,3,28.358011,115.68253
5da138764db8ce0c98bcaa46_34bb5da757c9c83b42e5ae63_0000000079553,3,29.692596,118.90696
5da138764db8ce0c98bcaa46_34bb5da757c9c83b42e5ae63_0000000087204,3,25.389723,118.57103
5da138764db8ce0c98bcaa46_4690d48f649624bdf8a09b1b_0000000000013,0,75.15063,114.100945
5da138764db8ce0c98bcaa46_4690d48f649624bdf8a09b1b_0000000003936,0,75.15063,114.100945
5da138764db8ce0c98bcaa46_4690d48f649624bdf8a09b1b_0000000007501,0,82.48517,113.38427
5da138764db8ce0c98bcaa46_4690d48f649624bdf8a09b1b_0000000024561,0,91.11185,104.75236
5da138764db8ce0c98bcaa46_4690d48f649624bdf8a09b1b_0000000029057,0,94.20151,101.11469
5da138764db8ce0c98bcaa46_4690d48f649624bdf8a09b1b_0000000036730,0,101.30576,97.22078
5da138764db8ce0c98bcaa46_4690d48f649624bdf8a09b1b_0000000043094,0,101.30576,97.22078
5da138764db8ce0c98bcaa46_4690d48f649624bdf8a09b1b_0000000046778,0,103.44131,94.38527
5da138764db8ce0c98bcaa46_4690d48f649624bdf8a09b1b_0000000049587,0,105.21863,93.274536
5da138764db8ce0c98bcaa46_4690d48f649624bdf8a09b1b_0000000054705,0,101.89834,92.08713
5da138764db8ce0c98bcaa46_4690d48f649624bdf8a09b1b_0000000057843,0,99.78279,90.76793
5da138764db8ce0c98bcaa46_4690d48f649624bdf8a09b1b_0000000063543,0,100.806526,87.99421
5da138764db8ce0c98bcaa46_4690d48f649624bdf8a09b1b_0000000068455,0,107.74897,84.3199
5da138764db8ce0c98bcaa46_4b8d3aff14914537854587c1_0000000000010,0,39.46893,159.48862
5da138764db8ce0c98bcaa46_4b8d3aff14914537854587c1_0000000003367,0,37.841423,161.27684
5da138764db8ce0c98bcaa46_4b8d3aff14914537854587c1_0000000009775,0,30.551723,161.0601
5da138764db8ce0c98bcaa46_4b8d3aff14914537854587c1_0000000015072,0,23.453773,160.60872
5da138764db8ce0c98bcaa46_4b8d3aff14914537854587c1_0000000021582,0,14.865203,160.16412
5da138764db8ce0c98bcaa46_4b8d3aff14914537854587c1_0000000023856,0,14.865203,160.16412
5da138764db8ce0c98bcaa46_4b8d3aff14914537854587c1_0000000026453,0,11.803965,160.25587
5da138764db8ce0c98bcaa46_4b8d3aff14914537854587c1_0000000038177,0,10.177864,145.91835
5da138764db8ce0c98bcaa46_4b8d3aff14914537854587c1_0000000042453,0,12.5507765,145.00763999999998
5da138764db8ce0c98bcaa46_4b8d3aff14914537854587c1_0000000047355,0,16.180645000000002,144.94835
5da138764db8ce0c98bcaa46_4b8d3aff14914537854587c1_0000000053419,0,23.88066,146.406
5da138764db8ce0c98bcaa46_4b8d3aff14914537854587c1_0000000058259,0,31.072609000000003,146.86191000000002
5da138764db8ce0c98bcaa46_4b8d3aff14914537854587c1_0000000065332,0,39.907803,147.3344
5da138764db8ce0c98bcaa46_4b8d3aff14914537854587c1_0000000073358,0,46.91973,150.19832
5da138764db8ce0c98bcaa46_4efb8bc8c17cfc5d9cd71c7f_0000000000007,2,37.11652,191.51544
5da138764db8ce0c98bcaa46_4efb8bc8c17cfc5d9cd71c7f_0000000002346,2,35.50092,191.98616
5da138764db8ce0c98bcaa46_4efb8bc8c17cfc5d9cd71c7f_0000000005714,2,32.554115,193.86163
5da138764db8ce0c98bcaa46_4efb8bc8c17cfc5d9cd71c7f_0000000013146,2,24.743845,194.17749
5da138764db8ce0c98bcaa46_4efb8bc8c17cfc5d9cd71c7f_0000000018038,2,19.292,192.72629
5da138764db8ce0c98bcaa46_4efb8bc8c17cfc5d9cd71c7f_0000000021179,2,16.12568,190.8836
5da138764db8ce0c98bcaa46_4efb8bc8c17cfc5d9cd71c7f_0000000026428,2,15.331423999999998,193.73456
5da138764db8ce0c98bcaa46_4efb8bc8c17cfc5d9cd71c7f_0000000036048,2,24.743845,194.17749
5da138764db8ce0c98bcaa46_4efb8bc8c17cfc5d9cd71c7f_0000000044708,2,35.50092,191.98616
5da138764db8ce0c98bcaa46_4efb8bc8c17cfc5d9cd71c7f_0000000049109,2,37.11652,191.51544
5da138764db8ce0c98bcaa46_4efb8bc8c17cfc5d9cd71c7f_0000000054590,2,37.584778,183.30023
5da138764db8ce0c98bcaa46_4efb8bc8c17cfc5d9cd71c7f_0000000062066,2,37.746574,175.02113
5da138764db8ce0c98bcaa46_4efb8bc8c17cfc5d9cd71c7f_0000000070824,2,37.746574,175.02113
5da138764db8ce0c98bcaa46_4efb8bc8c17cfc5d9cd71c7f_0000000081271,2,37.563335,164.55597
5da138764db8ce0c98bcaa46_4efb8bc8c17cfc5d9cd71c7f_0000000084425,2,35.98578,161.14732
5da138764db8ce0c98bcaa46_4efb8bc8c17cfc5d9cd71c7f_0000000088057,2,39.580456,158.99702
5da138764db8ce0c98bcaa46_4efb8bc8c17cfc5d9cd71c7f_0000000092398,2,42.33562,154.72946000000002
5da138764db8ce0c98bcaa46_4efb8bc8c17cfc5d9cd71c7f_0000000098658,2,46.42797,151.22523
5da138764db8ce0c98bcaa46_4efb8bc8c17cfc5d9cd71c7f_0000000104873,2,51.424786,148.38773999999998
5da138764db8ce0c98bcaa46_4efb8bc8c17cfc5d9cd71c7f_0000000111755,2,51.424786,148.38773999999998
5da138764db8ce0c98bcaa46_5ab7fdd5629656e684c0435a_0000000000011,2,115.97753,151.88408
5da138764db8ce0c98bcaa46_5ab7fdd5629656e684c0435a_0000000005755,2,116.26262,144.66339
5da138764db8ce0c98bcaa46_5ab7fdd5629656e684c0435a_0000000011419,2,110.99358,142.56618
5da138764db8ce0c98bcaa46_5ab7fdd5629656e684c0435a_0000000018026,2,111.19028,133.90837
5da138764db8ce0c98bcaa46_5ab7fdd5629656e684c0435a_0000000021973,2,112.963554,136.128
5da138764db8ce0c98bcaa46_5ab7fdd5629656e684c0435a_0000000027833,2,119.69816000000002,134.65923999999998
5da138764db8ce0c98bcaa46_5ab7fdd5629656e684c0435a_0000000031471,2,119.69816000000002,134.65923999999998
5da138764db8ce0c98bcaa46_5ab7fdd5629656e684c0435a_0000000043755,2,120.275055,122.685974
5da138764db8ce0c98bcaa46_5ab7fdd5629656e684c0435a_0000000055897,2,122.679,117.18708
5da138764db8ce0c98bcaa46_5ab7fdd5629656e684c0435a_0000000062894,2,121.76542,112.91906000000002
5da138764db8ce0c98bcaa46_5df63c6ddcddaa958e520ea5_0000000000008,1,38.025940000000006,189.9698
5da138764db8ce0c98bcaa46_5df63c6ddcddaa958e520ea5_0000000002791,1,36.539055,193.21086
5da138764db8ce0c98bcaa46_5df63c6ddcddaa958e520ea5_0000000011573,1,36.304302,186.13608
5da138764db8ce0c98bcaa46_5df63c6ddcddaa958e520ea5_0000000019199,1,36.378216,177.65222
5da138764db8ce0c98bcaa46_5df63c6ddcddaa958e520ea5_0000000029700,1,34.374462,165.87337
5da138764db8ce0c98bcaa46_5df63c6ddcddaa958e520ea5_0000000034875,1,34.374462,165.87337
5da138764db8ce0c98bcaa46_5df63c6ddcddaa958e520ea5_0000000042040,1,34.671387,173.98695
5da138764db8ce0c98bcaa46_5df63c6ddcddaa958e520ea5_0000000047480,1,36.378216,177.65222
5da138764db8ce0c98bcaa46_5df63c6ddcddaa958e520ea5_0000000050267,1,36.378216,177.65222
5da138764db8ce0c98bcaa46_5df63c6ddcddaa958e520ea5_0000000054889,1,38.484425,182.62985
5da138764db8ce0c98bcaa46_5df63c6ddcddaa958e520ea5_0000000057808,1,36.304302,186.13608
5da138764db8ce0c98bcaa46_5df63c6ddcddaa958e520ea5_0000000061731,1,38.025940000000006,189.9698
5da138764db8ce0c98bcaa46_66dabc484153c8102481a8e4_0000000000014,2,19.717209,162.8292
5da138764db8ce0c98bcaa46_66dabc484153c8102481a8e4_0000000009052,2,18.280342,146.87181
5da138764db8ce0c98bcaa46_66dabc484153c8102481a8e4_0000000013181,2,18.591106,142.45105
5da138764db8ce0c98bcaa46_66dabc484153c8102481a8e4_0000000020419,2,19.775244,132.70523
5da138764db8ce0c98bcaa46_66dabc484153c8102481a8e4_0000000023976,2,19.98987,129.5754
5da138764db8ce0c98bcaa46_66dabc484153c8102481a8e4_0000000031738,2,26.330748,131.16476
5da138764db8ce0c98bcaa46_66dabc484153c8102481a8e4_0000000041545,2,38.225765,131.9844
5da138764db8ce0c98bcaa46_66dabc484153c8102481a8e4_0000000047273,2,36.265953,133.4811
5da138764db8ce0c98bcaa46_66dabc484153c8102481a8e4_0000000052004,2,31.791513,133.24562
5da138764db8ce0c98bcaa46_66dabc484153c8102481a8e4_0000000058055,2,23.51114,132.93608
5da138764db8ce0c98bcaa46_66dabc484153c8102481a8e4_0000000061960,2,19.775244,132.70523
5da138764db8ce0c98bcaa46_819494b56fdb3e65ef378897_0000000000006,-1,120.72901,94.95941
5da138764db8ce0c98bcaa46_819494b56fdb3e65ef378897_0000000007900,-1,110.30416,94.16715
5da138764db8ce0c98bcaa46_819494b56fdb3e65ef378897_0000000021490,-1,98.11623,93.79978
5da138764db8ce0c98bcaa46_819494b56fdb3e65ef378897_0000000031485,-1,98.11623,93.79978
5da138764db8ce0c98bcaa46_819494b56fdb3e65ef378897_0000000047080,-1,97.11215,98.61825
5da138764db8ce0c98bcaa46_819494b56fdb3e65ef378897_0000000056080,-1,107.9134,96.45054
5da138764db8ce0c98bcaa46_819494b56fdb3e65ef378897_0000000064779,-1,116.55453500000002,96.94226
5da138764db8ce0c98bcaa46_819494b56fdb3e65ef378897_0000000073652,-1,118.75261,102.55404
5da138764db8ce0c98bcaa46_819494b56fdb3e65ef378897_0000000089080,-1,116.55453500000002,96.94226
5da138764db8ce0c98bcaa46_819494b56fdb3e65ef378897_0000000094772,-1,116.55453500000002,96.94226
5da138764db8ce0c98bcaa46_89500baf14748fe9b3a82748_0000000000007,0,92.29435,108.87494
5da138764db8ce0c98bcaa46_89500baf14748fe9b3a82748_0000000005136,0,93.04308,118.42048
5da138764db8ce0c98bcaa46_89500baf14748fe9b3a82748_0000000012231,0,97.65854,119.22738
5da138764db8ce0c98bcaa46_89500baf14748fe9b3a82748_0000000018667,0,98.99397,125.53636000000002
5da138764db8ce0c98bcaa46_89500baf14748fe9b3a82748_0000000021231,0,97.33283,128.94963
5da138764db8ce0c98bcaa46_89500baf14748fe9b3a82748_0000000022974,0,97.33283,128.94963
5da138764db8ce0c98bcaa46_89500baf14748fe9b3a82748_0000000028668,0,93.24279,133.96735
5da138764db8ce0c98bcaa46_89500baf14748fe9b3a82748_0000000033764,0,89.62696,136.13553000000002
5da138764db8ce0c98bcaa46_89500baf14748fe9b3a82748_0000000039894,0,82.90663,142.31221000000002
5da138764db8ce0c98bcaa46_89500baf14748fe9b3a82748_0000000044793,0,78.72949,145.97948
5da138764db8ce0c98bcaa46_89500baf14748fe9b3a82748_0000000053659,0,67.98118000000001,147.68088
5da138764db8ce0c98bcaa46_89500baf14748fe9b3a82748_0000000060046,0,67.98118000000001,147.68088
5da138764db8ce0c98bcaa46_89500baf14748fe9b3a82748_0000000068472,0,78.72949,145.97948
5da138764db8ce0c98bcaa46_89500baf14748fe9b3a82748_0000000075746,0,85.82176,141.69301000000002
5da138764db8ce0c98bcaa46_89500baf14748fe9b3a82748_0000000080953,0,89.62696,136.13553000000002
5da138764db8ce0c98bcaa46_89500baf14748fe9b3a82748_0000000087131,0,97.26381,131.20282
5da138764db8ce0c98bcaa46_89500baf14748fe9b3a82748_0000000092331,0,98.99397,125.53636000000002
5da138764db8ce0c98bcaa46_8edbfe4ea14f5b8fe8f47f15_0000000000008,-1,18.260426,150.00418
5da138764db8ce0c98bcaa46_8edbfe4ea14f5b8fe8f47f15_0000000003119,-1,15.582226,147.64171000000002
5da138764db8ce0c98bcaa46_8edbfe4ea14f5b8fe8f47f15_0000000009509,-1,14.787755,140.35075
5da138764db8ce0c98bcaa46_8edbfe4ea14f5b8fe8f47f15_0000000016455,-1,12.984324,131.75635
5da138764db8ce0c98bcaa46_8edbfe4ea14f5b8fe8f47f15_0000000019290,-1,13.573372,128.53755
5da138764db8ce0c98bcaa46_8edbfe4ea14f5b8fe8f47f15_0000000022773,-1,15.097682,124.51526
5da138764db8ce0c98bcaa46_8edbfe4ea14f5b8fe8f47f15_0000000026505,-1,17.784098,122.04891
5da138764db8ce0c98bcaa46_8edbfe4ea14f5b8fe8f47f15_0000000028721,-1,16.524866,120.18394
5da138764db8ce0c98bcaa46_8edbfe4ea14f5b8fe8f47f15_0000000030512,-1,19.412685,117.1239
5da138764db8ce0c98bcaa46_8edbfe4ea14f5b8fe8f47f15_0000000040093,-1,19.412685,117.1239
5da138764db8ce0c98bcaa46_8edbfe4ea14f5b8fe8f47f15_0000000046429,-1,19.18295,110.94583
5da138764db8ce0c98bcaa46_8edbfe4ea14f5b8fe8f47f15_0000000051937,-1,24.191818,102.56456
5da138764db8ce0c98bcaa46_8edbfe4ea14f5b8fe8f47f15_0000000058270,-1,24.191818,102.56456
5da138764db8ce0c98bcaa46_8ffb53cd60edc17b04e25a45_0000000000021,1,72.63344599999999,136.51372
5da138764db8ce0c98bcaa46_8ffb53cd60edc17b04e25a45_0000000003110,1,72.00673,134.6614
5da138764db8ce0c98bcaa46_8ffb53cd60edc17b04e25a45_0000000009532,1,66.849594,135.8192
5da138764db8ce0c98bcaa46_8ffb53cd60edc17b04e25a45_0000000018520,1,67.36206999999999,147.03583
5da138764db8ce0c98bcaa46_8ffb53cd60edc17b04e25a45_0000000021964,1,67.36206999999999,147.03583
5da138764db8ce0c98bcaa46_8ffb53cd60edc17b04e25a45_0000000031078,1,76.163605,145.8793
5da138764db8ce0c98bcaa46_8ffb53cd60edc17b04e25a45_0000000034176,1,79.69075,144.88791
5da138764db8ce0c98bcaa46_8ffb53cd60edc17b04e25a45_0000000054890,1,87.17175,138.08638
5da138764db8ce0c98bcaa46_8ffb53cd60edc17b04e25a45_0000000061226,1,92.85325,132.46473999999998
5da138764db8ce0c98bcaa46_8ffb53cd60edc17b04e25a45_0000000064774,1,96.30521,131.07706000000002
5da138764db8ce0c98bcaa46_9bed5343c25574e44914ef21_0000000000009,0,15.17565,152.51949
5da138764db8ce0c98bcaa46_9bed5343c25574e44914ef21_0000000006997,0,23.346899,153.50775
5da138764db8ce0c98bcaa46_9bed5343c25574e44914ef21_0000000013396,0,30.8372,153.89471
5da138764db8ce0c98bcaa46_9bed5343c25574e44914ef21_0000000024794,0,30.551723,161.0601
5da138764db8ce0c98bcaa46_9bed5343c25574e44914ef21_0000000033254,0,30.220074,167.62236
5da138764db8ce0c98bcaa46_9bed5343c25574e44914ef21_0000000038268,0,34.020103000000006,168.41042
5da138764db8ce0c98bcaa46_9bed5343c25574e44914ef21_0000000044448,0,34.0384,172.62416000000002
5da138764db8ce0c98bcaa46_9bed5343c25574e44914ef21_0000000049170,0,36.34596,172.9082
5da138764db8ce0c98bcaa46_9bed5343c25574e44914ef21_0000000057888,0,36.954777,180.08043999999998
5da138764db8ce0c98bcaa46_9bed5343c25574e44914ef21_0000000068203,0,36.585613,187.15536
5da138764db8ce0c98bcaa46_9bed5343c25574e44914ef21_0000000074881,0,36.567226,194.02946
5da138764db8ce0c98bcaa46_9bed5343c25574e44914ef21_0000000080589,0,36.567226,194.02946
5da138764db8ce0c98bcaa46_9bed5343c25574e44914ef21_0000000085667,0,37.468094,199.35373
5da138764db8ce0c98bcaa46_9bed5343c25574e44914ef21_0000000088590,0,37.468094,199.35373
5da138764db8ce0c98bcaa46_9bed5343c25574e44914ef21_0000000103061,0,43.050728,201.62874
5da138764db8ce0c98bcaa46_9bed5343c25574e44914ef21_0000000109556,0,47.109524,203.50768
5da138764db8ce0c98bcaa46_9bed5343c25574e44914ef21_0000000113468,0,49.417435,203.61089
5da138764db8ce0c98bcaa46_9bed5343c25574e44914ef21_0000000120804,0,49.0,206.5
5da138764db8ce0c98bcaa46_b4188fc441162ab5593a7b45_0000000000017,0,9.259003,159.64345
5da138764db8ce0c98bcaa46_b4188fc441162ab5593a7b45_0000000003840,0,14.328041,164.19547
5da138764db8ce0c98bcaa46_b4188fc441162ab5593a7b45_0000000009158,0,14.865203,160.16412
5da138764db8ce0c98bcaa46_b4188fc441162ab5593a7b45_0000000017211,0,23.453773,160.60872
5da138764db8ce0c98bcaa46_b4188fc441162ab5593a7b45_0000000023377,0,30.551723,161.0601
5da138764db8ce0c98bcaa46_b4188fc441162ab5593a7b45_0000000029117,0,37.841423,161.27684
5da138764db8ce0c98bcaa46_b4188fc441162ab5593a7b45_0000000036125,0,37.931225,154.44612
5da138764db8ce0c98bcaa46_b4188fc441162ab5593a7b45_0000000040911,0,39.907803,147.3344
5da138764db8ce0c98bcaa46_b4188fc441162ab5593a7b45_0000000046133,0,39.907803,147.3344
5da138764db8ce0c98bcaa46_b4188fc441162ab5593a7b45_0000000050537,0,38.741318,140.2641
5da138764db8ce0c98bcaa46_b4188fc441162ab5593a7b45_0000000056172,0,39.842113,135.08357
5da138764db8ce0c98bcaa46_b4188fc441162ab5593a7b45_0000000061797,0,40.036633,128.25642
5da138764db8ce0c98bcaa46_b4188fc441162ab5593a7b45_0000000066106,0,40.541557,121.47882
5da138764db8ce0c98bcaa46_b4188fc441162ab5593a7b45_0000000073704,0,40.15719,115.29663
5da138764db8ce0c98bcaa46_b4188fc441162ab5593a7b45_0000000079185,0,40.15719,115.29663
5da138764db8ce0c98bcaa46_b4188fc441162ab5593a7b45_0000000088403,0,40.036633,128.25642
5da138764db8ce0c98bcaa46_b4188fc441162ab5593a7b45_0000000093857,0,40.036633,128.25642
5da138764db8ce0c98bcaa46_b4188fc441162ab5593a7b45_0000000099413,0,39.842113,135.08357
5da138764db8ce0c98bcaa46_b4188fc441162ab5593a7b45_0000000109276,0,39.907803,147.3344
5da138764db8ce0c98bcaa46_b82e65dde03a9ff7b676fd37_0000000000006,3,38.30841,140.3744
5da138764db8ce0c98bcaa46_b82e65dde03a9ff7b676fd37_0000000002528,3,35.546696000000004,141.61838
5da138764db8ce0c98bcaa46_b82e65dde03a9ff7b676fd37_0000000008556,3,27.373983000000003,141.22441
5da138764db8ce0c98bcaa46_b82e65dde03a9ff7b676fd37_0000000013413,3,21.017527,140.81607
5da138764db8ce0c98bcaa46_b82e65dde03a9ff7b676fd37_0000000016279,3,17.709103,140.832
5da138764db8ce0c98bcaa46_b82e65dde03a9ff7b676fd37_0000000022007,3,19.714895,136.48888
5da138764db8ce0c98bcaa46_b82e65dde03a9ff7b676fd37_0000000029063,3,18.939651,129.76138
5da138764db8ce0c98bcaa46_b82e65dde03a9ff7b676fd37_0000000035217,3,21.688702,133.48375
5da138764db8ce0c98bcaa46_b82e65dde03a9ff7b676fd37_0000000042704,3,21.017527,140.81607
5da138764db8ce0c98bcaa46_b82e65dde03a9ff7b676fd37_0000000045924,3,19.714895,136.48888
5da138764db8ce0c98bcaa46_b82e65dde03a9ff7b676fd37_0000000053602,3,27.373983000000003,141.22441
5da138764db8ce0c98bcaa46_b82e65dde03a9ff7b676fd37_0000000060615,3,35.546696000000004,141.61838
5da138764db8ce0c98bcaa46_b82e65dde03a9ff7b676fd37_0000000063529,3,36.860355,143.23622
5da138764db8ce0c98bcaa46_c7ace6aca412926c8c25155e_0000000000007,0,60.678867,113.719894
5da138764db8ce0c98bcaa46_c7ace6aca412926c8c25155e_0000000003030,0,60.678867,113.719894
5da138764db8ce0c98bcaa46_c7ace6aca412926c8c25155e_0000000011939,0,65.05921,123.43448
5da138764db8ce0c98bcaa46_c7ace6aca412926c8c25155e_0000000019080,0,67.07760999999999,136.97339
5da138764db8ce0c98bcaa46_c7ace6aca412926c8c25155e_0000000024473,0,66.9124,145.2793
5da138764db8ce0c98bcaa46_c7ace6aca412926c8c25155e_0000000026204,0,67.98118000000001,147.68088
5da138764db8ce0c98bcaa46_c7ace6aca412926c8c25155e_0000000034256,0,66.59476,158.55745
5da138764db8ce0c98bcaa46_c7ace6aca412926c8c25155e_0000000039048,0,63.46989,159.02373
5da138764db8ce0c98bcaa46_c7ace6aca412926c8c25155e_0000000043125,0,59.99559,159.05417
5da138764db8ce0c98bcaa46_c7ace6aca412926c8c25155e_0000000045680,0,57.172253000000005,158.65200000000002
5da138764db8ce0c98bcaa46_c7ace6aca412926c8c25155e_0000000048984,0,54.145676,158.51538
5da138764db8ce0c98bcaa46_c7ace6aca412926c8c25155e_0000000059748,0,54.71650699999999,147.45197
5da138764db8ce0c98bcaa46_c7ace6aca412926c8c25155e_0000000068699,0,61.490585,147.32904
5da138764db8ce0c98bcaa46_c7ace6aca412926c8c25155e_0000000074414,0,67.98118000000001,147.68088
5da138764db8ce0c98bcaa46_c7ace6aca412926c8c25155e_0000000087032,0,79.37583000000001,148.00916999999998
5da138764db8ce0c98bcaa46_c7ace6aca412926c8c25155e_0000000093437,0,85.82176,141.69301000000002
5da138764db8ce0c98bcaa46_c7ace6aca412926c8c25155e_0000000100831,0,91.86752,136.17772
5da138764db8ce0c98bcaa46_c7ace6aca412926c8c25155e_0000000108090,0,97.26381,131.20282
5da138764db8ce0c98bcaa46_c7ace6aca412926c8c25155e_0000000114598,0,101.39147,127.10381
5da138764db8ce0c98bcaa46_c7ace6aca412926c8c25155e_0000000137536,0,98.99397,125.53636000000002
5da138764db8ce0c98bcaa46_c7ace6aca412926c8c25155e_0000000143886,0,97.65854,119.22738
5da138764db8ce0c98bcaa46_c7ace6aca412926c8c25155e_0000000149317,0,99.466446,112.384315
5da138764db8ce0c98bcaa46_c7ace6aca412926c8c25155e_0000000153525,0,102.83762,113.15673
5da138764db8ce0c98bcaa46_c93b48c40c3f32e200619f99_0000000000009,1,108.89828,42.58575
5da138764db8ce0c98bcaa46_c93b48c40c3f32e200619f99_0000000006960,1,118.354546,44.403122
5da138764db8ce0c98bcaa46_c93b48c40c3f32e200619f99_0000000013072,1,125.11472,45.76632
5da138764db8ce0c98bcaa46_c93b48c40c3f32e200619f99_0000000019993,1,125.11472,45.76632
5da138764db8ce0c98bcaa46_c93b48c40c3f32e200619f99_0000000023915,1,125.11472,45.76632
5da138764db8ce0c98bcaa46_c93b48c40c3f32e200619f99_0000000032293,1,125.11472,45.76632
5da138764db8ce0c98bcaa46_c93b48c40c3f32e200619f99_0000000036997,1,125.11472,45.76632
5da138764db8ce0c98bcaa46_c93b48c40c3f32e200619f99_0000000041607,1,125.11472,45.76632
5da138764db8ce0c98bcaa46_c93b48c40c3f32e200619f99_0000000047512,1,125.11472,45.76632
5da138764db8ce0c98bcaa46_c93b48c40c3f32e200619f99_0000000054921,1,119.52648,45.988914
5da138764db8ce0c98bcaa46_c93b48c40c3f32e200619f99_0000000062220,1,125.11472,45.76632
5da138764db8ce0c98bcaa46_c93b48c40c3f32e200619f99_0000000067734,1,119.202805,39.529827
5da138764db8ce0c98bcaa46_c93b48c40c3f32e200619f99_0000000079787,1,108.89828,42.58575
5da138764db8ce0c98bcaa46_c93b48c40c3f32e200619f99_0000000098964,1,118.354546,44.403122
5da138764db8ce0c98bcaa46_c93b48c40c3f32e200619f99_0000000108624,1,125.11472,45.76632
5da138764db8ce0c98bcaa46_cc8cd263619bc078e1d10ebf_0000000000015,0,9.259003,159.64345
5da138764db8ce0c98bcaa46_cc8cd263619bc078e1d10ebf_0000000005836,0,11.803965,160.25587
5da138764db8ce0c98bcaa46_cc8cd263619bc078e1d10ebf_0000000009951,0,14.328041,164.19547
5da138764db8ce0c98bcaa46_cc8cd263619bc078e1d10ebf_0000000018126,0,15.196319,166.93549
5da138764db8ce0c98bcaa46_cc8cd263619bc078e1d10ebf_0000000022602,0,13.826974,170.73131
5da138764db8ce0c98bcaa46_cc8cd263619bc078e1d10ebf_0000000027837,0,13.673767000000002,178.18826
5da138764db8ce0c98bcaa46_cc8cd263619bc078e1d10ebf_0000000035302,0,13.673767000000002,178.18826
5da138764db8ce0c98bcaa46_cc8cd263619bc078e1d10ebf_0000000041924,0,13.546165,185.5366
5da138764db8ce0c98bcaa46_cc8cd263619bc078e1d10ebf_0000000045767,0,13.553822,192.21526
5da138764db8ce0c98bcaa46_cc8cd263619bc078e1d10ebf_0000000048043,0,13.553822,192.21526
5da138764db8ce0c98bcaa46_cc8cd263619bc078e1d10ebf_0000000055678,0,13.76069,196.83879
5da138764db8ce0c98bcaa46_cc8cd263619bc078e1d10ebf_0000000060787,0,13.494085,199.69551
5da138764db8ce0c98bcaa46_cc8cd263619bc078e1d10ebf_0000000067017,0,13.494085,199.69551
5da138764db8ce0c98bcaa46_ce09e807fef6de6b45709d9f_0000000000011,1,90.3493,114.46843
5da138764db8ce0c98bcaa46_ce09e807fef6de6b45709d9f_0000000005200,1,80.75825,113.55844
5da138764db8ce0c98bcaa46_ce09e807fef6de6b45709d9f_0000000012189,1,69.48223,113.17115
5da138764db8ce0c98bcaa46_ce09e807fef6de6b45709d9f_0000000018092,1,61.92109,113.338715
5da138764db8ce0c98bcaa46_ce09e807fef6de6b45709d9f_0000000026132,1,52.29449,113.75157
5da138764db8ce0c98bcaa46_ce09e807fef6de6b45709d9f_0000000030529,1,49.439983000000005,112.193
5da138764db8ce0c98bcaa46_ce09e807fef6de6b45709d9f_0000000037986,1,40.14712,111.74267
5da138764db8ce0c98bcaa46_ce09e807fef6de6b45709d9f_0000000040742,1,36.34953,109.071014
5da138764db8ce0c98bcaa46_ce09e807fef6de6b45709d9f_0000000048604,1,40.968697,119.57865
5da138764db8ce0c98bcaa46_ce09e807fef6de6b45709d9f_0000000058453,1,39.449017,132.0672
5da138764db8ce0c98bcaa46_ce09e807fef6de6b45709d9f_0000000062998,1,40.429913,134.1703
5da138764db8ce0c98bcaa46_ce09e807fef6de6b45709d9f_0000000068763,1,36.941628,135.02643
5da138764db8ce0c98bcaa46_ce09e807fef6de6b45709d9f_0000000071954,1,33.24427,133.52286
5da138764db8ce0c98bcaa46_ce09e807fef6de6b45709d9f_0000000079684,1,23.601313,133.44554
5da138764db8ce0c98bcaa46_cf5cc112ba8a1bbb6f8d93e8_0000000000008,-1,36.59125,136.75273
5da138764db8ce0c98bcaa46_cf5cc112ba8a1bbb6f8d93e8_0000000008446,-1,50.133583,129.0047
5da138764db8ce0c98bcaa46_cf5cc112ba8a1bbb6f8d93e8_0000000016975,-1,54.83077,128.34904
5da138764db8ce0c98bcaa46_cf5cc112ba8a1bbb6f8d93e8_0000000023948,-1,62.06027,128.63152
5da138764db8ce0c98bcaa46_cf5cc112ba8a1bbb6f8d93e8_0000000032001,-1,71.617,128.98082
5da138764db8ce0c98bcaa46_cf5cc112ba8a1bbb6f8d93e8_0000000036235,-1,78.57814,130.34842
5da138764db8ce0c98bcaa46_cf5cc112ba8a1bbb6f8d93e8_0000000041416,-1,82.90855400000001,123.42412
5da138764db8ce0c98bcaa46_cf5cc112ba8a1bbb6f8d93e8_0000000046548,-1,83.14383000000001,121.14074
5da138764db8ce0c98bcaa46_cf5cc112ba8a1bbb6f8d93e8_0000000050726,-1,79.33977,122.99327
5da138764db8ce0c98bcaa46_cf5cc112ba8a1bbb6f8d93e8_0000000055995,-1,79.33977,122.99327
5da138764db8ce0c98bcaa46_cf5cc112ba8a1bbb6f8d93e8_0000000061699,-1,72.09108,122.49181000000002
5da138764db8ce0c98bcaa46_cf5cc112ba8a1bbb6f8d93e8_0000000068168,-1,62.339447,121.70378
5da138764db8ce0c98bcaa46_cf5cc112ba8a1bbb6f8d93e8_0000000070019,-1,62.339447,121.70378
5da138764db8ce0c98bcaa46_cf5cc112ba8a1bbb6f8d93e8_0000000080412,-1,50.537235,121.27926
5da138764db8ce0c98bcaa46_cf5cc112ba8a1bbb6f8d93e8_0000000085776,-1,44.572495,121.49699
5da138764db8ce0c98bcaa46_cf5cc112ba8a1bbb6f8d93e8_0000000091007,-1,44.572495,121.49699
5da138764db8ce0c98bcaa46_cf5cc112ba8a1bbb6f8d93e8_0000000099350,-1,36.99729,114.92201
5da138764db8ce0c98bcaa46_cf5cc112ba8a1bbb6f8d93e8_0000000105525,-1,33.855175,108.82686
5da138764db8ce0c98bcaa46_cf5cc112ba8a1bbb6f8d93e8_0000000107918,-1,33.855175,108.82686
5da138764db8ce0c98bcaa46_d0be93dbc89e6791ec20afc9_0000000000008,0,47.76138,140.37753
5da138764db8ce0c98bcaa46_d0be93dbc89e6791ec20afc9_0000000004529,0,47.76138,140.37753
5da138764db8ce0c98bcaa46_d0be93dbc89e6791ec20afc9_0000000011013,0,39.907803,147.3344
5da138764db8ce0c98bcaa46_d0be93dbc89e6791ec20afc9_0000000017189,0,30.8372,153.89471
5da138764db8ce0c98bcaa46_d0be93dbc89e6791ec20afc9_0000000025309,0,34.020103000000006,168.41042
5da138764db8ce0c98bcaa46_d0be93dbc89e6791ec20afc9_0000000027998,0,34.020103000000006,168.41042
5da138764db8ce0c98bcaa46_d0be93dbc89e6791ec20afc9_0000000032465,0,30.551723,161.0601
5da138764db8ce0c98bcaa46_d0be93dbc89e6791ec20afc9_0000000038302,0,37.841423,161.27684
5da138764db8ce0c98bcaa46_d0be93dbc89e6791ec20afc9_0000000046515,0,34.020103000000006,168.41042
5da138764db8ce0c98bcaa46_d0be93dbc89e6791ec20afc9_0000000050807,0,34.020103000000006,168.41042
5da138764db8ce0c98bcaa46_d0be93dbc89e6791ec20afc9_0000000058580,0,36.954777,180.08043999999998
5da138764db8ce0c98bcaa46_d0be93dbc89e6791ec20afc9_0000000064961,0,36.585613,187.15536
5da138764db8ce0c98bcaa46_d0be93dbc89e6791ec20afc9_0000000069552,0,36.567226,194.02946
5da138764db8ce0c98bcaa46_d0be93dbc89e6791ec20afc9_0000000074435,0,37.468094,199.35373
5da138764db8ce0c98bcaa46_d0be93dbc89e6791ec20afc9_0000000080591,0,45.016293,200.16835
5da138764db8ce0c98bcaa46_d0be93dbc89e6791ec20afc9_0000000084640,0,45.016293,200.16835
5da138764db8ce0c98bcaa46_d0be93dbc89e6791ec20afc9_0000000090557,0,45.016293,200.16835
5da138764db8ce0c98bcaa46_d0be93dbc89e6791ec20afc9_0000000096777,0,49.417435,203.61089
5da138764db8ce0c98bcaa46_d0be93dbc89e6791ec20afc9_0000000100760,0,47.0,206.5
5da138764db8ce0c98bcaa46_d0be93dbc89e6791ec20afc9_0000000102996,0,44.5,206.5
5da138764db8ce0c98bcaa46_d0be93dbc89e6791ec20afc9_0000000107030,0,42.5,209.5
5da138764db8ce0c98bcaa46_d0be93dbc89e6791ec20afc9_0000000115749,0,37.468094,199.35373
5da138764db8ce0c98bcaa46_d0be93dbc89e6791ec20afc9_0000000119627,0,37.468094,199.35373
5da138764db8ce0c98bcaa46_d0be93dbc89e6791ec20afc9_0000000133679,0,44.5,206.5
5da138764db8ce0c98bcaa46_d0be93dbc89e6791ec20afc9_0000000138113,0,47.0,206.5
5da138764db8ce0c98bcaa46_d0be93dbc89e6791ec20afc9_0000000146053,0,45.016293,200.16835
5da138764db8ce0c98bcaa46_d0be93dbc89e6791ec20afc9_0000000149731,0,45.016293,200.16835
5da138764db8ce0c98bcaa46_d0be93dbc89e6791ec20afc9_0000000160078,0,47.0,206.5
5da138764db8ce0c98bcaa46_d0be93dbc89e6791ec20afc9_0000000163531,0,49.0,206.5
5da138764db8ce0c98bcaa46_d0be93dbc89e6791ec20afc9_0000000176354,0,43.0,204.0
5da138764db8ce0c98bcaa46_d0be93dbc89e6791ec20afc9_0000000188594,0,45.016293,200.16835
5da138764db8ce0c98bcaa46_d0be93dbc89e6791ec20afc9_0000000198216,0,36.567226,194.02946
5da138764db8ce0c98bcaa46_dc616633d076e209c093f8ac_0000000000007,0,108.14997,95.0837
5da138764db8ce0c98bcaa46_dc616633d076e209c093f8ac_0000000005115,0,103.44131,94.38527
5da138764db8ce0c98bcaa46_dc616633d076e209c093f8ac_0000000008818,0,103.44131,94.38527
5da138764db8ce0c98bcaa46_dc616633d076e209c093f8ac_0000000014234,0,98.85133,96.40958
5da138764db8ce0c98bcaa46_dc616633d076e209c093f8ac_0000000021318,0,99.95728,103.330826
5da138764db8ce0c98bcaa46_dc616633d076e209c093f8ac_0000000031612,0,98.85133,96.40958
5da138764db8ce0c98bcaa46_dc616633d076e209c093f8ac_0000000037291,0,103.44131,94.38527
5da138764db8ce0c98bcaa46_dc616633d076e209c093f8ac_0000000041128,0,101.89834,92.08713
5da138764db8ce0c98bcaa46_dc616633d076e209c093f8ac_0000000048881,0,102.89251,84.992714
5da138764db8ce0c98bcaa46_dc616633d076e209c093f8ac_0000000050962,0,101.23781,81.54126
5da138764db8ce0c98bcaa46_dc616633d076e209c093f8ac_0000000054002,0,102.16994,78.33805
5da138764db8ce0c98bcaa46_dc616633d076e209c093f8ac_0000000057971,0,101.46953,76.104416
5da138764db8ce0c98bcaa46_dc616633d076e209c093f8ac_0000000064776,0,103.877426,68.68551
5da138764db8ce0c98bcaa46_dc616633d076e209c093f8ac_0000000070170,0,102.36802,65.60316
5da138764db8ce0c98bcaa46_dc78498813d06eff01a96320_0000000000006,2,38.0,103.5
5da138764db8ce0c98bcaa46_dc78498813d06eff01a96320_0000000007443,2,39.563583,115.552704
5da138764db8ce0c98bcaa46_dc78498813d06eff01a96320_0000000014595,2,40.556995,127.20395
5da138764db8ce0c98bcaa46_dc78498813d06eff01a96320_0000000026029,2,39.009575,141.24903999999998
5da138764db8ce0c98bcaa46_dc78498813d06eff01a96320_0000000033844,2,42.172348,143.8439
5da138764db8ce0c98bcaa46_dc78498813d06eff01a96320_0000000038733,2,47.831997,145.29625
5da138764db8ce0c98bcaa46_dc78498813d06eff01a96320_0000000046047,2,54.203583,145.93137
5da138764db8ce0c98bcaa46_dc78498813d06eff01a96320_0000000053875,2,64.177826,146.75316
5da138764db8ce0c98bcaa46_dc78498813d06eff01a96320_0000000058936,2,69.74906999999999,147.6336
5da138764db8ce0c98bcaa46_dc78498813d06eff01a96320_0000000065397,2,77.673164,148.10255
5da138764db8ce0c98bcaa46_dc78498813d06eff01a96320_0000000073311,2,83.77624499999999,143.21956
5da138764db8ce0c98bcaa46_dc78498813d06eff01a96320_0000000080110,2,89.38519000000001,137.87949
5da138764db8ce0c98bcaa46_dc78498813d06eff01a96320_0000000085720,2,94.98945,134.91666999999998
5da138764db8ce0c98bcaa46_dc78498813d06eff01a96320_0000000094189,2,103.126396,135.42773
5da138764db8ce0c98bcaa46_dc78498813d06eff01a96320_0000000098074,2,107.58769,135.45651
5da138764db8ce0c98bcaa46_dc78498813d06eff01a96320_0000000102831,2,111.19028,133.90837
5da138764db8ce0c98bcaa46_dc78498813d06eff01a96320_0000000110332,2,119.69816000000002,134.65923999999998
5da138764db8ce0c98bcaa46_dc78498813d06eff01a96320_0000000118754,2,122.12672,127.13837
5da138764db8ce0c98bcaa46_dc78498813d06eff01a96320_0000000133881,2,119.69816000000002,134.65923999999998
5da138764db8ce0c98bcaa46_dc78498813d06eff01a96320_0000000142522,2,111.19028,133.90837
5da138764db8ce0c98bcaa46_dce5ec866b612e86ec04ac06_0000000000007,2,97.24816,107.27101
5da138764db8ce0c98bcaa46_dce5ec866b612e86ec04ac06_0000000007726,2,96.00873,116.493515
5da138764db8ce0c98bcaa46_dce5ec866b612e86ec04ac06_0000000015008,2,85.089294,115.904816
5da138764db8ce0c98bcaa46_dce5ec866b612e86ec04ac06_0000000023122,2,75.22994,115.53497
5da138764db8ce0c98bcaa46_dce5ec866b612e86ec04ac06_0000000032648,2,63.77221,115.32799
5da138764db8ce0c98bcaa46_dce5ec866b612e86ec04ac06_0000000034378,2,63.77221,115.32799
5da138764db8ce0c98bcaa46_dce5ec866b612e86ec04ac06_0000000042970,2,51.37195,114.04868
5da138764db8ce0c98bcaa46_dce5ec866b612e86ec04ac06_0000000050611,2,41.560234,116.71288
5da138764db8ce0c98bcaa46_dce5ec866b612e86ec04ac06_0000000057282,2,35.5,113.0
5da138764db8ce0c98bcaa46_dce5ec866b612e86ec04ac06_0000000062813,2,32.5,109.5
5da138764db8ce0c98bcaa46_dce5ec866b612e86ec04ac06_0000000070108,2,37.590405,111.657166
5da138764db8ce0c98bcaa46_dce5ec866b612e86ec04ac06_0000000075823,2,43.44205,113.828865
5da138764db8ce0c98bcaa46_dce5ec866b612e86ec04ac06_0000000082181,2,37.590405,111.657166
5da138764db8ce0c98bcaa46_dce5ec866b612e86ec04ac06_0000000087000,2,37.590405,111.657166
5da138764db8ce0c98bcaa46_dce5ec866b612e86ec04ac06_0000000093034,2,37.442863,114.122375
5da138764db8ce0c98bcaa46_dce5ec866b612e86ec04ac06_0000000099595,2,37.590405,111.657166
5da138764db8ce0c98bcaa46_dce5ec866b612e86ec04ac06_0000000106280,2,43.44205,113.828865
5da138764db8ce0c98bcaa46_dce5ec866b612e86ec04ac06_0000000112208,2,39.563583,115.552704
5da138764db8ce0c98bcaa46_dce5ec866b612e86ec04ac06_0000000120537,2,39.130123,124.42988
5da138764db8ce0c98bcaa46_e05290eced3105a1b99ee13a_0000000000009,2,99.82361,54.498077
5da138764db8ce0c98bcaa46_e05290eced3105a1b99ee13a_0000000007216,2,91.204475,54.061676
5da138764db8ce0c98bcaa46_e05290eced3105a1b99ee13a_0000000013829,2,83.19775,53.548843000000005
5da138764db8ce0c98bcaa46_e05290eced3105a1b99ee13a_0000000022976,2,82.578094,62.69420600000001
5da138764db8ce0c98bcaa46_e05290eced3105a1b99ee13a_0000000028732,2,82.428444,69.7431
5da138764db8ce0c98bcaa46_e05290eced3105a1b99ee13a_0000000033311,2,81.95526,75.8424
5da138764db8ce0c98bcaa46_e05290eced3105a1b99ee13a_0000000036101,2,81.732895,78.72459
5da138764db8ce0c98bcaa46_e05290eced3105a1b99ee13a_0000000041622,2,81.75238,86.74367
5da138764db8ce0c98bcaa46_e05290eced3105a1b99ee13a_0000000047688,2,80.8926,94.235695
5da138764db8ce0c98bcaa46_e05290eced3105a1b99ee13a_0000000055070,2,80.54344,103.111725
5da138764db8ce0c98bcaa46_e05290eced3105a1b99ee13a_0000000063301,2,80.23881,113.835655
5da138764db8ce0c98bcaa46_ed240a8a5738be91c3743e7f_0000000000006,-1,107.53516,118.887024
5da138764db8ce0c98bcaa46_ed240a8a5738be91c3743e7f_0000000004275,-1,112.48078,117.3097
5da138764db8ce0c98bcaa46_ed240a8a5738be91c3743e7f_0000000012313,-1,120.4849,117.76688
5da138764db8ce0c98bcaa46_ed240a8a5738be91c3743e7f_0000000018007,-1,122.18478,113.66533
5da138764db8ce0c98bcaa46_ed240a8a5738be91c3743e7f_0000000020816,-1,120.66792,110.93809
5da138764db8ce0c98bcaa46_ed240a8a5738be91c3743e7f_0000000024949,-1,122.68642,105.74439
5da138764db8ce0c98bcaa46_ed240a8a5738be91c3743e7f_0000000028670,-1,120.843636,104.130196
5da138764db8ce0c98bcaa46_ed240a8a5738be91c3743e7f_0000000035344,-1,122.666756,97.128265
5da138764db8ce0c98bcaa46_ed240a8a5738be91c3743e7f_0000000038264,-1,120.72901,94.95941
5da138764db8ce0c98bcaa46_ed240a8a5738be91c3743e7f_0000000044853,-1,123.21983,86.44511999999999
5da138764db8ce0c98bcaa46_ed240a8a5738be91c3743e7f_0000000046900,-1,123.21983,86.44511999999999
5da138764db8ce0c98bcaa46_ed240a8a5738be91c3743e7f_0000000053010,-1,124.21555,77.53347
5da138764db8ce0c98bcaa46_ed240a8a5738be91c3743e7f_0000000061736,-1,131.9146,79.02172
5da138764db8ce0c98bcaa46_ed2caa67ce313a4baf428ace_0000000000008,3,16.289497,169.84222
5da138764db8ce0c98bcaa46_ed2caa67ce313a4baf428ace_0000000005091,3,17.448019,164.15137
5da138764db8ce0c98bcaa46_ed2caa67ce313a4baf428ace_0000000009463,3,16.284832,161.87036
5da138764db8ce0c98bcaa46_ed2caa67ce313a4baf428ace_0000000016234,3,16.998966,153.33621000000002
5da138764db8ce0c98bcaa46_ed2caa67ce313a4baf428ace_0000000022347,3,18.367147,142.82748
5da138764db8ce0c98bcaa46_ed2caa67ce313a4baf428ace_0000000026989,3,17.709103,140.832
5da138764db8ce0c98bcaa46_ed2caa67ce313a4baf428ace_0000000039371,3,18.939651,129.76138
5da138764db8ce0c98bcaa46_ed2caa67ce313a4baf428ace_0000000043499,3,19.075327,124.45572
5da138764db8ce0c98bcaa46_ed2caa67ce313a4baf428ace_0000000050414,3,25.389723,118.57103
5da138764db8ce0c98bcaa46_ed2caa67ce313a4baf428ace_0000000059465,3,29.692596,118.90696
5da138764db8ce0c98bcaa46_ed2caa67ce313a4baf428ace_0000000063601,3,36.93151,121.33553
5da138764db8ce0c98bcaa46_ed2caa67ce313a4baf428ace_0000000065904,3,36.93151,121.33553
5da138764db8ce0c98bcaa46_ed2caa67ce313a4baf428ace_0000000069544,3,39.886547,125.1853
5da138764db8ce0c98bcaa46_ed2caa67ce313a4baf428ace_0000000075816,3,39.092476,132.39822
5da138764db8ce0c98bcaa46_ed2caa67ce313a4baf428ace_0000000081927,3,38.30841,140.3744
5da138764db8ce0c98bcaa46_ed2caa67ce313a4baf428ace_0000000086778,3,38.360584,146.22235
5da138764db8ce0c98bcaa46_ed2caa67ce313a4baf428ace_0000000092998,3,37.889812,154.43535
5da138764db8ce0c98bcaa46_ed2caa67ce313a4baf428ace_0000000096327,3,37.889812,154.43535
5da138764db8ce0c98bcaa46_ed2caa67ce313a4baf428ace_0000000102100,3,36.06614,165.11438
5da138764db8ce0c98bcaa46_ed2caa67ce313a4baf428ace_0000000108555,3,35.570133,169.96077
5da138764db8ce0c98bcaa46_ed2caa67ce313a4baf428ace_0000000112911,3,36.61687,174.60747
5da138764db8ce0c98bcaa46_ed2caa67ce313a4baf428ace_0000000118728,3,36.867283,179.88359
5da138764db8ce0c98bcaa46_ed2caa67ce313a4baf428ace_0000000124816,3,36.30078,186.79097
5da138764db8ce0c98bcaa46_ed2caa67ce313a4baf428ace_0000000128130,3,36.30078,186.79097
5da138764db8ce0c98bcaa46_ed2caa67ce313a4baf428ace_0000000136426,3,24.137732,194.55655
5da138764db8ce0c98bcaa46_ed2caa67ce313a4baf428ace_0000000142497,3,17.476232999999997,194.03764
5da138764db8ce0c98bcaa46_ed2caa67ce313a4baf428ace_0000000145182,3,15.744523999999998,191.27078
5da138764db8ce0c98bcaa46_ed2caa67ce313a4baf428ace_0000000150660,3,16.010604999999998,183.9427
5da138764db8ce0c98bcaa46_ed2caa67ce313a4baf428ace_0000000157320,3,16.102264,176.78378
5da138764db8ce0c98bcaa46_f973ee415265be4addc457b1_0000000000009,-1,19.525734,102.82495
5da138764db8ce0c98bcaa46_f973ee415265be4addc457b1_0000000003028,-1,17.841679,106.54156
5da138764db8ce0c98bcaa46_f973ee415265be4addc457b1_0000000009112,-1,19.18295,110.94583
5da138764db8ce0c98bcaa46_f973ee415265be4addc457b1_0000000014367,-1,16.599463,117.780624
5da138764db8ce0c98bcaa46_f973ee415265be4addc457b1_0000000022113,-1,16.599463,117.780624
5da138764db8ce0c98bcaa46_f973ee415265be4addc457b1_0000000029665,-1,19.412685,117.1239
5da138764db8ce0c98bcaa46_f973ee415265be4addc457b1_0000000034456,-1,21.598705,120.62565
5da138764db8ce0c98bcaa46_f973ee415265be4addc457b1_0000000038641,-1,21.598705,120.62565
5da138764db8ce0c98bcaa46_f973ee415265be4addc457b1_0000000046294,-1,15.097682,124.51526
5da138764db8ce0c98bcaa46_f973ee415265be4addc457b1_0000000054848,-1,16.463028,134.04495
5da138764db8ce0c98bcaa46_f973ee415265be4addc457b1_0000000062558,-1,14.787755,140.35075
5da138764db8ce0c98bcaa46_f973ee415265be4addc457b1_0000000067915,-1,15.582226,147.64171000000002
5da138764db8ce0c98bcaa46_f973ee415265be4addc457b1_0000000070077,-1,15.582226,147.64171000000002
5da138764db8ce0c98bcaa46_f973ee415265be4addc457b1_0000000077014,-1,14.666292000000002,156.79
5da138764db8ce0c98bcaa46_f973ee415265be4addc457b1_0000000087618,-1,14.007884,165.98743000000002
5da138764db8ce0c98bcaa46_f973ee415265be4addc457b1_0000000090587,-1,14.007884,165.98743000000002
5da138764db8ce0c98bcaa46_f973ee415265be4addc457b1_0000000097467,-1,14.760248,175.91487
5da138764db8ce0c98bcaa46_f973ee415265be4addc457b1_0000000101374,-1,14.760248,175.91487
5da138764db8ce0c98bcaa46_f973ee415265be4addc457b1_0000000107957,-1,24.745098,176.60452
5da138764db8ce0c98bcaa46_f973ee415265be4addc457b1_0000000110861,-1,24.745098,176.60452
5da138764db8ce0c98bcaa46_f973ee415265be4addc457b1_0000000116750,-1,30.797302,178.32117
5da138764db8ce0c98bcaa46_f973ee415265be4addc457b1_0000000119251,-1,35.058838,178.39687
5da138764db8ce0c98bcaa46_f973ee415265be4addc457b1_0000000121332,-1,35.058838,178.39687
5da1389e4db8ce0c98bd0547_00ff0c9a71cc37a2ebdd0f05_0000000000010,3,71.88164,84.26655
5da1389e4db8ce0c98bd0547_00ff0c9a71cc37a2ebdd0f05_0000000004048,3,69.2001,85.567184
5da1389e4db8ce0c98bd0547_00ff0c9a71cc37a2ebdd0f05_0000000012526,3,71.74899,83.42192
5da1389e4db8ce0c98bd0547_00ff0c9a71cc37a2ebdd0f05_0000000025542,3,69.2001,85.567184
5da1389e4db8ce0c98bd0547_00ff0c9a71cc37a2ebdd0f05_0000000037134,3,71.239174,83.388695
5da1389e4db8ce0c98bd0547_00ff0c9a71cc37a2ebdd0f05_0000000044492,3,68.33855,82.44669
5da1389e4db8ce0c98bd0547_00ff0c9a71cc37a2ebdd0f05_0000000048479,3,65.44884499999999,81.86704
5da1389e4db8ce0c98bd0547_00ff0c9a71cc37a2ebdd0f05_0000000053314,3,65.44884499999999,81.86704
5da1389e4db8ce0c98bd0547_00ff0c9a71cc37a2ebdd0f05_0000000060788,3,62.99721,78.20411
5da1389e4db8ce0c98bd0547_00ff0c9a71cc37a2ebdd0f05_0000000065160,3,63.250687,73.70903
5da1389e4db8ce0c98bd0547_00ff0c9a71cc37a2ebdd0f05_0000000070013,3,63.61908,69.48640999999999
5da1389e4db8ce0c98bd0547_00ff0c9a71cc37a2ebdd0f05_0000000074768,3,60.689335,68.62488
5da1389e4db8ce0c98bd0547_00ff0c9a71cc37a2ebdd0f05_0000000078611,3,60.34589,64.053116
5da1389e4db8ce0c98bd0547_00ff0c9a71cc37a2ebdd0f05_0000000082680,3,60.34589,64.053116
5da1389e4db8ce0c98bd0547_00ff0c9a71cc37a2ebdd0f05_0000000086795,3,60.64438199999999,59.510643
5da1389e4db8ce0c98bd0547_446d199192f9d69464b77ffd_0000000000009,2,59.18826,10.348525
5da1389e4db8ce0c98bd0547_446d199192f9d69464b77ffd_0000000009755,2,50.963737,9.616956
5da1389e4db8ce0c98bd0547_446d199192f9d69464b77ffd_0000000018797,2,41.76092,7.7463994
5da1389e4db8ce0c98bd0547_446d199192f9d69464b77ffd_0000000025697,2,41.288174,12.12982
5da1389e4db8ce0c98bd0547_446d199192f9d69464b77ffd_0000000032233,2,40.957317,20.3182
5da1389e4db8ce0c98bd0547_446d199192f9d69464b77ffd_0000000036371,2,39.82741,23.131546
5da1389e4db8ce0c98bd0547_446d199192f9d69464b77ffd_0000000046249,2,44.418420000000005,29.26029
5da1389e4db8ce0c98bd0547_446d199192f9d69464b77ffd_0000000054506,2,50.866890000000005,38.629223
5da1389e4db8ce0c98bd0547_446d199192f9d69464b77ffd_0000000061785,2,54.95896,39.46439
5da1389e4db8ce0c98bd0547_446d199192f9d69464b77ffd_0000000068112,2,64.7128,39.919548
5da1389e4db8ce0c98bd0547_446d199192f9d69464b77ffd_0000000075357,2,67.010864,44.876377000000005
5da1389e4db8ce0c98bd0547_446d199192f9d69464b77ffd_0000000087859,2,67.010864,44.876377000000005
5da1389e4db8ce0c98bd0547_4b38e02c59253ce02b52eec5_0000000000007,-2,193.08325,94.5334
5da1389e4db8ce0c98bd0547_4b38e02c59253ce02b52eec5_0000000011132,-2,193.3868,86.92971999999999
5da1389e4db8ce0c98bd0547_4b38e02c59253ce02b52eec5_0000000024695,-2,198.59767,84.60993
5da1389e4db8ce0c98bd0547_4b38e02c59253ce02b52eec5_0000000031342,-2,205.27516,84.8589
5da1389e4db8ce0c98bd0547_4b38e02c59253ce02b52eec5_0000000043276,-2,208.03468,94.10912
5da1389e4db8ce0c98bd0547_4b38e02c59253ce02b52eec5_0000000055125,-2,204.11574,99.407036
5da1389e4db8ce0c98bd0547_4b38e02c59253ce02b52eec5_0000000063421,-2,204.11574,99.407036
5da1389e4db8ce0c98bd0547_4b38e02c59253ce02b52eec5_0000000073080,-2,204.90602,102.69756
5da1389e4db8ce0c98bd0547_7b073c01ca8b6db9a98dd11a_0000000000015,3,15.329085,81.83766
5da1389e4db8ce0c98bd0547_7b073c01ca8b6db9a98dd11a_0000000003513,3,15.1686125,84.64827
5da1389e4db8ce0c98bd0547_7b073c01ca8b6db9a98dd11a_0000000006245,3,14.766043,89.70761999999999
5da1389e4db8ce0c98bd0547_7b073c01ca8b6db9a98dd11a_0000000009335,3,14.790453,91.53831
5da1389e4db8ce0c98bd0547_7b073c01ca8b6db9a98dd11a_0000000012032,3,14.233328,94.91233
5da1389e4db8ce0c98bd0547_7b073c01ca8b6db9a98dd11a_0000000016972,3,17.104166,95.152306
5da1389e4db8ce0c98bd0547_7b073c01ca8b6db9a98dd11a_0000000020052,3,16.674246,98.84414
5da1389e4db8ce0c98bd0547_7b073c01ca8b6db9a98dd11a_0000000023024,3,16.674246,98.84414
5da1389e4db8ce0c98bd0547_7b073c01ca8b6db9a98dd11a_0000000026753,3,13.823204,99.47784
5da1389e4db8ce0c98bd0547_7b073c01ca8b6db9a98dd11a_0000000031251,3,13.915394,97.4578
5da1389e4db8ce0c98bd0547_7b073c01ca8b6db9a98dd11a_0000000034138,3,14.233328,94.91233
5da1389e4db8ce0c98bd0547_7b073c01ca8b6db9a98dd11a_0000000036692,3,14.790453,91.53831
5da1389e4db8ce0c98bd0547_7b073c01ca8b6db9a98dd11a_0000000039737,3,15.349598,87.03992
5da1389e4db8ce0c98bd0547_7b073c01ca8b6db9a98dd11a_0000000042194,3,15.349598,87.03992
5da1389e4db8ce0c98bd0547_7b073c01ca8b6db9a98dd11a_0000000046651,3,18.33229,85.99623000000001
5da1389e4db8ce0c98bd0547_7b073c01ca8b6db9a98dd11a_0000000052076,3,17.017645,89.22060400000001
5da1389e4db8ce0c98bd0547_7b073c01ca8b6db9a98dd11a_0000000056820,3,17.123611,91.54816
5da1389e4db8ce0c98bd0547_7b073c01ca8b6db9a98dd11a_0000000061664,3,17.104166,95.152306
5da1389e4db8ce0c98bd0547_867c78ed47ee3fc4b30b9d59_0000000000014,2,39.57725,77.76871
5da1389e4db8ce0c98bd0547_867c78ed47ee3fc4b30b9d59_0000000006356,2,37.442257,81.64484399999999
5da1389e4db8ce0c98bd0547_867c78ed47ee3fc4b30b9d59_0000000011666,2,37.442257,81.64484399999999
5da1389e4db8ce0c98bd0547_867c78ed47ee3fc4b30b9d59_0000000026120,2,39.57725,77.76871
5da1389e4db8ce0c98bd0547_867c78ed47ee3fc4b30b9d59_0000000033418,2,39.57725,77.76871
5da1389e4db8ce0c98bd0547_867c78ed47ee3fc4b30b9d59_0000000038369,2,44.22928,77.92296
5da1389e4db8ce0c98bd0547_867c78ed47ee3fc4b30b9d59_0000000042137,2,48.480553,77.92395
5da1389e4db8ce0c98bd0547_867c78ed47ee3fc4b30b9d59_0000000048914,2,56.809452,77.68670999999999
5da1389e4db8ce0c98bd0547_867c78ed47ee3fc4b30b9d59_0000000052480,2,60.364162,75.7277
5da1389e4db8ce0c98bd0547_867c78ed47ee3fc4b30b9d59_0000000063504,2,61.17746999999999,62.83091700000001
5da1389e4db8ce0c98bd0547_867c78ed47ee3fc4b30b9d59_0000000068540,2,57.567112,62.65112
5da1389e4db8ce0c98bd0547_8c1a179f5e2fa18a0307a9dd_0000000000013,0,13.457355499999998,32.855328
5da1389e4db8ce0c98bd0547_8c1a179f5e2fa18a0307a9dd_0000000003900,0,14.411133,28.373154
5da1389e4db8ce0c98bd0547_8c1a179f5e2fa18a0307a9dd_0000000012472,0,20.959654,28.853022
5da1389e4db8ce0c98bd0547_8c1a179f5e2fa18a0307a9dd_0000000017583,0,29.724392,29.291847
5da1389e4db8ce0c98bd0547_8c1a179f5e2fa18a0307a9dd_0000000024743,0,38.367090000000005,29.487389
5da1389e4db8ce0c98bd0547_8c1a179f5e2fa18a0307a9dd_0000000031904,0,46.364494,31.71997
5da1389e4db8ce0c98bd0547_8c1a179f5e2fa18a0307a9dd_0000000039855,0,49.18566,30.35352
5da1389e4db8ce0c98bd0547_8c1a179f5e2fa18a0307a9dd_0000000047687,0,56.448128,37.62585
5da1389e4db8ce0c98bd0547_8c1a179f5e2fa18a0307a9dd_0000000054393,0,64.8365,38.371746
5da1389e4db8ce0c98bd0547_8c1a179f5e2fa18a0307a9dd_0000000058760,0,70.07874,37.973866
5da1389e4db8ce0c98bd0547_8c1a179f5e2fa18a0307a9dd_0000000064817,0,69.70106,43.034490000000005
5da1389e4db8ce0c98bd0547_8c1a179f5e2fa18a0307a9dd_0000000071949,0,62.134640000000005,42.124626
5da1389e4db8ce0c98bd0547_8c1a179f5e2fa18a0307a9dd_0000000077853,0,55.1539,41.666485
5da1389e4db8ce0c98bd0547_8c1a179f5e2fa18a0307a9dd_0000000086890,0,47.125896,34.305584
5da1389e4db8ce0c98bd0547_8c1a179f5e2fa18a0307a9dd_0000000093041,0,39.75963,33.901707
5da1389e4db8ce0c98bd0547_8c1a179f5e2fa18a0307a9dd_0000000099024,0,35.432953000000005,31.317677000000003
5da1389e4db8ce0c98bd0547_8c1a179f5e2fa18a0307a9dd_0000000104947,0,25.136145000000003,33.20845
5da1389e4db8ce0c98bd0547_90119ff42ce5621a5761dfdf_0000000000011,0,68.188805,17.699396
5da1389e4db8ce0c98bd0547_90119ff42ce5621a5761dfdf_0000000002275,0,64.84496,17.800964
5da1389e4db8ce0c98bd0547_90119ff42ce5621a5761dfdf_0000000009660,0,62.31101999999999,14.374194
5da1389e4db8ce0c98bd0547_90119ff42ce5621a5761dfdf_0000000014905,0,59.142746,10.831407
5da1389e4db8ce0c98bd0547_90119ff42ce5621a5761dfdf_0000000018038,0,59.552677,6.6359086
5da1389e4db8ce0c98bd0547_90119ff42ce5621a5761dfdf_0000000023016,0,62.935135,11.712988
5da1389e4db8ce0c98bd0547_90119ff42ce5621a5761dfdf_0000000027310,0,68.188805,17.699396
5da1389e4db8ce0c98bd0547_90119ff42ce5621a5761dfdf_0000000031768,0,71.31426,17.92768
5da1389e4db8ce0c98bd0547_90119ff42ce5621a5761dfdf_0000000035214,0,68.188805,17.699396
5da1389e4db8ce0c98bd0547_90119ff42ce5621a5761dfdf_0000000043276,0,64.40587,3.6211064
5da1389e4db8ce0c98bd0547_90119ff42ce5621a5761dfdf_0000000051219,0,62.935135,11.712988
5da1389e4db8ce0c98bd0547_90119ff42ce5621a5761dfdf_0000000057122,0,64.84496,17.800964
5da1389e4db8ce0c98bd0547_90119ff42ce5621a5761dfdf_0000000062052,0,55.24231,20.741003
5da1389e4db8ce0c98bd0547_90119ff42ce5621a5761dfdf_0000000067179,0,62.31101999999999,14.374194
5da1389e4db8ce0c98bd0547_90119ff42ce5621a5761dfdf_0000000070905,0,59.142746,10.831407
5da1389e4db8ce0c98bd0547_90119ff42ce5621a5761dfdf_0000000077949,0,57.65661,7.770860000000001
5da1389e4db8ce0c98bd0547_a4ab6c6c78b232568f975f16_0000000000008,-1,70.18528,71.92564399999999
5da1389e4db8ce0c98bd0547_a4ab6c6c78b232568f975f16_0000000004995,-1,70.55317,68.19659
5da1389e4db8ce0c98bd0547_a4ab6c6c78b232568f975f16_0000000007820,-1,70.55317,68.19659
5da1389e4db8ce0c98bd0547_a4ab6c6c78b232568f975f16_0000000010419,-1,70.68944,64.07941
5da1389e4db8ce0c98bd0547_a4ab6c6c78b232568f975f16_0000000017358,-1,70.73938000000001,56.963894
5da1389e4db8ce0c98bd0547_a4ab6c6c78b232568f975f16_0000000019948,-1,70.73938000000001,56.963894
5da1389e4db8ce0c98bd0547_a4ab6c6c78b232568f975f16_0000000022703,-1,71.12469499999999,53.54557
5da1389e4db8ce0c98bd0547_a4ab6c6c78b232568f975f16_0000000026543,-1,71.145195,49.310772
5da1389e4db8ce0c98bd0547_a4ab6c6c78b232568f975f16_0000000030108,-1,71.145195,49.310772
5da1389e4db8ce0c98bd0547_a4ab6c6c78b232568f975f16_0000000032647,-1,69.9461,47.225403
5da1389e4db8ce0c98bd0547_a4ab6c6c78b232568f975f16_0000000035587,-1,65.42178,47.24717
5da1389e4db8ce0c98bd0547_a4ab6c6c78b232568f975f16_0000000038714,-1,63.241474,45.515102
5da1389e4db8ce0c98bd0547_a4ab6c6c78b232568f975f16_0000000041013,-1,63.241474,45.515102
5da1389e4db8ce0c98bd0547_a4ab6c6c78b232568f975f16_0000000043799,-1,60.419888,42.786636
5da1389e4db8ce0c98bd0547_a4ab6c6c78b232568f975f16_0000000048078,-1,60.419888,42.786636
5da1389e4db8ce0c98bd0547_a4ab6c6c78b232568f975f16_0000000054161,-1,56.203415,38.677773
5da1389e4db8ce0c98bd0547_a4ab6c6c78b232568f975f16_0000000057659,-1,51.434673,38.934242
5da1389e4db8ce0c98bd0547_a4ab6c6c78b232568f975f16_0000000062526,-1,45.153656,38.590664
5da1389e4db8ce0c98bd0547_b37fa5dff7ba5b417031990d_0000000000009,2,60.852030000000006,71.44284
5da1389e4db8ce0c98bd0547_b37fa5dff7ba5b417031990d_0000000005212,2,60.852030000000006,71.44284
5da1389e4db8ce0c98bd0547_b37fa5dff7ba5b417031990d_0000000011793,2,60.852030000000006,71.44284
5da1389e4db8ce0c98bd0547_b37fa5dff7ba5b417031990d_0000000020883,2,60.364162,75.7277
5da1389e4db8ce0c98bd0547_b37fa5dff7ba5b417031990d_0000000026469,2,59.607986,78.471565
5da1389e4db8ce0c98bd0547_b37fa5dff7ba5b417031990d_0000000030533,2,58.6207,81.44534
5da1389e4db8ce0c98bd0547_b37fa5dff7ba5b417031990d_0000000041883,2,52.77766999999999,81.40919
5da1389e4db8ce0c98bd0547_b37fa5dff7ba5b417031990d_0000000054750,2,52.77766999999999,81.40919
5da1389e4db8ce0c98bd0547_b37fa5dff7ba5b417031990d_0000000059190,2,48.030197,80.97964
5da1389e4db8ce0c98bd0547_b37fa5dff7ba5b417031990d_0000000063499,2,44.22928,77.92296
5da1389e4db8ce0c98bd0547_b37fa5dff7ba5b417031990d_0000000071478,2,39.57725,77.76871
5da1389e4db8ce0c98bd0547_df4798f4f3b3c5c510e237ad_0000000000011,3,22.77485,14.45517
5da1389e4db8ce0c98bd0547_df4798f4f3b3c5c510e237ad_0000000011679,3,19.34814,14.436939
5da1389e4db8ce0c98bd0547_df4798f4f3b3c5c510e237ad_0000000023091,3,16.345979999999997,14.222346
5da1389e4db8ce0c98bd0547_df4798f4f3b3c5c510e237ad_0000000028898,3,14.972272,13.261568
5da1389e4db8ce0c98bd0547_df4798f4f3b3c5c510e237ad_0000000036390,3,16.345979999999997,14.222346
5da1389e4db8ce0c98bd0547_df4798f4f3b3c5c510e237ad_0000000041946,3,14.700619,16.537178
5da1389e4db8ce0c98bd0547_df4798f4f3b3c5c510e237ad_0000000047703,3,14.878374,20.159105
5da1389e4db8ce0c98bd0547_df4798f4f3b3c5c510e237ad_0000000052237,3,15.340038,22.412563
5da1389e4db8ce0c98bd0547_df4798f4f3b3c5c510e237ad_0000000059128,3,17.941882999999997,22.417795
5da1389e4db8ce0c98bd0547_eca017e97a25f3e4832fdb91_0000000000009,2,16.446413,52.751152000000005
5da1389e4db8ce0c98bd0547_eca017e97a25f3e4832fdb91_0000000008716,2,19.15489,58.49776
5da1389e4db8ce0c98bd0547_eca017e97a25f3e4832fdb91_0000000020394,2,23.181492,50.912735
5da1389e4db8ce0c98bd0547_eca017e97a25f3e4832fdb91_0000000027831,2,22.844534,47.58444
5da1389e4db8ce0c98bd0547_eca017e97a25f3e4832fdb91_0000000036694,2,20.33621,41.94614
5da1389e4db8ce0c98bd0547_eca017e97a25f3e4832fdb91_0000000040716,2,21.057428,35.935345
5da1389e4db8ce0c98bd0547_eca017e97a25f3e4832fdb91_0000000044879,2,21.057428,35.935345
5da1389e4db8ce0c98bd0547_eca017e97a25f3e4832fdb91_0000000049832,2,21.601994,31.59577
5da1389e4db8ce0c98bd0547_eca017e97a25f3e4832fdb91_0000000053001,2,19.547203,27.127977
5da1389e4db8ce0c98bd0547_eca017e97a25f3e4832fdb91_0000000056084,2,19.738674,24.241272
5da1389e4db8ce0c98bd0547_eca017e97a25f3e4832fdb91_0000000060530,2,13.707907,22.853733
5da1389e4db8ce0c98bd0547_eca017e97a25f3e4832fdb91_0000000066551,2,13.804843,17.58736
5da1389e4db8ce0c98bd0547_eca017e97a25f3e4832fdb91_0000000071745,2,17.462524,14.2073345
5da1389e4db8ce0c98bd0547_eca017e97a25f3e4832fdb91_0000000076623,2,21.647429,14.27481
5da1389e4db8ce0c98bd0547_f7ac4e6a8689647696b64804_0000000000010,1,60.643192000000006,60.167953
5da1389e4db8ce0c98bd0547_f7ac4e6a8689647696b64804_0000000006726,1,60.643192000000006,60.167953
5da1389e4db8ce0c98bd0547_f7ac4e6a8689647696b64804_0000000013897,1,62.327090000000005,62.57686
5da1389e4db8ce0c98bd0547_f7ac4e6a8689647696b64804_0000000020348,1,60.327362,71.326004
5da1389e4db8ce0c98bd0547_f7ac4e6a8689647696b64804_0000000024228,1,60.15782,77.10106999999999
5da1389e4db8ce0c98bd0547_f7ac4e6a8689647696b64804_0000000027755,1,56.850357,78.59340999999999
5da1389e4db8ce0c98bd0547_f7ac4e6a8689647696b64804_0000000032197,1,52.499480000000005,78.379364
5da1389e4db8ce0c98bd0547_f7ac4e6a8689647696b64804_0000000036953,1,46.98888,80.8543
5da1389e4db8ce0c98bd0547_f7ac4e6a8689647696b64804_0000000040330,1,46.98888,80.8543
5da1389e4db8ce0c98bd0547_f7ac4e6a8689647696b64804_0000000042860,1,42.44593,80.378136
5da1389e4db8ce0c98bd0547_f7ac4e6a8689647696b64804_0000000051805,1,34.731514000000004,81.35734000000001
5da1389e4db8ce0c98bd0547_f7ac4e6a8689647696b64804_0000000060006,1,34.529015,87.5067
5da1389e4db8ce0c98bd0547_f7ac4e6a8689647696b64804_0000000065860,1,34.453857,92.65827
5da1389e4db8ce0c98bd0547_f7c16e803908d3ab6ee0c603_0000000000009,2,9.540627,92.497536
5da1389e4db8ce0c98bd0547_f7c16e803908d3ab6ee0c603_0000000004887,2,9.62131,89.346275
5da1389e4db8ce0c98bd0547_f7c16e803908d3ab6ee0c603_0000000011253,2,14.679925,89.739746
5da1389e4db8ce0c98bd0547_f7c16e803908d3ab6ee0c603_0000000034986,2,17.25244,99.435936
5da1389e4db8ce0c98bd0547_f7c16e803908d3ab6ee0c603_0000000041707,2,14.492557,93.649475
5da1389e4db8ce0c98bd0547_f7c16e803908d3ab6ee0c603_0000000048148,2,17.439518,89.4328
5da1389e4db8ce0c98bd0547_f7c16e803908d3ab6ee0c603_0000000052254,2,17.922106,85.44726
5da1389e4db8ce0c98bd0547_f7c16e803908d3ab6ee0c603_0000000055491,2,19.630758,81.96276999999999
5da1389e4db8ce0c98bd0547_f7c16e803908d3ab6ee0c603_0000000059102,2,21.341127,76.97423
5da1389e4db8ce0c98bd0547_f7c16e803908d3ab6ee0c603_0000000064588,2,18.188051,75.973206
5da1389e4db8ce0c98bd0547_f7c16e803908d3ab6ee0c603_0000000067528,2,18.906872,66.12748
5da1389e4db8ce0c98bd0547_f7c16e803908d3ab6ee0c603_0000000079642,2,14.625092,66.02023
5da138b74db8ce0c98bd4774_01c41f1aeba5c48c2c4dd568_0000000000011,2,82.09221,73.44077
5da138b74db8ce0c98bd4774_01c41f1aeba5c48c2c4dd568_0000000005957,2,89.115326,68.968666
5da138b74db8ce0c98bd4774_01c41f1aeba5c48c2c4dd568_0000000011312,2,92.292595,64.351036
5da138b74db8ce0c98bd4774_01c41f1aeba5c48c2c4dd568_0000000015887,2,89.14494,58.639263
5da138b74db8ce0c98bd4774_01c41f1aeba5c48c2c4dd568_0000000022282,2,95.96032,53.51755
5da138b74db8ce0c98bd4774_01c41f1aeba5c48c2c4dd568_0000000028205,2,92.20758,45.874283
5da138b74db8ce0c98bd4774_01c41f1aeba5c48c2c4dd568_0000000038104,2,103.700615,38.331226
5da138b74db8ce0c98bd4774_01c41f1aeba5c48c2c4dd568_0000000045141,2,110.67978,32.9373
5da138b74db8ce0c98bd4774_01c41f1aeba5c48c2c4dd568_0000000049311,2,115.46184,34.468983
5da138b74db8ce0c98bd4774_01c41f1aeba5c48c2c4dd568_0000000053254,2,119.554565,35.033253
5da138b74db8ce0c98bd4774_01c41f1aeba5c48c2c4dd568_0000000061012,2,118.24139,28.2603
5da138b74db8ce0c98bd4774_01c41f1aeba5c48c2c4dd568_0000000065963,2,123.41192,24.494884
5da138b74db8ce0c98bd4774_01c41f1aeba5c48c2c4dd568_0000000070550,2,129.61088999999998,25.08404
5da138b74db8ce0c98bd4774_01c41f1aeba5c48c2c4dd568_0000000074861,2,133.3603,29.092740000000003
5da138b74db8ce0c98bd4774_01c41f1aeba5c48c2c4dd568_0000000084243,2,128.61412,39.592846
5da138b74db8ce0c98bd4774_01c41f1aeba5c48c2c4dd568_0000000088002,2,131.76027,41.30877
5da138b74db8ce0c98bd4774_055255f16b549ed22893c0c3_0000000000008,-1,118.78087,104.17049
5da138b74db8ce0c98bd4774_055255f16b549ed22893c0c3_0000000006568,-1,115.486984,114.89277
5da138b74db8ce0c98bd4774_055255f16b549ed22893c0c3_0000000013759,-1,118.77864,117.092896
5da138b74db8ce0c98bd4774_055255f16b549ed22893c0c3_0000000023545,-1,110.837585,118.51076
5da138b74db8ce0c98bd4774_055255f16b549ed22893c0c3_0000000038294,-1,114.1546,108.20473
5da138b74db8ce0c98bd4774_055255f16b549ed22893c0c3_0000000049680,-1,118.78087,104.17049
5da138b74db8ce0c98bd4774_055255f16b549ed22893c0c3_0000000060786,-1,114.1546,108.20473
5da138b74db8ce0c98bd4774_055255f16b549ed22893c0c3_0000000071111,-1,118.78087,104.17049
5da138b74db8ce0c98bd4774_055255f16b549ed22893c0c3_0000000076486,-1,118.78087,104.17049
5da138b74db8ce0c98bd4774_055255f16b549ed22893c0c3_0000000083005,-1,118.78087,104.17049
5da138b74db8ce0c98bd4774_055255f16b549ed22893c0c3_0000000091749,-1,114.1546,108.20473
5da138b74db8ce0c98bd4774_055255f16b549ed22893c0c3_0000000097094,-1,114.1546,108.20473
5da138b74db8ce0c98bd4774_055255f16b549ed22893c0c3_0000000103342,-1,120.467255,109.39558999999998
5da138b74db8ce0c98bd4774_055255f16b549ed22893c0c3_0000000112773,-1,115.486984,114.89277
5da138b74db8ce0c98bd4774_055255f16b549ed22893c0c3_0000000122102,-1,112.75972,125.60903
5da138b74db8ce0c98bd4774_0ce9bd5bf8f2351bfd217774_0000000000008,-1,143.42949,16.997663
5da138b74db8ce0c98bd4774_0ce9bd5bf8f2351bfd217774_0000000004028,-1,141.92533999999998,20.393553
5da138b74db8ce0c98bd4774_0ce9bd5bf8f2351bfd217774_0000000009625,-1,137.80125,25.334715
5da138b74db8ce0c98bd4774_0ce9bd5bf8f2351bfd217774_0000000016658,-1,141.33911,26.524433
5da138b74db8ce0c98bd4774_0ce9bd5bf8f2351bfd217774_0000000023296,-1,143.6315,27.119514
5da138b74db8ce0c98bd4774_0ce9bd5bf8f2351bfd217774_0000000026118,-1,146.04356,28.015772
5da138b74db8ce0c98bd4774_0ce9bd5bf8f2351bfd217774_0000000029093,-1,147.50898999999998,28.505108
5da138b74db8ce0c98bd4774_0ce9bd5bf8f2351bfd217774_0000000032138,-1,147.50898999999998,28.505108
5da138b74db8ce0c98bd4774_0ce9bd5bf8f2351bfd217774_0000000039719,-1,147.58456,23.347301
5da138b74db8ce0c98bd4774_0ce9bd5bf8f2351bfd217774_0000000044504,-1,143.6315,27.119514
5da138b74db8ce0c98bd4774_0ce9bd5bf8f2351bfd217774_0000000048580,-1,141.33911,26.524433
5da138b74db8ce0c98bd4774_0ce9bd5bf8f2351bfd217774_0000000058690,-1,146.04356,28.015772
5da138b74db8ce0c98bd4774_0ce9bd5bf8f2351bfd217774_0000000066323,-1,147.58456,23.347301
5da138b74db8ce0c98bd4774_0ce9bd5bf8f2351bfd217774_0000000075621,-1,147.50898999999998,28.505108
5da138b74db8ce0c98bd4774_240060212e4ee62beb701c5c_0000000000011,1,69.09611,131.39584
5da138b74db8ce0c98bd4774_240060212e4ee62beb701c5c_0000000004042,1,71.63549,124.778656
5da138b74db8ce0c98bd4774_240060212e4ee62beb701c5c_0000000006307,1,71.63549,124.778656
5da138b74db8ce0c98bd4774_240060212e4ee62beb701c5c_0000000010219,1,75.582436,122.52867
5da138b74db8ce0c98bd4774_240060212e4ee62beb701c5c_0000000013669,1,74.488556,117.3657
5da138b74db8ce0c98bd4774_240060212e4ee62beb701c5c_0000000016928,1,74.488556,117.3657
5da138b74db8ce0c98bd4774_240060212e4ee62beb701c5c_0000000024362,1,79.57355,105.867226
5da138b74db8ce0c98bd4774_240060212e4ee62beb701c5c_0000000026595,1,79.57355,105.867226
5da138b74db8ce0c98bd4774_240060212e4ee62beb701c5c_0000000033252,1,84.91139,98.089554
5da138b74db8ce0c98bd4774_240060212e4ee62beb701c5c_0000000038707,1,84.91139,98.089554
5da138b74db8ce0c98bd4774_240060212e4ee62beb701c5c_0000000052095,1,90.59222,97.59387
5da138b74db8ce0c98bd4774_240060212e4ee62beb701c5c_0000000054556,1,90.59222,97.59387
5da138b74db8ce0c98bd4774_240060212e4ee62beb701c5c_0000000060800,1,96.48261,100.10573
5da138b74db8ce0c98bd4774_240060212e4ee62beb701c5c_0000000064885,1,97.10632,103.68764
5da138b74db8ce0c98bd4774_240060212e4ee62beb701c5c_0000000068786,1,100.375786,107.85496
5da138b74db8ce0c98bd4774_2402c2005e29469cbfbf410b_0000000000009,0,78.93462,99.61523
5da138b74db8ce0c98bd4774_2402c2005e29469cbfbf410b_0000000003694,0,78.93462,99.61523
5da138b74db8ce0c98bd4774_2402c2005e29469cbfbf410b_0000000008088,0,75.48608399999999,101.68442
5da138b74db8ce0c98bd4774_2402c2005e29469cbfbf410b_0000000046361,0,63.282288,94.812035
5da138b74db8ce0c98bd4774_2402c2005e29469cbfbf410b_0000000050401,0,63.282288,94.812035
5da138b74db8ce0c98bd4774_2402c2005e29469cbfbf410b_0000000055532,0,60.97491,92.24608
5da138b74db8ce0c98bd4774_2402c2005e29469cbfbf410b_0000000061527,0,55.557396,92.85794
5da138b74db8ce0c98bd4774_2402c2005e29469cbfbf410b_0000000064559,0,50.544136,94.00318
5da138b74db8ce0c98bd4774_2402c2005e29469cbfbf410b_0000000071267,0,47.472977,91.99686
5da138b74db8ce0c98bd4774_2402c2005e29469cbfbf410b_0000000080100,0,36.624065,92.050064
5da138b74db8ce0c98bd4774_340f3ca472a404fbef58f8b1_0000000000011,1,40.73635,91.32055
5da138b74db8ce0c98bd4774_340f3ca472a404fbef58f8b1_0000000012289,1,52.80658,93.3674
5da138b74db8ce0c98bd4774_340f3ca472a404fbef58f8b1_0000000017549,1,50.615936,90.928635
5da138b74db8ce0c98bd4774_340f3ca472a404fbef58f8b1_0000000022189,1,52.80658,93.3674
5da138b74db8ce0c98bd4774_340f3ca472a404fbef58f8b1_0000000025536,1,56.391384,92.14523
5da138b74db8ce0c98bd4774_340f3ca472a404fbef58f8b1_0000000032705,1,62.767,93.45229
5da138b74db8ce0c98bd4774_340f3ca472a404fbef58f8b1_0000000038500,1,62.767,93.45229
5da138b74db8ce0c98bd4774_340f3ca472a404fbef58f8b1_0000000043065,1,62.767,93.45229
5da138b74db8ce0c98bd4774_340f3ca472a404fbef58f8b1_0000000047211,1,68.90462,94.71261
5da138b74db8ce0c98bd4774_340f3ca472a404fbef58f8b1_0000000050547,1,68.90462,94.71261
5da138b74db8ce0c98bd4774_340f3ca472a404fbef58f8b1_0000000055447,1,68.90462,94.71261
5da138b74db8ce0c98bd4774_340f3ca472a404fbef58f8b1_0000000060155,1,70.57938399999999,96.87903
5da138b74db8ce0c98bd4774_340f3ca472a404fbef58f8b1_0000000065630,1,72.84201,92.35945
5da138b74db8ce0c98bd4774_340f3ca472a404fbef58f8b1_0000000072665,1,68.90462,94.71261
5da138b74db8ce0c98bd4774_340f3ca472a404fbef58f8b1_0000000078580,1,68.90462,94.71261
5da138b74db8ce0c98bd4774_340f3ca472a404fbef58f8b1_0000000084138,1,72.62998,96.08878
5da138b74db8ce0c98bd4774_340f3ca472a404fbef58f8b1_0000000089312,1,77.33731999999999,97.15046
5da138b74db8ce0c98bd4774_340f3ca472a404fbef58f8b1_0000000094033,1,82.13359,95.59677
5da138b74db8ce0c98bd4774_39537bf344b43f10a20e060f_0000000000008,-1,48.60562,288.60422
5da138b74db8ce0c98bd4774_39537bf344b43f10a20e060f_0000000005225,-1,47.571090000000005,293.34592000000004
5da138b74db8ce0c98bd4774_39537bf344b43f10a20e060f_0000000023254,-1,46.880547,296.0333
5da138b74db8ce0c98bd4774_39537bf344b43f10a20e060f_0000000025723,-1,46.880547,296.0333
5da138b74db8ce0c98bd4774_39537bf344b43f10a20e060f_0000000034764,-1,36.41606,294.0228
5da138b74db8ce0c98bd4774_39537bf344b43f10a20e060f_0000000045036,-1,26.454756,292.46448
5da138b74db8ce0c98bd4774_39537bf344b43f10a20e060f_0000000050518,-1,28.424444,288.24142
5da138b74db8ce0c98bd4774_39537bf344b43f10a20e060f_0000000052075,-1,26.929018,286.3308
5da138b74db8ce0c98bd4774_39537bf344b43f10a20e060f_0000000075978,-1,26.929018,286.3308
5da138b74db8ce0c98bd4774_39537bf344b43f10a20e060f_0000000080908,-1,26.929018,286.3308
5da138b74db8ce0c98bd4774_39537bf344b43f10a20e060f_0000000083934,-1,26.929018,286.3308
5da138b74db8ce0c98bd4774_39537bf344b43f10a20e060f_0000000086872,-1,22.069757,292.5637
5da138b74db8ce0c98bd4774_39537bf344b43f10a20e060f_0000000092441,-1,26.454756,292.46448
5da138b74db8ce0c98bd4774_39537bf344b43f10a20e060f_0000000097299,-1,28.424444,288.24142
5da138b74db8ce0c98bd4774_39a5e60107bdf4c530130c52_0000000000013,1,121.47506,47.242867
5da138b74db8ce0c98bd4774_39a5e60107bdf4c530130c52_0000000007225,1,128.36711,52.967403
5da138b74db8ce0c98bd4774_39a5e60107bdf4c530130c52_0000000012274,1,127.55137,49.856956
5da138b74db8ce0c98bd4774_39a5e60107bdf4c530130c52_0000000019357,1,121.47506,47.242867
5da138b74db8ce0c98bd4774_39a5e60107bdf4c530130c52_0000000023571,1,121.81279,43.50511
5da138b74db8ce0c98bd4774_39a5e60107bdf4c530130c52_0000000032474,1,114.53211,40.27828
5da138b74db8ce0c98bd4774_39a5e60107bdf4c530130c52_0000000045317,1,120.89978,27.19635
5da138b74db8ce0c98bd4774_39a5e60107bdf4c530130c52_0000000051680,1,123.30547,25.635292
5da138b74db8ce0c98bd4774_39a5e60107bdf4c530130c52_0000000059454,1,120.89978,27.19635
5da138b74db8ce0c98bd4774_39a5e60107bdf4c530130c52_0000000063523,1,117.127045,37.011215
5da138b74db8ce0c98bd4774_39a5e60107bdf4c530130c52_0000000070458,1,117.127045,37.011215
5da138b74db8ce0c98bd4774_39a5e60107bdf4c530130c52_0000000076233,1,114.243935,26.587286
5da138b74db8ce0c98bd4774_39a5e60107bdf4c530130c52_0000000086731,1,120.89978,27.19635
5da138b74db8ce0c98bd4774_39a5e60107bdf4c530130c52_0000000096743,1,117.127045,37.011215
5da138b74db8ce0c98bd4774_3e1ba2182d077b7fd17d524f_0000000000006,4,120.373985,100.5115
5da138b74db8ce0c98bd4774_3e1ba2182d077b7fd17d524f_0000000005647,4,128.10135,108.59136
5da138b74db8ce0c98bd4774_3e1ba2182d077b7fd17d524f_0000000011613,4,129.04675,102.12522
5da138b74db8ce0c98bd4774_3e1ba2182d077b7fd17d524f_0000000015825,4,133.34067,99.40574
5da138b74db8ce0c98bd4774_3e1ba2182d077b7fd17d524f_0000000022405,4,128.98837,94.82463
5da138b74db8ce0c98bd4774_3e1ba2182d077b7fd17d524f_0000000027773,4,130.99962,98.6928
5da138b74db8ce0c98bd4774_3e1ba2182d077b7fd17d524f_0000000035280,4,126.53142,93.55126
5da138b74db8ce0c98bd4774_3e1ba2182d077b7fd17d524f_0000000042167,4,120.68771,87.5124
5da138b74db8ce0c98bd4774_3e1ba2182d077b7fd17d524f_0000000049042,4,114.140915,85.54635
5da138b74db8ce0c98bd4774_3e1ba2182d077b7fd17d524f_0000000057249,4,102.35336,83.313354
5da138b74db8ce0c98bd4774_3e1ba2182d077b7fd17d524f_0000000066517,4,87.23482,91.1878
5da138b74db8ce0c98bd4774_3e1ba2182d077b7fd17d524f_0000000072879,4,83.48118000000001,97.88323
5da138b74db8ce0c98bd4774_3e1ba2182d077b7fd17d524f_0000000078968,4,84.11288,105.58147
5da138b74db8ce0c98bd4774_3e1ba2182d077b7fd17d524f_0000000083670,4,84.11288,105.58147
5da138b74db8ce0c98bd4774_3e1ba2182d077b7fd17d524f_0000000091406,4,94.18368,115.788994
5da138b74db8ce0c98bd4774_3e1ba2182d077b7fd17d524f_0000000097183,4,100.049164,117.49163
5da138b74db8ce0c98bd4774_3e1ba2182d077b7fd17d524f_0000000101916,4,102.9839,116.21741000000002
5da138b74db8ce0c98bd4774_3e1ba2182d077b7fd17d524f_0000000106390,4,107.566414,119.4368
5da138b74db8ce0c98bd4774_3e1ba2182d077b7fd17d524f_0000000113298,4,112.62562,118.54746000000002
5da138b74db8ce0c98bd4774_3e1ba2182d077b7fd17d524f_0000000120857,4,122.639336,117.10233
5da138b74db8ce0c98bd4774_3e1ba2182d077b7fd17d524f_0000000124989,4,127.17736,112.63898
5da138b74db8ce0c98bd4774_3e1ba2182d077b7fd17d524f_0000000130767,4,128.10135,108.59136
5da138b74db8ce0c98bd4774_3e1ba2182d077b7fd17d524f_0000000136936,4,130.99962,98.6928
5da138b74db8ce0c98bd4774_3e1ba2182d077b7fd17d524f_0000000142178,4,135.70332,100.17403
5da138b74db8ce0c98bd4774_3e1ba2182d077b7fd17d524f_0000000152696,4,129.04675,102.12522
5da138b74db8ce0c98bd4774_3e1ba2182d077b7fd17d524f_0000000161425,4,127.17736,112.63898
5da138b74db8ce0c98bd4774_3e1ba2182d077b7fd17d524f_0000000167184,4,127.17736,112.63898
5da138b74db8ce0c98bd4774_3e1ba2182d077b7fd17d524f_0000000170037,4,127.17736,112.63898
5da138b74db8ce0c98bd4774_3e1ba2182d077b7fd17d524f_0000000176436,4,125.31185,103.72241
5da138b74db8ce0c98bd4774_3e1ba2182d077b7fd17d524f_0000000182309,4,125.31185,103.72241
5da138b74db8ce0c98bd4774_3e1ba2182d077b7fd17d524f_0000000186643,4,129.04675,102.12522
5da138b74db8ce0c98bd4774_3e61e72b06bc6f787d9b176f_0000000000008,4,84.29683,55.73978
5da138b74db8ce0c98bd4774_3e61e72b06bc6f787d9b176f_0000000002406,4,84.29683,55.73978
5da138b74db8ce0c98bd4774_3e61e72b06bc6f787d9b176f_0000000006939,4,85.60978,57.975536
5da138b74db8ce0c98bd4774_3e61e72b06bc6f787d9b176f_0000000011887,4,88.90224,58.78349
5da138b74db8ce0c98bd4774_3e61e72b06bc6f787d9b176f_0000000020648,4,92.14377,64.49248
5da138b74db8ce0c98bd4774_3e61e72b06bc6f787d9b176f_0000000026293,4,90.32258,69.037254
5da138b74db8ce0c98bd4774_3e61e72b06bc6f787d9b176f_0000000032592,4,93.821884,74.77094
5da138b74db8ce0c98bd4774_3e61e72b06bc6f787d9b176f_0000000040175,4,90.32258,69.037254
5da138b74db8ce0c98bd4774_3e61e72b06bc6f787d9b176f_0000000046459,4,84.03952,72.40158000000001
5da138b74db8ce0c98bd4774_3e61e72b06bc6f787d9b176f_0000000052060,4,81.39527,68.469925
5da138b74db8ce0c98bd4774_3e61e72b06bc6f787d9b176f_0000000055504,4,83.25185,66.58117
5da138b74db8ce0c98bd4774_3e61e72b06bc6f787d9b176f_0000000059916,4,81.39527,68.469925
5da138b74db8ce0c98bd4774_3e61e72b06bc6f787d9b176f_0000000062361,4,79.41683,69.389015
5da138b74db8ce0c98bd4774_3e61e72b06bc6f787d9b176f_0000000070804,4,83.88096,75.2357
5da138b74db8ce0c98bd4774_3e61e72b06bc6f787d9b176f_0000000079602,4,88.262146,82.019745
5da138b74db8ce0c98bd4774_4aaa69d3ff7e13ed5e824aa2_0000000000007,1,100.15437,77.195564
5da138b74db8ce0c98bd4774_4aaa69d3ff7e13ed5e824aa2_0000000003034,1,100.15437,77.195564
5da138b74db8ce0c98bd4774_4aaa69d3ff7e13ed5e824aa2_0000000007535,1,99.54893,79.616646
5da138b74db8ce0c98bd4774_4aaa69d3ff7e13ed5e824aa2_0000000011983,1,94.22013,82.16771
5da138b74db8ce0c98bd4774_4aaa69d3ff7e13ed5e824aa2_0000000016561,1,89.7333,87.07609599999999
5da138b74db8ce0c98bd4774_4aaa69d3ff7e13ed5e824aa2_0000000022239,1,91.288994,94.0456
5da138b74db8ce0c98bd4774_4aaa69d3ff7e13ed5e824aa2_0000000028134,1,90.21319,99.89875
5da138b74db8ce0c98bd4774_4aaa69d3ff7e13ed5e824aa2_0000000034860,1,100.375786,107.85496
5da138b74db8ce0c98bd4774_4aaa69d3ff7e13ed5e824aa2_0000000041689,1,103.93336,108.16546
5da138b74db8ce0c98bd4774_4aaa69d3ff7e13ed5e824aa2_0000000045405,1,111.39976,110.11471
5da138b74db8ce0c98bd4774_4aaa69d3ff7e13ed5e824aa2_0000000051255,1,120.07587,108.18628
5da138b74db8ce0c98bd4774_4aaa69d3ff7e13ed5e824aa2_0000000057156,1,126.521225,105.29732
5da138b74db8ce0c98bd4774_4aaa69d3ff7e13ed5e824aa2_0000000062329,1,126.521225,105.29732
5da138b74db8ce0c98bd4774_4aaa69d3ff7e13ed5e824aa2_0000000069902,1,131.01012,92.463936
5da138b74db8ce0c98bd4774_4aaa69d3ff7e13ed5e824aa2_0000000076273,1,125.34387,84.67057
5da138b74db8ce0c98bd4774_4aaa69d3ff7e13ed5e824aa2_0000000083091,1,119.27861,79.532036
5da138b74db8ce0c98bd4774_4aaa69d3ff7e13ed5e824aa2_0000000087515,1,110.66051000000002,79.057526
5da138b74db8ce0c98bd4774_4c93f4e157d7e283547f1153_0000000000007,3,53.278183,96.40402
5da138b74db8ce0c98bd4774_4c93f4e157d7e283547f1153_0000000008713,3,63.59131,90.27403
5da138b74db8ce0c98bd4774_4c93f4e157d7e283547f1153_0000000017352,3,60.650135,95.246544
5da138b74db8ce0c98bd4774_4c93f4e157d7e283547f1153_0000000021762,3,61.86791,98.74098
5da138b74db8ce0c98bd4774_4c93f4e157d7e283547f1153_0000000029084,3,68.92829,90.82157
5da138b74db8ce0c98bd4774_4c93f4e157d7e283547f1153_0000000036585,3,76.44513,89.57500999999999
5da138b74db8ce0c98bd4774_4c93f4e157d7e283547f1153_0000000041142,3,74.751915,87.07862
5da138b74db8ce0c98bd4774_4c93f4e157d7e283547f1153_0000000050660,3,68.92829,90.82157
5da138b74db8ce0c98bd4774_4c93f4e157d7e283547f1153_0000000059162,3,61.86791,98.74098
5da138b74db8ce0c98bd4774_4c93f4e157d7e283547f1153_0000000068885,3,68.92829,90.82157
5da138b74db8ce0c98bd4774_4c93f4e157d7e283547f1153_0000000073571,3,68.92829,90.82157
5da138b74db8ce0c98bd4774_4c93f4e157d7e283547f1153_0000000082833,3,73.65074,84.43585999999999
5da138b74db8ce0c98bd4774_4c93f4e157d7e283547f1153_0000000087105,3,74.751915,87.07862
5da138b74db8ce0c98bd4774_4c93f4e157d7e283547f1153_0000000090294,3,76.44513,89.57500999999999
5da138b74db8ce0c98bd4774_4c93f4e157d7e283547f1153_0000000098388,3,68.92829,90.82157
5da138b74db8ce0c98bd4774_4c93f4e157d7e283547f1153_0000000104067,3,63.59131,90.27403
5da138b74db8ce0c98bd4774_4c93f4e157d7e283547f1153_0000000114282,3,61.86791,98.74098
5da138b74db8ce0c98bd4774_4c93f4e157d7e283547f1153_0000000125072,3,53.278183,96.40402
5da138b74db8ce0c98bd4774_536134a5924bfa7840e315de_0000000000009,3,109.75044,174.56223
5da138b74db8ce0c98bd4774_536134a5924bfa7840e315de_0000000002678,3,111.64573,173.03853999999998
5da138b74db8ce0c98bd4774_536134a5924bfa7840e315de_0000000008974,3,118.603,168.64313
5da138b74db8ce0c98bd4774_536134a5924bfa7840e315de_0000000015272,3,125.67796,164.25803
5da138b74db8ce0c98bd4774_536134a5924bfa7840e315de_0000000023699,3,129.20096,169.22548
5da138b74db8ce0c98bd4774_536134a5924bfa7840e315de_0000000030208,3,134.19218,166.1376
5da138b74db8ce0c98bd4774_536134a5924bfa7840e315de_0000000034345,3,138.96965,163.24684
5da138b74db8ce0c98bd4774_536134a5924bfa7840e315de_0000000042213,3,134.19218,166.1376
5da138b74db8ce0c98bd4774_536134a5924bfa7840e315de_0000000046750,3,129.20096,169.22548
5da138b74db8ce0c98bd4774_536134a5924bfa7840e315de_0000000051901,3,125.67796,164.25803
5da138b74db8ce0c98bd4774_536134a5924bfa7840e315de_0000000057491,3,121.7013,157.82222
5da138b74db8ce0c98bd4774_536134a5924bfa7840e315de_0000000063969,3,117.66388,151.37785
5da138b74db8ce0c98bd4774_5a0cd5dec226a90c3818ec03_0000000000007,2,115.46184,34.468983
5da138b74db8ce0c98bd4774_5a0cd5dec226a90c3818ec03_0000000006419,2,113.65044,41.159897
5da138b74db8ce0c98bd4774_5a0cd5dec226a90c3818ec03_0000000009518,2,111.073944,44.425198
5da138b74db8ce0c98bd4774_5a0cd5dec226a90c3818ec03_0000000013174,2,111.920425,50.028305
5da138b74db8ce0c98bd4774_5a0cd5dec226a90c3818ec03_0000000016702,2,107.988754,52.807503
5da138b74db8ce0c98bd4774_5a0cd5dec226a90c3818ec03_0000000018960,2,109.54777,55.661633
5da138b74db8ce0c98bd4774_5a0cd5dec226a90c3818ec03_0000000024971,2,105.19993,63.16395
5da138b74db8ce0c98bd4774_5a0cd5dec226a90c3818ec03_0000000026795,2,107.53066,65.00564
5da138b74db8ce0c98bd4774_5a0cd5dec226a90c3818ec03_0000000032170,2,107.56134,68.52627
5da138b74db8ce0c98bd4774_5a0cd5dec226a90c3818ec03_0000000035352,2,103.72339,71.99056999999999
5da138b74db8ce0c98bd4774_5a0cd5dec226a90c3818ec03_0000000041020,2,104.76732,75.59465
5da138b74db8ce0c98bd4774_5a0cd5dec226a90c3818ec03_0000000050418,2,114.731766,83.43253
5da138b74db8ce0c98bd4774_5a0cd5dec226a90c3818ec03_0000000060483,2,102.58063,85.092865
5da138b74db8ce0c98bd4774_6b58ff42c73427fdefe9d2bb_0000000000015,-1,90.961235,181.39339
5da138b74db8ce0c98bd4774_6b58ff42c73427fdefe9d2bb_0000000004014,-1,90.527374,186.28928
5da138b74db8ce0c98bd4774_6b58ff42c73427fdefe9d2bb_0000000010412,-1,89.12845,190.09482
5da138b74db8ce0c98bd4774_6b58ff42c73427fdefe9d2bb_0000000015409,-1,85.67235,194.29257
5da138b74db8ce0c98bd4774_6b58ff42c73427fdefe9d2bb_0000000018845,-1,85.67235,194.29257
5da138b74db8ce0c98bd4774_6b58ff42c73427fdefe9d2bb_0000000026342,-1,84.32561,200.21526
5da138b74db8ce0c98bd4774_6b58ff42c73427fdefe9d2bb_0000000029033,-1,84.32561,200.21526
5da138b74db8ce0c98bd4774_6b58ff42c73427fdefe9d2bb_0000000034196,-1,82.07308,205.34541
5da138b74db8ce0c98bd4774_6b58ff42c73427fdefe9d2bb_0000000040080,-1,80.9699,210.92691
5da138b74db8ce0c98bd4774_6b58ff42c73427fdefe9d2bb_0000000049873,-1,88.32299,211.22806
5da138b74db8ce0c98bd4774_6b58ff42c73427fdefe9d2bb_0000000058810,-1,88.952805,205.03491
5da138b74db8ce0c98bd4774_6b58ff42c73427fdefe9d2bb_0000000065899,-1,85.47065,201.64322
5da138b74db8ce0c98bd4774_6b58ff42c73427fdefe9d2bb_0000000072660,-1,91.00849,200.75562
5da138b74db8ce0c98bd4774_6b58ff42c73427fdefe9d2bb_0000000079781,-1,84.32561,200.21526
5da138b74db8ce0c98bd4774_6b58ff42c73427fdefe9d2bb_0000000087889,-1,87.30546600000001,195.42416
5da138b74db8ce0c98bd4774_7efc4326b753c9133e0b908e_0000000000007,1,40.12789,73.52244
5da138b74db8ce0c98bd4774_7efc4326b753c9133e0b908e_0000000005459,1,47.086338,76.6585
5da138b74db8ce0c98bd4774_7efc4326b753c9133e0b908e_0000000011833,1,51.503887,71.2008
5da138b74db8ce0c98bd4774_7efc4326b753c9133e0b908e_0000000017849,1,53.939117,74.02159
5da138b74db8ce0c98bd4774_7efc4326b753c9133e0b908e_0000000022005,1,59.489677,74.54562
5da138b74db8ce0c98bd4774_7efc4326b753c9133e0b908e_0000000027129,1,65.369156,76.420715
5da138b74db8ce0c98bd4774_7efc4326b753c9133e0b908e_0000000032938,1,71.81435400000001,78.21296
5da138b74db8ce0c98bd4774_7efc4326b753c9133e0b908e_0000000039165,1,76.96363000000001,82.52128
5da138b74db8ce0c98bd4774_7efc4326b753c9133e0b908e_0000000045782,1,84.8052,84.1761
5da138b74db8ce0c98bd4774_7efc4326b753c9133e0b908e_0000000057582,1,73.94627,84.203186
5da138b74db8ce0c98bd4774_7efc4326b753c9133e0b908e_0000000064783,1,72.09534000000001,80.179
5da138b74db8ce0c98bd4774_7efc4326b753c9133e0b908e_0000000069686,1,72.09534000000001,80.179
5da138b74db8ce0c98bd4774_7efc4326b753c9133e0b908e_0000000074135,1,73.94627,84.203186
5da138b74db8ce0c98bd4774_965778109ccdb3eb34af8bf0_0000000000007,-2,122.527466,88.99861
5da138b74db8ce0c98bd4774_965778109ccdb3eb34af8bf0_0000000003421,-2,122.527466,88.99861
5da138b74db8ce0c98bd4774_965778109ccdb3eb34af8bf0_0000000010118,-2,120.082954,96.64313
5da138b74db8ce0c98bd4774_965778109ccdb3eb34af8bf0_0000000017144,-2,116.18599,106.168335
5da138b74db8ce0c98bd4774_965778109ccdb3eb34af8bf0_0000000023413,-2,112.95908,116.39371
5da138b74db8ce0c98bd4774_965778109ccdb3eb34af8bf0_0000000029532,-2,109.62293,117.85255
5da138b74db8ce0c98bd4774_965778109ccdb3eb34af8bf0_0000000037571,-2,106.4835,125.42128
5da138b74db8ce0c98bd4774_965778109ccdb3eb34af8bf0_0000000043804,-2,107.577805,125.515144
5da138b74db8ce0c98bd4774_965778109ccdb3eb34af8bf0_0000000048317,-2,110.99916,117.867836
5da138b74db8ce0c98bd4774_965778109ccdb3eb34af8bf0_0000000051845,-2,112.95908,116.39371
5da138b74db8ce0c98bd4774_965778109ccdb3eb34af8bf0_0000000055095,-2,112.95908,116.39371
5da138b74db8ce0c98bd4774_965778109ccdb3eb34af8bf0_0000000058633,-2,114.60574,108.17435
5da138b74db8ce0c98bd4774_965778109ccdb3eb34af8bf0_0000000062159,-2,116.18599,106.168335
5da138b74db8ce0c98bd4774_965778109ccdb3eb34af8bf0_0000000067641,-2,124.37556,101.49306
5da138b74db8ce0c98bd4774_965778109ccdb3eb34af8bf0_0000000070046,-2,124.37556,101.49306
5da138b74db8ce0c98bd4774_965778109ccdb3eb34af8bf0_0000000073549,-2,127.11813,98.18783
5da138b74db8ce0c98bd4774_965778109ccdb3eb34af8bf0_0000000078163,-2,129.64403,91.720345
5da138b74db8ce0c98bd4774_965778109ccdb3eb34af8bf0_0000000080450,-2,129.64403,91.720345
5da138b74db8ce0c98bd4774_a1a32c28854aeef857ef79a5_0000000000015,0,119.521835,43.27202
5da138b74db8ce0c98bd4774_a1a32c28854aeef857ef79a5_0000000005922,0,123.98487,29.763968
5da138b74db8ce0c98bd4774_a1a32c28854aeef857ef79a5_0000000009719,0,121.52226,28.518755
5da138b74db8ce0c98bd4774_a1a32c28854aeef857ef79a5_0000000012942,0,123.98487,29.763968
5da138b74db8ce0c98bd4774_a1a32c28854aeef857ef79a5_0000000022163,0,123.62865,37.852856
5da138b74db8ce0c98bd4774_a1a32c28854aeef857ef79a5_0000000027844,0,119.521835,43.27202
5da138b74db8ce0c98bd4774_a1a32c28854aeef857ef79a5_0000000035678,0,112.144356,51.94213
5da138b74db8ce0c98bd4774_a1a32c28854aeef857ef79a5_0000000038599,0,113.27832,58.500465000000005
5da138b74db8ce0c98bd4774_a1a32c28854aeef857ef79a5_0000000046607,0,116.13432,67.39741500000001
5da138b74db8ce0c98bd4774_a1a32c28854aeef857ef79a5_0000000055291,0,116.719,76.87876
5da138b74db8ce0c98bd4774_a1a32c28854aeef857ef79a5_0000000060037,0,116.96996,83.3492
5da138b74db8ce0c98bd4774_a1a32c28854aeef857ef79a5_0000000067019,0,116.96996,83.3492
5da138b74db8ce0c98bd4774_a1a32c28854aeef857ef79a5_0000000074592,0,116.719,76.87876
5da138b74db8ce0c98bd4774_a1a32c28854aeef857ef79a5_0000000081679,0,116.13432,67.39741500000001
5da138b74db8ce0c98bd4774_a1a32c28854aeef857ef79a5_0000000086803,0,113.5453,67.058136
5da138b74db8ce0c98bd4774_a1a32c28854aeef857ef79a5_0000000090407,0,113.5453,67.058136
5da138b74db8ce0c98bd4774_a1a32c28854aeef857ef79a5_0000000100231,0,119.65847,59.844196
5da138b74db8ce0c98bd4774_a1a32c28854aeef857ef79a5_0000000105963,0,119.65847,59.844196
5da138b74db8ce0c98bd4774_a1a32c28854aeef857ef79a5_0000000113446,0,115.77881,47.278793
5da138b74db8ce0c98bd4774_a1a32c28854aeef857ef79a5_0000000118434,0,122.87669,48.08574
5da138b74db8ce0c98bd4774_a1a32c28854aeef857ef79a5_0000000124247,0,124.61492,42.304035
5da138b74db8ce0c98bd4774_a1a32c28854aeef857ef79a5_0000000126863,0,124.61492,42.304035
5da138b74db8ce0c98bd4774_a1a32c28854aeef857ef79a5_0000000132103,0,123.62865,37.852856
5da138b74db8ce0c98bd4774_a1a32c28854aeef857ef79a5_0000000135479,0,128.04932,34.650124
5da138b74db8ce0c98bd4774_a57f8728343b9cb2491e6c86_0000000000006,1,132.26238999999998,89.13004000000001
5da138b74db8ce0c98bd4774_a57f8728343b9cb2491e6c86_0000000002291,1,132.26238999999998,89.13004000000001
5da138b74db8ce0c98bd4774_a57f8728343b9cb2491e6c86_0000000011274,1,131.01012,92.463936
5da138b74db8ce0c98bd4774_a57f8728343b9cb2491e6c86_0000000016916,1,134.49653999999998,96.08011
5da138b74db8ce0c98bd4774_a57f8728343b9cb2491e6c86_0000000022521,1,123.577156,103.81558
5da138b74db8ce0c98bd4774_a57f8728343b9cb2491e6c86_0000000029123,1,116.6001,106.55865
5da138b74db8ce0c98bd4774_a57f8728343b9cb2491e6c86_0000000034723,1,112.30142,107.13434
5da138b74db8ce0c98bd4774_a57f8728343b9cb2491e6c86_0000000040313,1,103.88041,105.49818
5da138b74db8ce0c98bd4774_a57f8728343b9cb2491e6c86_0000000047385,1,97.10632,103.68764
5da138b74db8ce0c98bd4774_a57f8728343b9cb2491e6c86_0000000053397,1,90.59222,97.59387
5da138b74db8ce0c98bd4774_a57f8728343b9cb2491e6c86_0000000057321,1,91.288994,94.0456
5da138b74db8ce0c98bd4774_a57f8728343b9cb2491e6c86_0000000063423,1,89.7333,87.07609599999999
5da138b74db8ce0c98bd4774_a57f8728343b9cb2491e6c86_0000000069274,1,94.22013,82.16771
5da138b74db8ce0c98bd4774_a57f8728343b9cb2491e6c86_0000000074127,1,99.54893,79.616646
5da138b74db8ce0c98bd4774_a57f8728343b9cb2491e6c86_0000000083178,1,110.66051000000002,79.057526
5da138b74db8ce0c98bd4774_aa8383281d2c90c5576bb4e7_0000000000012,3,94.14011,141.21582
5da138b74db8ce0c98bd4774_aa8383281d2c90c5576bb4e7_0000000004714,3,94.6334,135.06769
5da138b74db8ce0c98bd4774_aa8383281d2c90c5576bb4e7_0000000011785,3,97.65531,126.34769
5da138b74db8ce0c98bd4774_aa8383281d2c90c5576bb4e7_0000000018874,3,101.64866,124.03256
5da138b74db8ce0c98bd4774_aa8383281d2c90c5576bb4e7_0000000023332,3,100.7568,120.22969
5da138b74db8ce0c98bd4774_aa8383281d2c90c5576bb4e7_0000000030853,3,98.26637,116.02067
5da138b74db8ce0c98bd4774_aa8383281d2c90c5576bb4e7_0000000038732,3,96.92595,122.69745
5da138b74db8ce0c98bd4774_aa8383281d2c90c5576bb4e7_0000000043849,3,100.7568,120.22969
5da138b74db8ce0c98bd4774_aa8383281d2c90c5576bb4e7_0000000050534,3,97.65531,126.34769
5da138b74db8ce0c98bd4774_aa8383281d2c90c5576bb4e7_0000000057532,3,97.43007,132.16068
5da138b74db8ce0c98bd4774_aa8383281d2c90c5576bb4e7_0000000063922,3,94.14011,141.21582
5da138b74db8ce0c98bd4774_aa8383281d2c90c5576bb4e7_0000000070807,3,89.63327,144.00711
5da138b74db8ce0c98bd4774_ac93c263f13fb5eda552ca97_0000000000007,0,114.08841,107.36659
5da138b74db8ce0c98bd4774_ac93c263f13fb5eda552ca97_0000000002574,0,114.08841,107.36659
5da138b74db8ce0c98bd4774_ac93c263f13fb5eda552ca97_0000000006055,0,112.673035,110.654015
5da138b74db8ce0c98bd4774_ac93c263f13fb5eda552ca97_0000000016144,0,120.67688,106.69348
5da138b74db8ce0c98bd4774_ac93c263f13fb5eda552ca97_0000000021177,0,120.67688,106.69348
5da138b74db8ce0c98bd4774_ac93c263f13fb5eda552ca97_0000000024328,0,124.63541,108.647865
5da138b74db8ce0c98bd4774_ac93c263f13fb5eda552ca97_0000000030156,0,127.28371,101.35621
5da138b74db8ce0c98bd4774_ac93c263f13fb5eda552ca97_0000000036425,0,127.28371,101.35621
5da138b74db8ce0c98bd4774_ac93c263f13fb5eda552ca97_0000000040070,0,131.4191,103.22438
5da138b74db8ce0c98bd4774_ac93c263f13fb5eda552ca97_0000000049613,0,132.99295,99.196106
5da138b74db8ce0c98bd4774_ac93c263f13fb5eda552ca97_0000000059166,0,127.28371,101.35621
5da138b74db8ce0c98bd4774_ac93c263f13fb5eda552ca97_0000000067944,0,132.99295,99.196106
5da138b74db8ce0c98bd4774_ac93c263f13fb5eda552ca97_0000000071079,0,132.99295,99.196106
5da138b74db8ce0c98bd4774_ac93c263f13fb5eda552ca97_0000000073972,0,132.99295,99.196106
5da138b74db8ce0c98bd4774_ac93c263f13fb5eda552ca97_0000000079061,0,132.99295,99.196106
5da138b74db8ce0c98bd4774_b40da1395a4ea396026ea3fa_0000000000008,-1,119.21282,18.801897
5da138b74db8ce0c98bd4774_b40da1395a4ea396026ea3fa_0000000003604,-1,119.21282,18.801897
5da138b74db8ce0c98bd4774_b40da1395a4ea396026ea3fa_0000000010170,-1,115.17842,21.247015
5da138b74db8ce0c98bd4774_b40da1395a4ea396026ea3fa_0000000017008,-1,119.21282,18.801897
5da138b74db8ce0c98bd4774_b40da1395a4ea396026ea3fa_0000000022606,-1,119.21282,18.801897
5da138b74db8ce0c98bd4774_b40da1395a4ea396026ea3fa_0000000030687,-1,115.17842,21.247015
5da138b74db8ce0c98bd4774_b40da1395a4ea396026ea3fa_0000000035177,-1,115.17842,21.247015
5da138b74db8ce0c98bd4774_b40da1395a4ea396026ea3fa_0000000039272,-1,115.17842,21.247015
5da138b74db8ce0c98bd4774_b40da1395a4ea396026ea3fa_0000000046325,-1,115.17842,21.247015
5da138b74db8ce0c98bd4774_b40da1395a4ea396026ea3fa_0000000054860,-1,117.56132,23.746567
5da138b74db8ce0c98bd4774_b40da1395a4ea396026ea3fa_0000000063364,-1,114.79945,32.4162
5da138b74db8ce0c98bd4774_b40da1395a4ea396026ea3fa_0000000069274,-1,112.31523,39.137676
5da138b74db8ce0c98bd4774_b781698c482098426072d432_0000000000011,4,125.13645,162.80553999999998
5da138b74db8ce0c98bd4774_b781698c482098426072d432_0000000007870,4,116.12312,151.4719
5da138b74db8ce0c98bd4774_b781698c482098426072d432_0000000015758,4,120.45619,148.75203
5da138b74db8ce0c98bd4774_b781698c482098426072d432_0000000020615,4,123.745125,148.6984
5da138b74db8ce0c98bd4774_b781698c482098426072d432_0000000025304,4,128.0,146.0
5da138b74db8ce0c98bd4774_b781698c482098426072d432_0000000029601,4,128.5,144.0
5da138b74db8ce0c98bd4774_b781698c482098426072d432_0000000033020,4,130.79095,142.35126
5da138b74db8ce0c98bd4774_b781698c482098426072d432_0000000036508,4,130.79095,142.35126
5da138b74db8ce0c98bd4774_b781698c482098426072d432_0000000044174,4,128.5,144.0
5da138b74db8ce0c98bd4774_b781698c482098426072d432_0000000048763,4,129.7935,145.70503
5da138b74db8ce0c98bd4774_b781698c482098426072d432_0000000055478,4,137.1252,151.86371
5da138b74db8ce0c98bd4774_b781698c482098426072d432_0000000061208,4,137.1252,151.86371
5da138b74db8ce0c98bd4774_cad1ea3fa0502ba1bcbebd6d_0000000000008,2,89.3402,112.881645
5da138b74db8ce0c98bd4774_cad1ea3fa0502ba1bcbebd6d_0000000002167,2,89.3402,112.881645
5da138b74db8ce0c98bd4774_cad1ea3fa0502ba1bcbebd6d_0000000007204,2,89.3402,112.881645
5da138b74db8ce0c98bd4774_cad1ea3fa0502ba1bcbebd6d_0000000011144,2,89.3402,112.881645
5da138b74db8ce0c98bd4774_cad1ea3fa0502ba1bcbebd6d_0000000014395,2,85.447784,106.01303
5da138b74db8ce0c98bd4774_cad1ea3fa0502ba1bcbebd6d_0000000017747,2,88.80405400000001,99.54206
5da138b74db8ce0c98bd4774_cad1ea3fa0502ba1bcbebd6d_0000000019761,2,88.80405400000001,99.54206
5da138b74db8ce0c98bd4774_cad1ea3fa0502ba1bcbebd6d_0000000023262,2,88.80405400000001,99.54206
5da138b74db8ce0c98bd4774_cad1ea3fa0502ba1bcbebd6d_0000000032669,2,98.47306,87.92716999999999
5da138b74db8ce0c98bd4774_cad1ea3fa0502ba1bcbebd6d_0000000040653,2,104.13759,81.18188
5da138b74db8ce0c98bd4774_cad1ea3fa0502ba1bcbebd6d_0000000047440,2,115.31274,86.85521
5da138b74db8ce0c98bd4774_cad1ea3fa0502ba1bcbebd6d_0000000053825,2,125.00467,93.35399
5da138b74db8ce0c98bd4774_cad1ea3fa0502ba1bcbebd6d_0000000060575,2,129.9335,100.44279
5da138b74db8ce0c98bd4774_cad1ea3fa0502ba1bcbebd6d_0000000065849,2,130.1063,107.50058
5da138b74db8ce0c98bd4774_cad1ea3fa0502ba1bcbebd6d_0000000069838,2,127.58751,111.998314
5da138b74db8ce0c98bd4774_cad1ea3fa0502ba1bcbebd6d_0000000073794,2,123.819084,114.933876
5da138b74db8ce0c98bd4774_cad1ea3fa0502ba1bcbebd6d_0000000079004,2,117.159256,117.50531
5da138b74db8ce0c98bd4774_cad1ea3fa0502ba1bcbebd6d_0000000084502,2,109.95833,118.01989
5da138b74db8ce0c98bd4774_cad1ea3fa0502ba1bcbebd6d_0000000091157,2,101.20094,116.59943
5da138b74db8ce0c98bd4774_cad1ea3fa0502ba1bcbebd6d_0000000096981,2,94.017044,112.485466
5da138b74db8ce0c98bd4774_cad1ea3fa0502ba1bcbebd6d_0000000099699,2,94.017044,112.485466
5da138b74db8ce0c98bd4774_cad1ea3fa0502ba1bcbebd6d_0000000105562,2,89.3402,112.881645
5da138b74db8ce0c98bd4774_cad1ea3fa0502ba1bcbebd6d_0000000109770,2,85.447784,106.01303
5da138b74db8ce0c98bd4774_cad1ea3fa0502ba1bcbebd6d_0000000119442,2,89.3402,112.881645
5da138b74db8ce0c98bd4774_cad1ea3fa0502ba1bcbebd6d_0000000127002,2,94.94723,116.85716
5da138b74db8ce0c98bd4774_cad1ea3fa0502ba1bcbebd6d_0000000131346,2,94.94723,116.85716
5da138b74db8ce0c98bd4774_cad1ea3fa0502ba1bcbebd6d_0000000139164,2,100.79566,121.79797
5da138b74db8ce0c98bd4774_cad7c5c53d62719991fc4c07_0000000000009,-1,124.24262,97.5133
5da138b74db8ce0c98bd4774_cad7c5c53d62719991fc4c07_0000000002279,-1,124.24262,97.5133
5da138b74db8ce0c98bd4774_cad7c5c53d62719991fc4c07_0000000009135,-1,132.0661,97.64728
5da138b74db8ce0c98bd4774_cad7c5c53d62719991fc4c07_0000000014529,-1,137.5,104.5
5da138b74db8ce0c98bd4774_cad7c5c53d62719991fc4c07_0000000019469,-1,139.45262,98.51285
5da138b74db8ce0c98bd4774_cad7c5c53d62719991fc4c07_0000000027387,-1,142.30168,89.11424
5da138b74db8ce0c98bd4774_cad7c5c53d62719991fc4c07_0000000030473,-1,145.70625,86.0063
5da138b74db8ce0c98bd4774_cad7c5c53d62719991fc4c07_0000000035601,-1,142.30168,89.11424
5da138b74db8ce0c98bd4774_cad7c5c53d62719991fc4c07_0000000041371,-1,142.36,95.535545
5da138b74db8ce0c98bd4774_cad7c5c53d62719991fc4c07_0000000048502,-1,137.5,104.5
5da138b74db8ce0c98bd4774_cad7c5c53d62719991fc4c07_0000000055923,-1,139.45262,98.51285
5da138b74db8ce0c98bd4774_cad7c5c53d62719991fc4c07_0000000061615,-1,142.36,95.535545
5da138b74db8ce0c98bd4774_cad7c5c53d62719991fc4c07_0000000066785,-1,142.30168,89.11424
5da138b74db8ce0c98bd4774_cad7c5c53d62719991fc4c07_0000000069596,-1,142.30168,89.11424
5da138b74db8ce0c98bd4774_dbc3537c9913889864ebe0c1_0000000000006,1,107.498,74.21819
5da138b74db8ce0c98bd4774_dbc3537c9913889864ebe0c1_0000000008436,1,117.38443999999998,77.386635
5da138b74db8ce0c98bd4774_dbc3537c9913889864ebe0c1_0000000014541,1,125.12497,81.31654
5da138b74db8ce0c98bd4774_dbc3537c9913889864ebe0c1_0000000021934,1,132.26238999999998,89.13004000000001
5da138b74db8ce0c98bd4774_dbc3537c9913889864ebe0c1_0000000027623,1,131.01012,92.463936
5da138b74db8ce0c98bd4774_dbc3537c9913889864ebe0c1_0000000031922,1,134.49653999999998,96.08011
5da138b74db8ce0c98bd4774_dbc3537c9913889864ebe0c1_0000000037111,1,123.577156,103.81558
5da138b74db8ce0c98bd4774_dbc3537c9913889864ebe0c1_0000000043601,1,116.6001,106.55865
5da138b74db8ce0c98bd4774_dbc3537c9913889864ebe0c1_0000000049476,1,112.30142,107.13434
5da138b74db8ce0c98bd4774_dbc3537c9913889864ebe0c1_0000000052954,1,103.93336,108.16546
5da138b74db8ce0c98bd4774_dbc3537c9913889864ebe0c1_0000000058106,1,103.88041,105.49818
5da138b74db8ce0c98bd4774_dbc3537c9913889864ebe0c1_0000000062985,1,97.10632,103.68764
5da138b74db8ce0c98bd4774_dbc3537c9913889864ebe0c1_0000000068388,1,90.59222,97.59387
5da138b74db8ce0c98bd4774_dbc35fa5280de4c5d553d23a_0000000000007,-2,127.11813,98.18783
5da138b74db8ce0c98bd4774_dbc35fa5280de4c5d553d23a_0000000007379,-2,120.082954,96.64313
5da138b74db8ce0c98bd4774_dbc35fa5280de4c5d553d23a_0000000014767,-2,119.169205,99.77743
5da138b74db8ce0c98bd4774_dbc35fa5280de4c5d553d23a_0000000018788,-2,114.844086,99.23057
5da138b74db8ce0c98bd4774_dbc35fa5280de4c5d553d23a_0000000022108,-2,112.339615,100.08046
5da138b74db8ce0c98bd4774_dbc35fa5280de4c5d553d23a_0000000031670,-2,109.8492,103.163284
5da138b74db8ce0c98bd4774_dbc35fa5280de4c5d553d23a_0000000041512,-2,107.52257,115.97093
5da138b74db8ce0c98bd4774_dbc35fa5280de4c5d553d23a_0000000047673,-2,104.02735,119.05211
5da138b74db8ce0c98bd4774_dbc35fa5280de4c5d553d23a_0000000054756,-2,106.4835,125.42128
5da138b74db8ce0c98bd4774_dbc35fa5280de4c5d553d23a_0000000061401,-2,109.031586,126.07582
5da138b74db8ce0c98bd4774_dbc35fa5280de4c5d553d23a_0000000065599,-2,109.031586,126.07582
5da138b74db8ce0c98bd4774_dbc35fa5280de4c5d553d23a_0000000073397,-2,107.577805,125.515144
5da138b74db8ce0c98bd4774_dbc35fa5280de4c5d553d23a_0000000078316,-2,106.4835,125.42128
5da138b74db8ce0c98bd4774_dbc35fa5280de4c5d553d23a_0000000089934,-2,106.20367,132.07582
5da138b74db8ce0c98bd4774_dbc35fa5280de4c5d553d23a_0000000092147,-2,113.23845,134.90547
5da138b74db8ce0c98bd4774_dc7aab767a608ca73ea2e33b_0000000000009,4,146.41302,88.21323000000001
5da138b74db8ce0c98bd4774_dc7aab767a608ca73ea2e33b_0000000004023,4,144.7313,83.72435
5da138b74db8ce0c98bd4774_dc7aab767a608ca73ea2e33b_0000000012568,4,149.31575,76.88506
5da138b74db8ce0c98bd4774_dc7aab767a608ca73ea2e33b_0000000016107,4,152.77585,80.29403
5da138b74db8ce0c98bd4774_dc7aab767a608ca73ea2e33b_0000000021627,4,154.30847,75.158035
5da138b74db8ce0c98bd4774_dc7aab767a608ca73ea2e33b_0000000024487,4,154.83095,71.38163
5da138b74db8ce0c98bd4774_dc7aab767a608ca73ea2e33b_0000000039819,4,157.91113,69.0493
5da138b74db8ce0c98bd4774_dc7aab767a608ca73ea2e33b_0000000042666,4,157.91113,69.0493
5da138b74db8ce0c98bd4774_dc7aab767a608ca73ea2e33b_0000000049496,4,160.73293,69.6975
5da138b74db8ce0c98bd4774_dc7aab767a608ca73ea2e33b_0000000065213,4,167.35578999999998,71.20428000000001
5da138b74db8ce0c98bd4774_f6228876966d7dae2c39b8ca_0000000000012,3,130.83536999999998,79.01745
5da138b74db8ce0c98bd4774_f6228876966d7dae2c39b8ca_0000000004974,3,137.2529,80.792404
5da138b74db8ce0c98bd4774_f6228876966d7dae2c39b8ca_0000000008037,3,138.45961,77.4488
5da138b74db8ce0c98bd4774_f6228876966d7dae2c39b8ca_0000000037328,3,141.58636,68.07568
5da138b74db8ce0c98bd4774_f6228876966d7dae2c39b8ca_0000000044673,3,141.58636,68.07568
5da138b74db8ce0c98bd4774_f6228876966d7dae2c39b8ca_0000000052203,3,144.47314,59.35349
5da138b74db8ce0c98bd4774_f6228876966d7dae2c39b8ca_0000000058856,3,147.28473,50.240734
5da138b74db8ce0c98bd4774_f6228876966d7dae2c39b8ca_0000000069159,3,141.36136000000002,39.89154
5da958dd46f8266d0737457b_053526f9012ca715313120cd_0000000000016,5,66.48195,206.27011
5da958dd46f8266d0737457b_053526f9012ca715313120cd_0000000008481,5,66.00275400000001,212.14816
5da958dd46f8266d0737457b_053526f9012ca715313120cd_0000000013930,5,70.68446,218.5332
5da958dd46f8266d0737457b_053526f9012ca715313120cd_0000000033126,5,73.73174,212.91875
5da958dd46f8266d0737457b_053526f9012ca715313120cd_0000000044451,5,81.25990999999999,205.80914
5da958dd46f8266d0737457b_053526f9012ca715313120cd_0000000050945,5,81.25990999999999,205.80914
5da958dd46f8266d0737457b_053526f9012ca715313120cd_0000000057302,5,82.35124,209.1278
5da958dd46f8266d0737457b_053526f9012ca715313120cd_0000000068438,5,91.26222,210.45338
5da958dd46f8266d0737457b_06832e9b9ca24ff7fe906aee_0000000000010,2,76.84131,204.48653
5da958dd46f8266d0737457b_06832e9b9ca24ff7fe906aee_0000000006966,2,69.90673000000001,198.7234
5da958dd46f8266d0737457b_06832e9b9ca24ff7fe906aee_0000000014110,2,70.64706,191.77434
5da958dd46f8266d0737457b_06832e9b9ca24ff7fe906aee_0000000020479,2,70.64706,191.77434
5da958dd46f8266d0737457b_06832e9b9ca24ff7fe906aee_0000000027115,2,72.839294,185.81255
5da958dd46f8266d0737457b_06832e9b9ca24ff7fe906aee_0000000037346,2,69.79884,177.9291
5da958dd46f8266d0737457b_06832e9b9ca24ff7fe906aee_0000000055969,2,68.844894,187.36574
5da958dd46f8266d0737457b_06832e9b9ca24ff7fe906aee_0000000067514,2,69.90673000000001,198.7234
5da958dd46f8266d0737457b_06832e9b9ca24ff7fe906aee_0000000071336,2,69.90673000000001,198.7234
5da958dd46f8266d0737457b_06832e9b9ca24ff7fe906aee_0000000082070,2,70.64706,191.77434
5da958dd46f8266d0737457b_06832e9b9ca24ff7fe906aee_0000000092729,2,72.839294,185.81255
5da958dd46f8266d0737457b_06832e9b9ca24ff7fe906aee_0000000108559,2,69.79884,177.9291
5da958dd46f8266d0737457b_06832e9b9ca24ff7fe906aee_0000000124489,2,77.81034,178.00701999999998
5da958dd46f8266d0737457b_06832e9b9ca24ff7fe906aee_0000000134831,2,83.84713,178.05907
5da958dd46f8266d0737457b_06832e9b9ca24ff7fe906aee_0000000150924,2,81.48380999999999,184.77454
5da958dd46f8266d0737457b_06832e9b9ca24ff7fe906aee_0000000154542,2,83.039085,187.14348
5da958dd46f8266d0737457b_06832e9b9ca24ff7fe906aee_0000000162675,2,80.40257,191.55815
5da958dd46f8266d0737457b_06832e9b9ca24ff7fe906aee_0000000171352,2,81.88575,197.74205
5da958dd46f8266d0737457b_06832e9b9ca24ff7fe906aee_0000000179595,2,76.84131,204.48653
5da958dd46f8266d0737457b_06832e9b9ca24ff7fe906aee_0000000185738,2,80.853516,208.38861
5da958dd46f8266d0737457b_13ed7262c2b6088cd47de5ed_0000000000010,0,87.0134,86.7178
5da958dd46f8266d0737457b_13ed7262c2b6088cd47de5ed_0000000005855,0,93.73601,85.098045
5da958dd46f8266d0737457b_13ed7262c2b6088cd47de5ed_0000000012603,0,94.70287,82.01481
5da958dd46f8266d0737457b_13ed7262c2b6088cd47de5ed_0000000016842,0,99.82716,79.7016
5da958dd46f8266d0737457b_13ed7262c2b6088cd47de5ed_0000000020105,0,99.82716,79.7016
5da958dd46f8266d0737457b_13ed7262c2b6088cd47de5ed_0000000025957,0,94.70287,82.01481
5da958dd46f8266d0737457b_13ed7262c2b6088cd47de5ed_0000000031181,0,94.70287,82.01481
5da958dd46f8266d0737457b_13ed7262c2b6088cd47de5ed_0000000038628,0,94.70287,82.01481
5da958dd46f8266d0737457b_13ed7262c2b6088cd47de5ed_0000000044761,0,99.82716,79.7016
5da958dd46f8266d0737457b_13ed7262c2b6088cd47de5ed_0000000049044,0,99.82716,79.7016
5da958dd46f8266d0737457b_13ed7262c2b6088cd47de5ed_0000000055508,0,94.70287,82.01481
5da958dd46f8266d0737457b_13ed7262c2b6088cd47de5ed_0000000062025,0,93.73601,85.098045
5da958dd46f8266d0737457b_1ab6361c3c5a94fc99e7ae68_0000000000008,5,82.66779,73.25256
5da958dd46f8266d0737457b_1ab6361c3c5a94fc99e7ae68_0000000008814,5,76.10325999999999,72.55785999999999
5da958dd46f8266d0737457b_1ab6361c3c5a94fc99e7ae68_0000000017857,5,74.80901,76.507416
5da958dd46f8266d0737457b_1ab6361c3c5a94fc99e7ae68_0000000026418,5,68.01420999999999,75.502335
5da958dd46f8266d0737457b_1ab6361c3c5a94fc99e7ae68_0000000034082,5,61.048996,74.40921
5da958dd46f8266d0737457b_1ab6361c3c5a94fc99e7ae68_0000000039754,5,61.34849499999999,70.13675
5da958dd46f8266d0737457b_1ab6361c3c5a94fc99e7ae68_0000000052989,5,60.171852,80.98469
5da958dd46f8266d0737457b_1ab6361c3c5a94fc99e7ae68_0000000058196,5,60.171852,80.98469
5da958dd46f8266d0737457b_1ab6361c3c5a94fc99e7ae68_0000000067284,5,63.13656,86.84094
5da958dd46f8266d0737457b_1ab6361c3c5a94fc99e7ae68_0000000078017,5,62.44916,92.49695
5da958dd46f8266d0737457b_1ab6361c3c5a94fc99e7ae68_0000000085990,5,62.027073,96.59538
5da958dd46f8266d0737457b_1ab6361c3c5a94fc99e7ae68_0000000100446,5,69.44889,97.46196
5da958dd46f8266d0737457b_1ab6361c3c5a94fc99e7ae68_0000000109782,5,77.8314,98.16795
5da958dd46f8266d0737457b_1ab6361c3c5a94fc99e7ae68_0000000119478,5,80.77444,88.228325
5da958dd46f8266d0737457b_1ab6361c3c5a94fc99e7ae68_0000000124833,5,80.77444,88.228325
5da958dd46f8266d0737457b_1ab6361c3c5a94fc99e7ae68_0000000130126,5,81.85103000000001,80.1458
5da958dd46f8266d0737457b_1ab6361c3c5a94fc99e7ae68_0000000135989,5,74.80901,76.507416
5da958dd46f8266d0737457b_1ab6361c3c5a94fc99e7ae68_0000000140612,5,74.80901,76.507416
5da958dd46f8266d0737457b_1ab6361c3c5a94fc99e7ae68_0000000146707,5,76.10325999999999,72.55785999999999
5da958dd46f8266d0737457b_1ab6361c3c5a94fc99e7ae68_0000000152128,5,76.10325999999999,72.55785999999999
5da958dd46f8266d0737457b_1ab6361c3c5a94fc99e7ae68_0000000167760,5,82.66779,73.25256
5da958dd46f8266d0737457b_1ab6361c3c5a94fc99e7ae68_0000000174099,5,86.27646,65.34734
5da958dd46f8266d0737457b_1ab6361c3c5a94fc99e7ae68_0000000187638,5,82.66779,73.25256
5da958dd46f8266d0737457b_1ab6361c3c5a94fc99e7ae68_0000000192543,5,82.66779,73.25256
5da958dd46f8266d0737457b_1ab6361c3c5a94fc99e7ae68_0000000206919,5,81.85103000000001,80.1458
5da958dd46f8266d0737457b_1ab6361c3c5a94fc99e7ae68_0000000211860,5,81.85103000000001,80.1458
5da958dd46f8266d0737457b_1ab6361c3c5a94fc99e7ae68_0000000223471,5,80.77444,88.228325
5da958dd46f8266d0737457b_1ab6361c3c5a94fc99e7ae68_0000000228785,5,84.98585,95.79435
5da958dd46f8266d0737457b_1ab6361c3c5a94fc99e7ae68_0000000237714,5,77.8314,98.16795
5da958dd46f8266d0737457b_1ab6361c3c5a94fc99e7ae68_0000000244481,5,82.13628,103.23367
5da958dd46f8266d0737457b_1ab6361c3c5a94fc99e7ae68_0000000259632,5,80.77444,88.228325
5da958dd46f8266d0737457b_1ab6361c3c5a94fc99e7ae68_0000000271058,5,81.85103000000001,80.1458
5da958dd46f8266d0737457b_1ab6361c3c5a94fc99e7ae68_0000000282913,5,82.66779,73.25256
5da958dd46f8266d0737457b_1ab6361c3c5a94fc99e7ae68_0000000292046,5,86.27646,65.34734
5da958dd46f8266d0737457b_1ab6361c3c5a94fc99e7ae68_0000000299990,5,83.5445,61.583290000000005
5da958dd46f8266d0737457b_1ab6361c3c5a94fc99e7ae68_0000000312114,5,83.5445,61.583290000000005
5da958dd46f8266d0737457b_1ab6361c3c5a94fc99e7ae68_0000000325552,5,76.10325999999999,72.55785999999999
5da958dd46f8266d0737457b_1ab6361c3c5a94fc99e7ae68_0000000338861,5,81.85103000000001,80.1458
5da958dd46f8266d0737457b_1ab6361c3c5a94fc99e7ae68_0000000351074,5,80.77444,88.228325
5da958dd46f8266d0737457b_1ab6361c3c5a94fc99e7ae68_0000000365386,5,84.98585,95.79435
5da958dd46f8266d0737457b_1ab6361c3c5a94fc99e7ae68_0000000381056,5,84.98585,95.79435
5da958dd46f8266d0737457b_1ab6361c3c5a94fc99e7ae68_0000000394865,5,88.2414,100.02012
5da958dd46f8266d0737457b_1ab6361c3c5a94fc99e7ae68_0000000410358,5,84.98585,95.79435
5da958dd46f8266d0737457b_1ab6361c3c5a94fc99e7ae68_0000000423058,5,80.77444,88.228325
5da958dd46f8266d0737457b_1ab6361c3c5a94fc99e7ae68_0000000435416,5,81.85103000000001,80.1458
5da958dd46f8266d0737457b_1ab6361c3c5a94fc99e7ae68_0000000447108,5,82.66779,73.25256
5da958dd46f8266d0737457b_1ab6361c3c5a94fc99e7ae68_0000000455440,5,86.27646,65.34734
5da958dd46f8266d0737457b_1ab6361c3c5a94fc99e7ae68_0000000471619,5,82.66779,73.25256
5da958dd46f8266d0737457b_1ab6361c3c5a94fc99e7ae68_0000000488417,5,81.85103000000001,80.1458
5da958dd46f8266d0737457b_1ab6361c3c5a94fc99e7ae68_0000000497961,5,80.77444,88.228325
5da958dd46f8266d0737457b_1ab6361c3c5a94fc99e7ae68_0000000506114,5,84.98585,95.79435
5da958dd46f8266d0737457b_244c21fb418ea7e21425abde_0000000000015,1,105.122154,153.48076
5da958dd46f8266d0737457b_244c21fb418ea7e21425abde_0000000005874,1,105.57717,149.12625
5da958dd46f8266d0737457b_244c21fb418ea7e21425abde_0000000026811,1,103.16952,148.83997
5da958dd46f8266d0737457b_244c21fb418ea7e21425abde_0000000035755,1,104.907745,142.83661
5da958dd46f8266d0737457b_244c21fb418ea7e21425abde_0000000044319,1,108.99448,137.0544
5da958dd46f8266d0737457b_244c21fb418ea7e21425abde_0000000052330,1,104.251854,132.95311999999998
5da958dd46f8266d0737457b_244c21fb418ea7e21425abde_0000000059149,1,104.53414,130.62021
5da958dd46f8266d0737457b_244c21fb418ea7e21425abde_0000000069407,1,94.34485,125.85931399999998
5da958dd46f8266d0737457b_244c21fb418ea7e21425abde_0000000075468,1,93.22065,123.50924
5da958dd46f8266d0737457b_24d83dcc0488f735862e4d3d_0000000000008,1,80.80791500000001,33.88589
5da958dd46f8266d0737457b_24d83dcc0488f735862e4d3d_0000000006968,1,87.50728000000001,34.866640000000004
5da958dd46f8266d0737457b_24d83dcc0488f735862e4d3d_0000000014590,1,94.194214,35.618846999999995
5da958dd46f8266d0737457b_24d83dcc0488f735862e4d3d_0000000022580,1,101.248314,36.363792
5da958dd46f8266d0737457b_24d83dcc0488f735862e4d3d_0000000034800,1,97.18726,39.821716
5da958dd46f8266d0737457b_24d83dcc0488f735862e4d3d_0000000049538,1,86.52159,38.36485
5da958dd46f8266d0737457b_24d83dcc0488f735862e4d3d_0000000054863,1,86.52159,38.36485
5da958dd46f8266d0737457b_2ad9c59e934facf0b0245af3_0000000000017,2,86.95808000000001,74.7942
5da958dd46f8266d0737457b_2ad9c59e934facf0b0245af3_0000000010098,2,88.65288000000001,67.05501
5da958dd46f8266d0737457b_2ad9c59e934facf0b0245af3_0000000022027,2,86.75545,60.188946
5da958dd46f8266d0737457b_2ad9c59e934facf0b0245af3_0000000028785,2,84.58573,56.154564
5da958dd46f8266d0737457b_2ad9c59e934facf0b0245af3_0000000035897,2,87.692154,51.76301
5da958dd46f8266d0737457b_2ad9c59e934facf0b0245af3_0000000043660,2,90.08111,45.464874
5da958dd46f8266d0737457b_2ad9c59e934facf0b0245af3_0000000051011,2,87.95169,44.420624
5da958dd46f8266d0737457b_2ad9c59e934facf0b0245af3_0000000059041,2,90.58081,40.427395
5da958dd46f8266d0737457b_2ad9c59e934facf0b0245af3_0000000067440,2,91.50766,36.425888
5da958dd46f8266d0737457b_2ad9c59e934facf0b0245af3_0000000074265,2,91.50766,36.425888
5da958dd46f8266d0737457b_2ad9c59e934facf0b0245af3_0000000081475,2,87.4821,31.221226
5da958dd46f8266d0737457b_32bcee0203f7d0cac3ed504b_0000000000010,3,93.93064,143.41855
5da958dd46f8266d0737457b_32bcee0203f7d0cac3ed504b_0000000008483,3,97.9913,133.09055
5da958dd46f8266d0737457b_32bcee0203f7d0cac3ed504b_0000000023880,3,93.93064,143.41855
5da958dd46f8266d0737457b_32bcee0203f7d0cac3ed504b_0000000032925,3,91.182724,144.12389
5da958dd46f8266d0737457b_32bcee0203f7d0cac3ed504b_0000000040095,3,89.19769000000001,143.95657
5da958dd46f8266d0737457b_32bcee0203f7d0cac3ed504b_0000000046745,3,85.97569,147.05505
5da958dd46f8266d0737457b_32bcee0203f7d0cac3ed504b_0000000059112,3,83.45824,146.23312
5da958dd46f8266d0737457b_32bcee0203f7d0cac3ed504b_0000000073258,3,83.05993000000001,149.93001999999998
5da958dd46f8266d0737457b_32bcee0203f7d0cac3ed504b_0000000078719,3,79.73013,149.33887
5da958dd46f8266d0737457b_32bcee0203f7d0cac3ed504b_0000000084720,3,76.13098000000001,152.85457
5da958dd46f8266d0737457b_32bcee0203f7d0cac3ed504b_0000000091287,3,73.10922,150.69449
5da958dd46f8266d0737457b_32bcee0203f7d0cac3ed504b_0000000106912,3,74.00822,140.44136
5da958dd46f8266d0737457b_32bcee0203f7d0cac3ed504b_0000000118254,3,75.47737,143.99548
5da958dd46f8266d0737457b_32bcee0203f7d0cac3ed504b_0000000125141,3,73.10922,150.69449
5da958dd46f8266d0737457b_32bcee0203f7d0cac3ed504b_0000000138074,3,74.00822,140.44136
5da958dd46f8266d0737457b_32bcee0203f7d0cac3ed504b_0000000144892,3,75.47737,143.99548
5da958dd46f8266d0737457b_32bcee0203f7d0cac3ed504b_0000000148999,3,77.46634,148.04457
5da958dd46f8266d0737457b_32bcee0203f7d0cac3ed504b_0000000166707,3,76.13098000000001,152.85457
5da958dd46f8266d0737457b_32bcee0203f7d0cac3ed504b_0000000175970,3,79.73013,149.33887
5da958dd46f8266d0737457b_32bcee0203f7d0cac3ed504b_0000000185701,3,85.97569,147.05505
5da958dd46f8266d0737457b_32bcee0203f7d0cac3ed504b_0000000194119,3,89.19769000000001,143.95657
5da958dd46f8266d0737457b_32bcee0203f7d0cac3ed504b_0000000197733,3,91.182724,144.12389
5da958dd46f8266d0737457b_32bcee0203f7d0cac3ed504b_0000000208591,3,93.93064,143.41855
5da958dd46f8266d0737457b_32bcee0203f7d0cac3ed504b_0000000216176,3,97.9913,133.09055
5da958dd46f8266d0737457b_32bcee0203f7d0cac3ed504b_0000000227416,3,93.93064,143.41855
5da958dd46f8266d0737457b_32bcee0203f7d0cac3ed504b_0000000236976,3,91.182724,144.12389
5da958dd46f8266d0737457b_32bcee0203f7d0cac3ed504b_0000000244100,3,95.3656,147.2009
5da958dd46f8266d0737457b_32bcee0203f7d0cac3ed504b_0000000253400,3,93.93064,143.41855
5da958dd46f8266d0737457b_32bcee0203f7d0cac3ed504b_0000000259472,3,97.9913,133.09055
5da958dd46f8266d0737457b_32bcee0203f7d0cac3ed504b_0000000270946,3,93.93064,143.41855
5da958dd46f8266d0737457b_32bcee0203f7d0cac3ed504b_0000000276190,3,93.93064,143.41855
5da958dd46f8266d0737457b_32bcee0203f7d0cac3ed504b_0000000287143,3,95.3656,147.2009
5da958dd46f8266d0737457b_32bcee0203f7d0cac3ed504b_0000000293555,3,101.59613,148.06633
5da958dd46f8266d0737457b_32bcee0203f7d0cac3ed504b_0000000300329,3,101.59613,148.06633
5da958dd46f8266d0737457b_32bcee0203f7d0cac3ed504b_0000000308474,3,101.59613,148.06633
5da958dd46f8266d0737457b_32bcee0203f7d0cac3ed504b_0000000318399,3,90.14862,146.91489
5da958dd46f8266d0737457b_32bcee0203f7d0cac3ed504b_0000000324729,3,89.19769000000001,143.95657
5da958dd46f8266d0737457b_32bcee0203f7d0cac3ed504b_0000000336300,3,85.97569,147.05505
5da958dd46f8266d0737457b_32bcee0203f7d0cac3ed504b_0000000351716,3,86.59070600000001,157.46333
5da958dd46f8266d0737457b_32bcee0203f7d0cac3ed504b_0000000365729,3,85.12686,169.54442
5da958dd46f8266d0737457b_32bcee0203f7d0cac3ed504b_0000000373257,3,84.122185,178.52525
5da958dd46f8266d0737457b_32bcee0203f7d0cac3ed504b_0000000386326,3,85.12686,169.54442
5da958dd46f8266d0737457b_32bcee0203f7d0cac3ed504b_0000000394422,3,85.12686,169.54442
5da958dd46f8266d0737457b_32bcee0203f7d0cac3ed504b_0000000404410,3,86.59070600000001,157.46333
5da958dd46f8266d0737457b_32bcee0203f7d0cac3ed504b_0000000413663,3,86.59070600000001,157.46333
5da958dd46f8266d0737457b_32bcee0203f7d0cac3ed504b_0000000423172,3,86.59070600000001,157.46333
5da958dd46f8266d0737457b_32bcee0203f7d0cac3ed504b_0000000434319,3,85.12686,169.54442
5da958dd46f8266d0737457b_32bcee0203f7d0cac3ed504b_0000000442381,3,84.122185,178.52525
5da958dd46f8266d0737457b_32bcee0203f7d0cac3ed504b_0000000453868,3,91.13192,180.4581
5da958dd46f8266d0737457b_32bcee0203f7d0cac3ed504b_0000000464954,3,95.60751,178.61412
5da958dd46f8266d0737457b_32bcee0203f7d0cac3ed504b_0000000469718,3,99.30197,172.61518999999998
5da958dd46f8266d0737457b_32bcee0203f7d0cac3ed504b_0000000479551,3,100.48038,181.5944
5da958dd46f8266d0737457b_36c6dd1ccc482e94fa21830c_0000000000010,2,116.250374,56.08120699999999
5da958dd46f8266d0737457b_36c6dd1ccc482e94fa21830c_0000000006984,2,116.250374,56.08120699999999
5da958dd46f8266d0737457b_36c6dd1ccc482e94fa21830c_0000000014977,2,114.61561,45.61585
5da958dd46f8266d0737457b_36c6dd1ccc482e94fa21830c_0000000022178,2,114.61561,45.61585
5da958dd46f8266d0737457b_36c6dd1ccc482e94fa21830c_0000000028358,2,108.19513,44.868298
5da958dd46f8266d0737457b_36c6dd1ccc482e94fa21830c_0000000036292,2,100.22301,44.053272
5da958dd46f8266d0737457b_36c6dd1ccc482e94fa21830c_0000000044795,2,99.89524,49.213505
5da958dd46f8266d0737457b_36c6dd1ccc482e94fa21830c_0000000050094,2,99.89524,49.213505
5da958dd46f8266d0737457b_36c6dd1ccc482e94fa21830c_0000000059302,2,99.351746,54.2099
5da958dd46f8266d0737457b_36c6dd1ccc482e94fa21830c_0000000066523,2,98.70873,59.318363
5da958dd46f8266d0737457b_36c6dd1ccc482e94fa21830c_0000000072348,2,94.81854,62.12951
5da958dd46f8266d0737457b_36c6dd1ccc482e94fa21830c_0000000080674,2,97.72508,65.98786
5da958dd46f8266d0737457b_36c6dd1ccc482e94fa21830c_0000000088872,2,93.84153,65.55935
5da958dd46f8266d0737457b_36c6dd1ccc482e94fa21830c_0000000097763,2,96.55406,73.65079
5da958dd46f8266d0737457b_3c0ebe929de57c5b1fc65d44_0000000000010,1,68.67243,214.49399
5da958dd46f8266d0737457b_3c0ebe929de57c5b1fc65d44_0000000007778,1,66.06217,218.19252000000003
5da958dd46f8266d0737457b_3c0ebe929de57c5b1fc65d44_0000000015665,1,64.30214000000001,221.72444
5da958dd46f8266d0737457b_3c0ebe929de57c5b1fc65d44_0000000020947,1,60.155655,226.11798
5da958dd46f8266d0737457b_3c0ebe929de57c5b1fc65d44_0000000027484,1,55.937622,230.10246
5da958dd46f8266d0737457b_3c0ebe929de57c5b1fc65d44_0000000050278,1,60.050404,234.21346
5da958dd46f8266d0737457b_3c0ebe929de57c5b1fc65d44_0000000056247,1,65.48544,237.23148
5da958dd46f8266d0737457b_3c0ebe929de57c5b1fc65d44_0000000064320,1,66.17799000000001,230.85075
5da958dd46f8266d0737457b_3c0ebe929de57c5b1fc65d44_0000000069519,1,66.17799000000001,230.85075
5da958dd46f8266d0737457b_3c0ebe929de57c5b1fc65d44_0000000076820,1,70.71188000000001,235.386
5da958dd46f8266d0737457b_3c0ebe929de57c5b1fc65d44_0000000084500,1,72.55892,228.34874
5da958dd46f8266d0737457b_3c0ebe929de57c5b1fc65d44_0000000091092,1,72.55892,228.34874
5da958dd46f8266d0737457b_3c0ebe929de57c5b1fc65d44_0000000098544,1,72.55892,228.34874
5da958dd46f8266d0737457b_3c0ebe929de57c5b1fc65d44_0000000104114,1,69.35985600000001,223.19038
5da958dd46f8266d0737457b_3c0ebe929de57c5b1fc65d44_0000000110092,1,67.64075,218.26567000000003
5da958dd46f8266d0737457b_3c0ebe929de57c5b1fc65d44_0000000128403,1,64.30214000000001,221.72444
5da958dd46f8266d0737457b_3c0ebe929de57c5b1fc65d44_0000000138288,1,66.17799000000001,230.85075
5da958dd46f8266d0737457b_3c0ebe929de57c5b1fc65d44_0000000147889,1,62.876328,229.76505
5da958dd46f8266d0737457b_3c0ebe929de57c5b1fc65d44_0000000152932,1,60.155655,226.11798
5da958dd46f8266d0737457b_3c56892f6cd0af56fe6b92e0_0000000000017,2,115.6419,100.4902
5da958dd46f8266d0737457b_3c56892f6cd0af56fe6b92e0_0000000005237,2,113.53208,110.528725
5da958dd46f8266d0737457b_3c56892f6cd0af56fe6b92e0_0000000014843,2,113.53208,110.528725
5da958dd46f8266d0737457b_3c56892f6cd0af56fe6b92e0_0000000023429,2,112.5542,120.306885
5da958dd46f8266d0737457b_3c56892f6cd0af56fe6b92e0_0000000031066,2,112.5542,120.306885
5da958dd46f8266d0737457b_3c56892f6cd0af56fe6b92e0_0000000042856,2,107.49536,120.06903
5da958dd46f8266d0737457b_3c56892f6cd0af56fe6b92e0_0000000050550,2,101.881226,125.19945
5da958dd46f8266d0737457b_3c56892f6cd0af56fe6b92e0_0000000056470,2,101.881226,125.19945
5da958dd46f8266d0737457b_3c56892f6cd0af56fe6b92e0_0000000064670,2,96.70262,125.00095
5da958dd46f8266d0737457b_48dbda4179aaef31ed33c6e4_0000000000008,3,67.45603,197.2088
5da958dd46f8266d0737457b_48dbda4179aaef31ed33c6e4_0000000013792,3,70.16699,200.93251
5da958dd46f8266d0737457b_48dbda4179aaef31ed33c6e4_0000000023240,3,77.241295,200.87726
5da958dd46f8266d0737457b_48dbda4179aaef31ed33c6e4_0000000037405,3,71.10306,190.87868
5da958dd46f8266d0737457b_48dbda4179aaef31ed33c6e4_0000000043821,3,71.07264,185.12582
5da958dd46f8266d0737457b_48dbda4179aaef31ed33c6e4_0000000052005,3,73.85535,180.9871
5da958dd46f8266d0737457b_48dbda4179aaef31ed33c6e4_0000000061538,3,77.17241,175.06526000000002
5da958dd46f8266d0737457b_48dbda4179aaef31ed33c6e4_0000000077136,3,84.122185,178.52525
5da958dd46f8266d0737457b_48dbda4179aaef31ed33c6e4_0000000088508,3,78.23365,179.76021
5da958dd46f8266d0737457b_48dbda4179aaef31ed33c6e4_0000000093461,3,78.23365,179.76021
5da958dd46f8266d0737457b_48dbda4179aaef31ed33c6e4_0000000106441,3,73.85535,180.9871
5da958dd46f8266d0737457b_48dbda4179aaef31ed33c6e4_0000000117244,3,71.07264,185.12582
5da958dd46f8266d0737457b_48dbda4179aaef31ed33c6e4_0000000125866,3,71.10306,190.87868
5da958dd46f8266d0737457b_491066b9356a9f968e04b09b_0000000000008,0,69.33119,221.28069
5da958dd46f8266d0737457b_491066b9356a9f968e04b09b_0000000013455,0,70.73556500000001,214.27791
5da958dd46f8266d0737457b_491066b9356a9f968e04b09b_0000000021671,0,70.73556500000001,214.27791
5da958dd46f8266d0737457b_491066b9356a9f968e04b09b_0000000038876,0,64.686714,222.21036
5da958dd46f8266d0737457b_491066b9356a9f968e04b09b_0000000048724,0,68.51127,226.27246
5da958dd46f8266d0737457b_491066b9356a9f968e04b09b_0000000053799,0,68.22113,231.13753
5da958dd46f8266d0737457b_491066b9356a9f968e04b09b_0000000061119,0,68.47815,236.45073
5da958dd46f8266d0737457b_491066b9356a9f968e04b09b_0000000067416,0,68.47815,236.45073
5da958dd46f8266d0737457b_5697db90a6c6bcb3e838a2b9_0000000000010,1,81.487434,202.5511
5da958dd46f8266d0737457b_5697db90a6c6bcb3e838a2b9_0000000006770,1,82.107445,196.0194
5da958dd46f8266d0737457b_5697db90a6c6bcb3e838a2b9_0000000013504,1,77.59871,198.7874
5da958dd46f8266d0737457b_5697db90a6c6bcb3e838a2b9_0000000022347,1,80.222786,190.83412
5da958dd46f8266d0737457b_5697db90a6c6bcb3e838a2b9_0000000028937,1,80.222786,190.83412
5da958dd46f8266d0737457b_5697db90a6c6bcb3e838a2b9_0000000036037,1,80.94695,182.32378
5da958dd46f8266d0737457b_5697db90a6c6bcb3e838a2b9_0000000044091,1,72.17000999999999,181.0845
5da958dd46f8266d0737457b_5697db90a6c6bcb3e838a2b9_0000000049908,1,80.94695,182.32378
5da958dd46f8266d0737457b_5697db90a6c6bcb3e838a2b9_0000000060558,1,84.49268000000001,177.83798000000002
5da958dd46f8266d0737457b_58279d6ab8c2213722f2ef6b_0000000000013,3,78.41158,97.85962
5da958dd46f8266d0737457b_58279d6ab8c2213722f2ef6b_0000000006108,3,83.907425,98.678116
5da958dd46f8266d0737457b_58279d6ab8c2213722f2ef6b_0000000017643,3,87.389084,94.85992
5da958dd46f8266d0737457b_58279d6ab8c2213722f2ef6b_0000000023879,3,87.389084,94.85992
5da958dd46f8266d0737457b_58279d6ab8c2213722f2ef6b_0000000033439,3,87.389084,94.85992
5da958dd46f8266d0737457b_58279d6ab8c2213722f2ef6b_0000000041940,3,92.85057,103.929276
5da958dd46f8266d0737457b_58279d6ab8c2213722f2ef6b_0000000046503,3,89.09229,108.08175
5da958dd46f8266d0737457b_58279d6ab8c2213722f2ef6b_0000000051265,3,89.09229,108.08175
5da958dd46f8266d0737457b_58279d6ab8c2213722f2ef6b_0000000059877,3,81.96936,111.98956
5da958dd46f8266d0737457b_58279d6ab8c2213722f2ef6b_0000000065435,3,74.29956999999999,115.48858
5da958dd46f8266d0737457b_58279d6ab8c2213722f2ef6b_0000000070923,3,74.29956999999999,115.48858
5da958dd46f8266d0737457b_58279d6ab8c2213722f2ef6b_0000000079826,3,69.17833,117.82322
5da958dd46f8266d0737457b_58279d6ab8c2213722f2ef6b_0000000097962,3,62.22402,108.819534
5da958dd46f8266d0737457b_58279d6ab8c2213722f2ef6b_0000000105277,3,62.22402,108.819534
5da958dd46f8266d0737457b_58279d6ab8c2213722f2ef6b_0000000112135,3,68.323265,100.26012
5da958dd46f8266d0737457b_58279d6ab8c2213722f2ef6b_0000000116684,3,73.90765,101.77933
5da958dd46f8266d0737457b_5e4f084a93b862d00688673d_0000000000013,2,83.082275,67.42068499999999
5da958dd46f8266d0737457b_5e4f084a93b862d00688673d_0000000010988,2,88.65288000000001,67.05501
5da958dd46f8266d0737457b_5e4f084a93b862d00688673d_0000000018360,2,88.65288000000001,67.05501
5da958dd46f8266d0737457b_5e4f084a93b862d00688673d_0000000023871,2,93.84153,65.55935
5da958dd46f8266d0737457b_5e4f084a93b862d00688673d_0000000032054,2,96.55406,73.65079
5da958dd46f8266d0737457b_5e4f084a93b862d00688673d_0000000039055,2,95.807014,81.238434
5da958dd46f8266d0737457b_5e4f084a93b862d00688673d_0000000047267,2,94.30332,89.39733000000001
5da958dd46f8266d0737457b_5e4f084a93b862d00688673d_0000000057593,2,90.23052,88.65763000000001
5da958dd46f8266d0737457b_5e4f084a93b862d00688673d_0000000067436,2,85.42146,88.35762
5da958dd46f8266d0737457b_5e4f084a93b862d00688673d_0000000072077,2,85.42146,88.35762
5da958dd46f8266d0737457b_5e4f084a93b862d00688673d_0000000086307,2,82.09548000000001,77.15541
5da958dd46f8266d0737457b_5e4f084a93b862d00688673d_0000000095675,2,85.625984,69.168785
5da958dd46f8266d0737457b_644c8ec6504fe83b80677866_0000000000011,-1,149.30476000000002,28.353369
5da958dd46f8266d0737457b_644c8ec6504fe83b80677866_0000000005158,-1,149.30476000000002,28.353369
5da958dd46f8266d0737457b_644c8ec6504fe83b80677866_0000000016510,-1,146.0543,37.638077
5da958dd46f8266d0737457b_644c8ec6504fe83b80677866_0000000022228,-1,146.0543,37.638077
5da958dd46f8266d0737457b_644c8ec6504fe83b80677866_0000000026009,-1,142.20485,38.56401
5da958dd46f8266d0737457b_644c8ec6504fe83b80677866_0000000035742,-1,142.57687,30.572723
5da958dd46f8266d0737457b_644c8ec6504fe83b80677866_0000000044904,-1,147.20741,26.33597
5da958dd46f8266d0737457b_644c8ec6504fe83b80677866_0000000050890,-1,149.30476000000002,28.353369
5da958dd46f8266d0737457b_644c8ec6504fe83b80677866_0000000060955,-1,147.20741,26.33597
5da958dd46f8266d0737457b_66744e8a5c65a748497cd7c0_0000000000020,4,81.734695,39.516724
5da958dd46f8266d0737457b_66744e8a5c65a748497cd7c0_0000000016657,4,84.72709,55.108902
5da958dd46f8266d0737457b_66744e8a5c65a748497cd7c0_0000000022880,4,84.381805,59.44971999999999
5da958dd46f8266d0737457b_66744e8a5c65a748497cd7c0_0000000028559,4,88.24452,59.760628
5da958dd46f8266d0737457b_66744e8a5c65a748497cd7c0_0000000040475,4,88.24452,59.760628
5da958dd46f8266d0737457b_66744e8a5c65a748497cd7c0_0000000049476,4,94.49522,58.425034
5da958dd46f8266d0737457b_66744e8a5c65a748497cd7c0_0000000058563,4,96.16638,54.989773
5da958dd46f8266d0737457b_66744e8a5c65a748497cd7c0_0000000065042,4,96.93646,49.33973
5da958dd46f8266d0737457b_66744e8a5c65a748497cd7c0_0000000071388,4,97.63809,43.462887
5da958dd46f8266d0737457b_6b6d91a5b97ed3c40c1411a7_0000000000016,0,86.85252,154.4315
5da958dd46f8266d0737457b_6b6d91a5b97ed3c40c1411a7_0000000008686,0,94.771965,144.51058999999998
5da958dd46f8266d0737457b_6b6d91a5b97ed3c40c1411a7_0000000014168,0,94.771965,144.51058999999998
5da958dd46f8266d0737457b_6b6d91a5b97ed3c40c1411a7_0000000026079,0,101.258835,145.3074
5da958dd46f8266d0737457b_6b6d91a5b97ed3c40c1411a7_0000000030874,0,104.25622,142.70555
5da958dd46f8266d0737457b_6b6d91a5b97ed3c40c1411a7_0000000035647,0,107.84813,135.2593
5da958dd46f8266d0737457b_6b6d91a5b97ed3c40c1411a7_0000000040062,0,107.84813,135.2593
5da958dd46f8266d0737457b_6b6d91a5b97ed3c40c1411a7_0000000053931,0,101.258835,145.3074
5da958dd46f8266d0737457b_6b6d91a5b97ed3c40c1411a7_0000000062733,0,94.771965,144.51058999999998
5da958dd46f8266d0737457b_6b6d91a5b97ed3c40c1411a7_0000000067906,0,94.771965,144.51058999999998
5da958dd46f8266d0737457b_6b6d91a5b97ed3c40c1411a7_0000000075201,0,104.25622,142.70555
5da958dd46f8266d0737457b_723900eb4d292e35981c3012_0000000000010,4,82.205376,98.7917
5da958dd46f8266d0737457b_723900eb4d292e35981c3012_0000000009459,4,80.38558,89.65576
5da958dd46f8266d0737457b_723900eb4d292e35981c3012_0000000019999,4,81.29312,84.16117
5da958dd46f8266d0737457b_723900eb4d292e35981c3012_0000000026067,4,81.29312,84.16117
5da958dd46f8266d0737457b_723900eb4d292e35981c3012_0000000033535,4,82.6791,77.20406
5da958dd46f8266d0737457b_723900eb4d292e35981c3012_0000000042956,4,82.98891400000001,72.121124
5da958dd46f8266d0737457b_723900eb4d292e35981c3012_0000000054099,4,82.6791,77.20406
5da958dd46f8266d0737457b_723900eb4d292e35981c3012_0000000061131,4,84.95633000000001,80.04171
5da958dd46f8266d0737457b_723900eb4d292e35981c3012_0000000081775,4,72.65643,76.10046
5da958dd46f8266d0737457b_723900eb4d292e35981c3012_0000000092963,4,63.44536,81.65331
5da958dd46f8266d0737457b_723900eb4d292e35981c3012_0000000101233,4,61.100433,84.726135
5da958dd46f8266d0737457b_723900eb4d292e35981c3012_0000000106597,4,63.44536,81.65331
5da958dd46f8266d0737457b_723900eb4d292e35981c3012_0000000117119,4,62.70696,90.386765
5da958dd46f8266d0737457b_723900eb4d292e35981c3012_0000000126625,4,63.710730000000005,100.72473
5da958dd46f8266d0737457b_76fa8b5e46e6dacbdc4f4f39_0000000000019,2,69.90673000000001,198.7234
5da958dd46f8266d0737457b_76fa8b5e46e6dacbdc4f4f39_0000000005289,2,69.51201,204.62146
5da958dd46f8266d0737457b_76fa8b5e46e6dacbdc4f4f39_0000000014227,2,76.84131,204.48653
5da958dd46f8266d0737457b_76fa8b5e46e6dacbdc4f4f39_0000000022218,2,73.385864,210.64148
5da958dd46f8266d0737457b_76fa8b5e46e6dacbdc4f4f39_0000000029776,2,73.385864,210.64148
5da958dd46f8266d0737457b_76fa8b5e46e6dacbdc4f4f39_0000000040150,2,69.51201,204.62146
5da958dd46f8266d0737457b_76fa8b5e46e6dacbdc4f4f39_0000000051240,2,67.736305,197.16817
5da958dd46f8266d0737457b_76fa8b5e46e6dacbdc4f4f39_0000000062860,2,57.645504,196.15326
5da958dd46f8266d0737457b_76fa8b5e46e6dacbdc4f4f39_0000000074326,2,57.645504,196.15326
5da958dd46f8266d0737457b_791c96c9a472e89ec06e8a85_0000000000014,1,47.118164,195.03868
5da958dd46f8266d0737457b_791c96c9a472e89ec06e8a85_0000000006653,1,47.118164,195.03868
5da958dd46f8266d0737457b_791c96c9a472e89ec06e8a85_0000000014464,1,56.826523,195.85753
5da958dd46f8266d0737457b_791c96c9a472e89ec06e8a85_0000000024143,1,67.4078,197.18626
5da958dd46f8266d0737457b_791c96c9a472e89ec06e8a85_0000000037232,1,70.19689,199.2104
5da958dd46f8266d0737457b_791c96c9a472e89ec06e8a85_0000000050226,1,75.81267,204.2474
5da958dd46f8266d0737457b_791c96c9a472e89ec06e8a85_0000000056644,1,81.487434,202.5511
5da958dd46f8266d0737457b_791c96c9a472e89ec06e8a85_0000000069161,1,79.01817,208.22717
5da958dd46f8266d0737457b_791c96c9a472e89ec06e8a85_0000000073876,1,83.43258,209.95638
5da958dd46f8266d0737457b_7be7b7833488818f562d24aa_0000000000023,4,95.38176,178.95389
5da958dd46f8266d0737457b_7be7b7833488818f562d24aa_0000000010304,4,95.38176,178.95389
5da958dd46f8266d0737457b_7be7b7833488818f562d24aa_0000000024423,4,80.242325,180.70642
5da958dd46f8266d0737457b_7be7b7833488818f562d24aa_0000000037947,4,83.442924,186.63765
5da958dd46f8266d0737457b_7be7b7833488818f562d24aa_0000000044670,4,82.424934,192.92313
5da958dd46f8266d0737457b_7be7b7833488818f562d24aa_0000000052056,4,81.81996,198.25868
5da958dd46f8266d0737457b_7be7b7833488818f562d24aa_0000000058301,4,81.15720999999999,203.12683
5da958dd46f8266d0737457b_7be7b7833488818f562d24aa_0000000066519,4,81.15720999999999,203.12683
5da958dd46f8266d0737457b_7be7b7833488818f562d24aa_0000000075731,4,81.81996,198.25868
5da958dd46f8266d0737457b_7be7b7833488818f562d24aa_0000000084025,4,82.424934,192.92313
5da958dd46f8266d0737457b_7be7b7833488818f562d24aa_0000000092798,4,80.87303,184.79233
5da958dd46f8266d0737457b_7be7b7833488818f562d24aa_0000000100794,4,80.242325,180.70642
5da958dd46f8266d0737457b_7be7b7833488818f562d24aa_0000000113968,4,82.480255,172.73135
5da958dd46f8266d0737457b_7be7b7833488818f562d24aa_0000000126816,4,83.105034,164.06595
5da958dd46f8266d0737457b_7d42a67573f38d52bea01679_0000000000011,3,90.9722,36.306168
5da958dd46f8266d0737457b_7d42a67573f38d52bea01679_0000000007362,3,90.00865,43.84366
5da958dd46f8266d0737457b_7d42a67573f38d52bea01679_0000000012973,3,97.0,44.5
5da958dd46f8266d0737457b_7d42a67573f38d52bea01679_0000000017654,3,96.5,50.0
5da958dd46f8266d0737457b_7d42a67573f38d52bea01679_0000000025359,3,95.66666666666669,55.5
5da958dd46f8266d0737457b_7d42a67573f38d52bea01679_0000000032126,3,98.33333333333334,61.5
5da958dd46f8266d0737457b_7d42a67573f38d52bea01679_0000000042927,3,100.0,50.5
5da958dd46f8266d0737457b_7d42a67573f38d52bea01679_0000000051171,3,97.0,44.5
5da958dd46f8266d0737457b_7d42a67573f38d52bea01679_0000000058442,3,96.5,50.0
5da958dd46f8266d0737457b_7d42a67573f38d52bea01679_0000000068797,3,99.16666666666669,56.0
5da958dd46f8266d0737457b_861c09b1c67351e92708f91f_0000000000012,4,136.25271999999998,136.66142
5da958dd46f8266d0737457b_861c09b1c67351e92708f91f_0000000007764,4,136.25271999999998,136.66142
5da958dd46f8266d0737457b_861c09b1c67351e92708f91f_0000000015727,4,128.35562,135.45792
5da958dd46f8266d0737457b_861c09b1c67351e92708f91f_0000000022108,4,121.53798,134.83507
5da958dd46f8266d0737457b_861c09b1c67351e92708f91f_0000000029595,4,120.32302,139.08133
5da958dd46f8266d0737457b_861c09b1c67351e92708f91f_0000000035303,4,120.32302,139.08133
5da958dd46f8266d0737457b_861c09b1c67351e92708f91f_0000000050722,4,106.802055,138.07457
5da958dd46f8266d0737457b_861c09b1c67351e92708f91f_0000000058724,4,104.70819,136.33885
5da958dd46f8266d0737457b_861c09b1c67351e92708f91f_0000000064438,4,102.62009,132.10236
5da958dd46f8266d0737457b_89ab0fc4e49d892ff0156dc7_0000000000009,5,84.14313,140.08641
5da958dd46f8266d0737457b_89ab0fc4e49d892ff0156dc7_0000000009079,5,86.299095,134.56711
5da958dd46f8266d0737457b_89ab0fc4e49d892ff0156dc7_0000000021225,5,93.54798,134.27878
5da958dd46f8266d0737457b_89ab0fc4e49d892ff0156dc7_0000000029431,5,100.629425,131.58636
5da958dd46f8266d0737457b_89ab0fc4e49d892ff0156dc7_0000000034377,5,100.629425,131.58636
5da958dd46f8266d0737457b_89ab0fc4e49d892ff0156dc7_0000000046245,5,98.02804,126.067955
5da958dd46f8266d0737457b_89ab0fc4e49d892ff0156dc7_0000000062741,5,90.840355,130.53181
5da958dd46f8266d0737457b_89ab0fc4e49d892ff0156dc7_0000000073491,5,86.299095,134.56711
5da958dd46f8266d0737457b_89ab0fc4e49d892ff0156dc7_0000000085430,5,84.14313,140.08641
5da958dd46f8266d0737457b_89ab0fc4e49d892ff0156dc7_0000000089926,5,84.14313,140.08641
5da958dd46f8266d0737457b_89ab0fc4e49d892ff0156dc7_0000000098219,5,84.14313,140.08641
5da958dd46f8266d0737457b_89ab0fc4e49d892ff0156dc7_0000000108358,5,91.0756,139.37747
5da958dd46f8266d0737457b_89ab0fc4e49d892ff0156dc7_0000000117645,5,105.61615,141.51552
5da958dd46f8266d0737457b_89ab0fc4e49d892ff0156dc7_0000000131947,5,100.629425,131.58636
5da958dd46f8266d0737457b_89ab0fc4e49d892ff0156dc7_0000000143633,5,100.629425,131.58636
5da958dd46f8266d0737457b_89ab0fc4e49d892ff0156dc7_0000000151889,5,93.54798,134.27878
5da958dd46f8266d0737457b_89ab0fc4e49d892ff0156dc7_0000000163646,5,93.54798,134.27878
5da958dd46f8266d0737457b_89ab0fc4e49d892ff0156dc7_0000000175361,5,90.840355,130.53181
5da958dd46f8266d0737457b_89ab0fc4e49d892ff0156dc7_0000000183340,5,86.299095,134.56711
5da958dd46f8266d0737457b_89ab0fc4e49d892ff0156dc7_0000000191340,5,80.53118,137.58373999999998
5da958dd46f8266d0737457b_89ab0fc4e49d892ff0156dc7_0000000209821,5,73.86425,137.15223999999998
5da958dd46f8266d0737457b_89ab0fc4e49d892ff0156dc7_0000000223443,5,80.53118,137.58373999999998
5da958dd46f8266d0737457b_89ab0fc4e49d892ff0156dc7_0000000230497,5,84.14313,140.08641
5da958dd46f8266d0737457b_89ab0fc4e49d892ff0156dc7_0000000243356,5,93.54798,134.27878
5da958dd46f8266d0737457b_89ab0fc4e49d892ff0156dc7_0000000253471,5,105.61615,141.51552
5da958dd46f8266d0737457b_8c5a946a9eeb739c2a6630ff_0000000000009,4,88.37915,221.88928
5da958dd46f8266d0737457b_8c5a946a9eeb739c2a6630ff_0000000009671,4,81.26516,221.01315
5da958dd46f8266d0737457b_8c5a946a9eeb739c2a6630ff_0000000021562,4,81.094894,218.24944
5da958dd46f8266d0737457b_8c5a946a9eeb739c2a6630ff_0000000029901,4,79.755394,211.85982
5da958dd46f8266d0737457b_8c5a946a9eeb739c2a6630ff_0000000036612,4,81.76607,209.01889
5da958dd46f8266d0737457b_8c5a946a9eeb739c2a6630ff_0000000044370,4,77.14363,203.01152
5da958dd46f8266d0737457b_8c5a946a9eeb739c2a6630ff_0000000052899,4,78.16792,206.59592
5da958dd46f8266d0737457b_8c5a946a9eeb739c2a6630ff_0000000058052,4,73.43366999999999,206.1384
5da958dd46f8266d0737457b_8c5a946a9eeb739c2a6630ff_0000000068697,4,79.755394,211.85982
5da958dd46f8266d0737457b_8c5a946a9eeb739c2a6630ff_0000000076944,4,72.42483,210.98407000000003
5da958dd46f8266d0737457b_8c5a946a9eeb739c2a6630ff_0000000090129,4,81.76607,209.01889
5da958dd46f8266d0737457b_8c5a946a9eeb739c2a6630ff_0000000098622,4,78.16792,206.59592
5da958dd46f8266d0737457b_8c5a946a9eeb739c2a6630ff_0000000104934,4,73.43366999999999,206.1384
5da958dd46f8266d0737457b_8e577bbf235d81ce625e363a_0000000000008,5,75.38363000000001,133.74185
5da958dd46f8266d0737457b_8e577bbf235d81ce625e363a_0000000006003,5,71.219475,126.69872
5da958dd46f8266d0737457b_8e577bbf235d81ce625e363a_0000000016813,5,71.219475,126.69872
5da958dd46f8266d0737457b_8e577bbf235d81ce625e363a_0000000026474,5,67.23996,120.64068
5da958dd46f8266d0737457b_8e577bbf235d81ce625e363a_0000000034485,5,71.5,117.0
5da958dd46f8266d0737457b_8e577bbf235d81ce625e363a_0000000039557,5,68.5,114.5
5da958dd46f8266d0737457b_8e577bbf235d81ce625e363a_0000000054584,5,75.0,106.5
5da958dd46f8266d0737457b_8e577bbf235d81ce625e363a_0000000060198,5,75.0,106.5
5da958dd46f8266d0737457b_8e577bbf235d81ce625e363a_0000000071428,5,82.13628,103.23367
5da958dd46f8266d0737457b_8e577bbf235d81ce625e363a_0000000078319,5,88.2414,100.02012
5da958dd46f8266d0737457b_8e577bbf235d81ce625e363a_0000000108272,5,75.0,106.5
5da958dd46f8266d0737457b_8e577bbf235d81ce625e363a_0000000124739,5,77.8314,98.16795
5da958dd46f8266d0737457b_8e577bbf235d81ce625e363a_0000000147344,5,72.50039,100.49582
5da958dd46f8266d0737457b_8e577bbf235d81ce625e363a_0000000156122,5,62.222385,108.53465
5da958dd46f8266d0737457b_8e577bbf235d81ce625e363a_0000000164696,5,63.06254200000001,114.867294
5da958dd46f8266d0737457b_8e577bbf235d81ce625e363a_0000000180941,5,67.23996,120.64068
5da958dd46f8266d0737457b_8e577bbf235d81ce625e363a_0000000190994,5,71.219475,126.69872
5da958dd46f8266d0737457b_8e577bbf235d81ce625e363a_0000000202605,5,67.23996,120.64068
5da958dd46f8266d0737457b_8e577bbf235d81ce625e363a_0000000219049,5,71.75,110.5
5da958dd46f8266d0737457b_8e577bbf235d81ce625e363a_0000000238699,5,76.500465,104.07359
5da958dd46f8266d0737457b_8e577bbf235d81ce625e363a_0000000258912,5,75.0,106.5
5da958dd46f8266d0737457b_8e577bbf235d81ce625e363a_0000000268284,5,71.75,110.5
5da958dd46f8266d0737457b_8e577bbf235d81ce625e363a_0000000283198,5,71.5,117.0
5da958dd46f8266d0737457b_8e577bbf235d81ce625e363a_0000000291036,5,67.23996,120.64068
5da958dd46f8266d0737457b_8e577bbf235d81ce625e363a_0000000305615,5,62.222385,108.53465
5da958dd46f8266d0737457b_8e577bbf235d81ce625e363a_0000000318775,5,64.78889000000001,100.020645
5da958dd46f8266d0737457b_8e577bbf235d81ce625e363a_0000000327162,5,62.027073,96.59538
5da958dd46f8266d0737457b_8e577bbf235d81ce625e363a_0000000336671,5,69.44889,97.46196
5da958dd46f8266d0737457b_8e577bbf235d81ce625e363a_0000000352529,5,60.54739,102.38654
5da958dd46f8266d0737457b_8e577bbf235d81ce625e363a_0000000360759,5,62.222385,108.53465
5da958dd46f8266d0737457b_9113be4094a68ba42ad9daa8_0000000000008,1,107.461555,43.509693
5da958dd46f8266d0737457b_9113be4094a68ba42ad9daa8_0000000009038,1,100.60429,42.480335
5da958dd46f8266d0737457b_9113be4094a68ba42ad9daa8_0000000017539,1,97.18726,39.821716
5da958dd46f8266d0737457b_9113be4094a68ba42ad9daa8_0000000025915,1,97.108986,48.745003
5da958dd46f8266d0737457b_9113be4094a68ba42ad9daa8_0000000033861,1,98.785446,54.760395
5da958dd46f8266d0737457b_9113be4094a68ba42ad9daa8_0000000043034,1,95.853775,62.738117
5da958dd46f8266d0737457b_9113be4094a68ba42ad9daa8_0000000047758,1,97.68818,66.168396
5da958dd46f8266d0737457b_9113be4094a68ba42ad9daa8_0000000059365,1,94.10922,74.245056
5da958dd46f8266d0737457b_9113be4094a68ba42ad9daa8_0000000067293,1,95.309784,79.91592
5da958dd46f8266d0737457b_9113be4094a68ba42ad9daa8_0000000073338,1,92.220726,79.78138
5da958dd46f8266d0737457b_950c991710b1054f4cd03133_0000000000021,5,117.67444,51.19242
5da958dd46f8266d0737457b_950c991710b1054f4cd03133_0000000004507,5,117.67444,51.19242
5da958dd46f8266d0737457b_950c991710b1054f4cd03133_0000000014086,5,109.62193,44.998863
5da958dd46f8266d0737457b_950c991710b1054f4cd03133_0000000025728,5,109.62193,44.998863
5da958dd46f8266d0737457b_950c991710b1054f4cd03133_0000000033406,5,100.06956,44.20285
5da958dd46f8266d0737457b_950c991710b1054f4cd03133_0000000037611,5,100.06956,44.20285
5da958dd46f8266d0737457b_950c991710b1054f4cd03133_0000000049266,5,87.504295,53.091373
5da958dd46f8266d0737457b_950c991710b1054f4cd03133_0000000054545,5,87.504295,53.091373
5da958dd46f8266d0737457b_950c991710b1054f4cd03133_0000000063713,5,86.94559,58.8109
5da958dd46f8266d0737457b_950c991710b1054f4cd03133_0000000078771,5,87.504295,53.091373
5da958dd46f8266d0737457b_950c991710b1054f4cd03133_0000000089466,5,90.80411,41.398273
5da958dd46f8266d0737457b_950c991710b1054f4cd03133_0000000099238,5,90.80411,41.398273
5da958dd46f8266d0737457b_950c991710b1054f4cd03133_0000000111364,5,88.69295,45.125793
5da958dd46f8266d0737457b_950c991710b1054f4cd03133_0000000122569,5,87.504295,53.091373
5da958dd46f8266d0737457b_950c991710b1054f4cd03133_0000000132682,5,86.94559,58.8109
5da958dd46f8266d0737457b_950c991710b1054f4cd03133_0000000143436,5,86.94559,58.8109
5da958dd46f8266d0737457b_950c991710b1054f4cd03133_0000000151556,5,84.732254,53.027588
5da958dd46f8266d0737457b_950c991710b1054f4cd03133_0000000156600,5,84.732254,53.027588
5da958dd46f8266d0737457b_950c991710b1054f4cd03133_0000000164391,5,85.77831,43.738575
5da958dd46f8266d0737457b_950c991710b1054f4cd03133_0000000172069,5,86.67811,38.263794
5da958dd46f8266d0737457b_950c991710b1054f4cd03133_0000000184650,5,91.01598,38.56515
5da958dd46f8266d0737457b_950c991710b1054f4cd03133_0000000191846,5,93.36129,36.29506
5da958dd46f8266d0737457b_950c991710b1054f4cd03133_0000000202717,5,91.01598,38.56515
5da958dd46f8266d0737457b_950c991710b1054f4cd03133_0000000210176,5,86.67811,38.263794
5da958dd46f8266d0737457b_950c991710b1054f4cd03133_0000000224214,5,91.01598,38.56515
5da958dd46f8266d0737457b_950c991710b1054f4cd03133_0000000233241,5,90.80411,41.398273
5da958dd46f8266d0737457b_950c991710b1054f4cd03133_0000000242626,5,90.80411,41.398273
5da958dd46f8266d0737457b_97aad1488e3b02f180a8ae09_0000000000009,2,73.2081,148.98744
5da958dd46f8266d0737457b_97aad1488e3b02f180a8ae09_0000000009063,2,74.11814,140.57426
5da958dd46f8266d0737457b_97aad1488e3b02f180a8ae09_0000000018540,2,66.21636,139.7314
5da958dd46f8266d0737457b_97aad1488e3b02f180a8ae09_0000000025691,2,66.21636,139.7314
5da958dd46f8266d0737457b_97aad1488e3b02f180a8ae09_0000000031903,2,59.17475,138.65526
5da958dd46f8266d0737457b_97aad1488e3b02f180a8ae09_0000000037644,2,59.17475,138.65526
5da958dd46f8266d0737457b_97aad1488e3b02f180a8ae09_0000000044996,2,59.17475,138.65526
5da958dd46f8266d0737457b_97aad1488e3b02f180a8ae09_0000000049789,2,59.759377,135.08301
5da958dd46f8266d0737457b_97aad1488e3b02f180a8ae09_0000000054264,2,54.228333,131.21776
5da958dd46f8266d0737457b_97aad1488e3b02f180a8ae09_0000000059856,2,59.759377,135.08301
5da958dd46f8266d0737457b_97aad1488e3b02f180a8ae09_0000000064795,2,59.17475,138.65526
5da958dd46f8266d0737457b_9a9cf9f796fae7f3f8643a04_0000000000010,-1,146.30014,124.251976
5da958dd46f8266d0737457b_9a9cf9f796fae7f3f8643a04_0000000012143,-1,152.99461000000002,136.90236000000002
5da958dd46f8266d0737457b_9a9cf9f796fae7f3f8643a04_0000000024390,-1,149.84096,139.9121
5da958dd46f8266d0737457b_9a9cf9f796fae7f3f8643a04_0000000033798,-1,146.24068,140.4054
5da958dd46f8266d0737457b_9a9cf9f796fae7f3f8643a04_0000000044175,-1,133.47113000000002,139.79572
5da958dd46f8266d0737457b_9a9cf9f796fae7f3f8643a04_0000000053567,-1,132.02173,143.29417
5da958dd46f8266d0737457b_9a9cf9f796fae7f3f8643a04_0000000061950,-1,126.47569,142.72992
5da958dd46f8266d0737457b_9a9cf9f796fae7f3f8643a04_0000000070686,-1,127.6586,133.24083000000002
5da958dd46f8266d0737457b_9a9cf9f796fae7f3f8643a04_0000000093384,-1,127.6586,133.24083000000002
5da958dd46f8266d0737457b_9a9cf9f796fae7f3f8643a04_0000000110336,-1,133.47113000000002,139.79572
5da958dd46f8266d0737457b_9a9cf9f796fae7f3f8643a04_0000000118063,-1,133.47113000000002,139.79572
5da958dd46f8266d0737457b_9a9cf9f796fae7f3f8643a04_0000000124018,-1,133.47113000000002,139.79572
5da958dd46f8266d0737457b_a2b5878c25761e552230d412_0000000000008,0,75.28268,204.85562
5da958dd46f8266d0737457b_a2b5878c25761e552230d412_0000000012040,0,70.14359,197.54028
5da958dd46f8266d0737457b_a2b5878c25761e552230d412_0000000025141,0,67.74891,196.93092
5da958dd46f8266d0737457b_a2b5878c25761e552230d412_0000000036326,0,66.99676,205.64626
5da958dd46f8266d0737457b_a2b5878c25761e552230d412_0000000046571,0,62.650986,196.50436
5da958dd46f8266d0737457b_a2b5878c25761e552230d412_0000000066104,0,48.239235,194.11127
5da958dd46f8266d0737457b_a2b5878c25761e552230d412_0000000076403,0,47.514652000000005,198.76733
5da958dd46f8266d0737457b_a2b5878c25761e552230d412_0000000081759,0,47.514652000000005,198.76733
5da958dd46f8266d0737457b_a2b5878c25761e552230d412_0000000098201,0,47.514652000000005,198.76733
5da958dd46f8266d0737457b_a2b5878c25761e552230d412_0000000105889,0,47.804665,195.88683
5da958dd46f8266d0737457b_a424b6ad3de377df7c9e8958_0000000000013,3,85.36719000000001,71.36988000000001
5da958dd46f8266d0737457b_a424b6ad3de377df7c9e8958_0000000006280,3,83.746796,63.539116
5da958dd46f8266d0737457b_a424b6ad3de377df7c9e8958_0000000012682,3,83.746796,63.539116
5da958dd46f8266d0737457b_a424b6ad3de377df7c9e8958_0000000028691,3,95.66666666666669,55.5
5da958dd46f8266d0737457b_a424b6ad3de377df7c9e8958_0000000036152,3,90.00865,43.84366
5da958dd46f8266d0737457b_a424b6ad3de377df7c9e8958_0000000045143,3,86.70839000000001,39.31154
5da958dd46f8266d0737457b_a424b6ad3de377df7c9e8958_0000000055718,3,90.00865,43.84366
5da958dd46f8266d0737457b_a424b6ad3de377df7c9e8958_0000000064574,3,96.5,50.0
5da958dd46f8266d0737457b_a424b6ad3de377df7c9e8958_0000000079011,3,87.26346600000001,54.32155600000001
5da958dd46f8266d0737457b_a424b6ad3de377df7c9e8958_0000000086796,3,94.83333333333334,61.0
5da958dd46f8266d0737457b_a424b6ad3de377df7c9e8958_0000000096600,3,94.0,66.5
5da958dd46f8266d0737457b_a424b6ad3de377df7c9e8958_0000000105507,3,83.746796,63.539116
5da958dd46f8266d0737457b_a424b6ad3de377df7c9e8958_0000000109413,3,83.746796,63.539116
5da958dd46f8266d0737457b_a424b6ad3de377df7c9e8958_0000000113114,3,83.746796,63.539116
5da958dd46f8266d0737457b_a424b6ad3de377df7c9e8958_0000000118095,3,83.746796,63.539116
5da958dd46f8266d0737457b_a424b6ad3de377df7c9e8958_0000000126088,3,83.746796,63.539116
5da958dd46f8266d0737457b_a424b6ad3de377df7c9e8958_0000000139878,3,87.26346600000001,54.32155600000001
5da958dd46f8266d0737457b_a424b6ad3de377df7c9e8958_0000000147866,3,86.15884399999999,44.453236
5da958dd46f8266d0737457b_a424b6ad3de377df7c9e8958_0000000152683,3,86.15884399999999,44.453236
5da958dd46f8266d0737457b_a424b6ad3de377df7c9e8958_0000000164006,3,86.15884399999999,44.453236
5da958dd46f8266d0737457b_a424b6ad3de377df7c9e8958_0000000180898,3,87.26346600000001,54.32155600000001
5da958dd46f8266d0737457b_a424b6ad3de377df7c9e8958_0000000192358,3,83.746796,63.539116
5da958dd46f8266d0737457b_a424b6ad3de377df7c9e8958_0000000203924,3,83.746796,63.539116
5da958dd46f8266d0737457b_a424b6ad3de377df7c9e8958_0000000213663,3,85.36719000000001,71.36988000000001
5da958dd46f8266d0737457b_a424b6ad3de377df7c9e8958_0000000225738,3,85.36719000000001,71.36988000000001
5da958dd46f8266d0737457b_a424b6ad3de377df7c9e8958_0000000239084,3,94.83333333333334,61.0
5da958dd46f8266d0737457b_a424b6ad3de377df7c9e8958_0000000250979,3,87.26346600000001,54.32155600000001
5da958dd46f8266d0737457b_a424b6ad3de377df7c9e8958_0000000272954,3,83.746796,63.539116
5da958dd46f8266d0737457b_a424b6ad3de377df7c9e8958_0000000293963,3,85.36719000000001,71.36988000000001
5da958dd46f8266d0737457b_a424b6ad3de377df7c9e8958_0000000303353,3,85.36719000000001,71.36988000000001
5da958dd46f8266d0737457b_a424b6ad3de377df7c9e8958_0000000315748,3,83.746796,63.539116
5da958dd46f8266d0737457b_a424b6ad3de377df7c9e8958_0000000324819,3,94.0,66.5
5da958dd46f8266d0737457b_a424b6ad3de377df7c9e8958_0000000338753,3,83.746796,63.539116
5da958dd46f8266d0737457b_a424b6ad3de377df7c9e8958_0000000346301,3,83.746796,63.539116
5da958dd46f8266d0737457b_a424b6ad3de377df7c9e8958_0000000361307,3,82.157845,76.01433
5da958dd46f8266d0737457b_a424b6ad3de377df7c9e8958_0000000377279,3,82.157845,76.01433
5da958dd46f8266d0737457b_a424b6ad3de377df7c9e8958_0000000386287,3,72.42442,77.15459
5da958dd46f8266d0737457b_a424b6ad3de377df7c9e8958_0000000391540,3,72.42442,77.15459
5da958dd46f8266d0737457b_a5b8249fca6d41f4ce1d4a02_0000000000012,1,75.292755,165.44444
5da958dd46f8266d0737457b_a5b8249fca6d41f4ce1d4a02_0000000007719,1,71.60547,168.94212
5da958dd46f8266d0737457b_a5b8249fca6d41f4ce1d4a02_0000000017028,1,69.35120400000001,180.9798
5da958dd46f8266d0737457b_a5b8249fca6d41f4ce1d4a02_0000000022805,1,69.35120400000001,180.9798
5da958dd46f8266d0737457b_a5b8249fca6d41f4ce1d4a02_0000000031449,1,71.16835999999999,188.18365
5da958dd46f8266d0737457b_a5b8249fca6d41f4ce1d4a02_0000000038831,1,70.8614,193.0417
5da958dd46f8266d0737457b_a5b8249fca6d41f4ce1d4a02_0000000051887,1,56.826523,195.85753
5da958dd46f8266d0737457b_a5b8249fca6d41f4ce1d4a02_0000000061390,1,56.826523,195.85753
5da958dd46f8266d0737457b_a5b8249fca6d41f4ce1d4a02_0000000067823,1,47.118164,195.03868
5da958dd46f8266d0737457b_adb909f464fd9284b53dbc87_0000000000010,0,73.64629000000001,166.92908
5da958dd46f8266d0737457b_adb909f464fd9284b53dbc87_0000000009359,0,75.09600999999999,158.7642
5da958dd46f8266d0737457b_adb909f464fd9284b53dbc87_0000000020785,0,78.78998,163.79788
5da958dd46f8266d0737457b_adb909f464fd9284b53dbc87_0000000025327,0,78.78998,163.79788
5da958dd46f8266d0737457b_adb909f464fd9284b53dbc87_0000000031758,0,81.216606,169.74133
5da958dd46f8266d0737457b_adb909f464fd9284b53dbc87_0000000038937,0,80.02275999999999,176.76478999999998
5da958dd46f8266d0737457b_adb909f464fd9284b53dbc87_0000000047484,0,80.02275999999999,176.76478999999998
5da958dd46f8266d0737457b_adb909f464fd9284b53dbc87_0000000060738,0,80.02275999999999,176.76478999999998
5da958dd46f8266d0737457b_adb909f464fd9284b53dbc87_0000000075827,0,80.69739,188.1258
5da958dd46f8266d0737457b_adb909f464fd9284b53dbc87_0000000084488,0,81.91605,199.16426
5da958dd46f8266d0737457b_adb909f464fd9284b53dbc87_0000000091056,0,77.780594,198.83754
5da958dd46f8266d0737457b_adb909f464fd9284b53dbc87_0000000097310,0,77.48581999999999,202.69135
5da958dd46f8266d0737457b_adb909f464fd9284b53dbc87_0000000106525,0,75.28268,204.85562
5da958dd46f8266d0737457b_adda251cb945aa23e455ab48_0000000000010,4,87.0,159.0
5da958dd46f8266d0737457b_adda251cb945aa23e455ab48_0000000008120,4,85.0,151.5
5da958dd46f8266d0737457b_adda251cb945aa23e455ab48_0000000014041,4,85.33397,147.90121000000002
5da958dd46f8266d0737457b_adda251cb945aa23e455ab48_0000000025587,4,81.24417,142.59377
5da958dd46f8266d0737457b_adda251cb945aa23e455ab48_0000000043020,4,76.774124,144.2944
5da958dd46f8266d0737457b_adda251cb945aa23e455ab48_0000000051000,4,73.60992399999999,149.50642
5da958dd46f8266d0737457b_adda251cb945aa23e455ab48_0000000057537,4,75.03799000000001,155.04185
5da958dd46f8266d0737457b_adda251cb945aa23e455ab48_0000000064643,4,72.13599,160.11194
5da958dd46f8266d0737457b_adda251cb945aa23e455ab48_0000000071592,4,74.63989000000001,162.75885
5da958dd46f8266d0737457b_adda251cb945aa23e455ab48_0000000083999,4,83.5,160.5
5da958dd46f8266d0737457b_adda251cb945aa23e455ab48_0000000090067,4,86.29819,162.55771
5da958dd46f8266d0737457b_adda251cb945aa23e455ab48_0000000100271,4,84.25,156.0
5da958dd46f8266d0737457b_adda251cb945aa23e455ab48_0000000107101,4,85.0,151.5
5da958dd46f8266d0737457b_adda251cb945aa23e455ab48_0000000117915,4,84.25,156.0
5da958dd46f8266d0737457b_adda251cb945aa23e455ab48_0000000125854,4,86.29819,162.55771
5da958dd46f8266d0737457b_adda251cb945aa23e455ab48_0000000131793,4,83.105034,164.06595
5da958dd46f8266d0737457b_adda251cb945aa23e455ab48_0000000139459,4,74.63989000000001,162.75885
5da958dd46f8266d0737457b_adda251cb945aa23e455ab48_0000000147106,4,74.63989000000001,162.75885
5da958dd46f8266d0737457b_adda251cb945aa23e455ab48_0000000152332,4,74.63989000000001,162.75885
5da958dd46f8266d0737457b_adda251cb945aa23e455ab48_0000000161943,4,75.03799000000001,155.04185
5da958dd46f8266d0737457b_adda251cb945aa23e455ab48_0000000170849,4,73.60992399999999,149.50642
5da958dd46f8266d0737457b_adda251cb945aa23e455ab48_0000000175779,4,73.60992399999999,149.50642
5da958dd46f8266d0737457b_adda251cb945aa23e455ab48_0000000187262,4,75.03799000000001,155.04185
5da958dd46f8266d0737457b_adda251cb945aa23e455ab48_0000000197474,4,74.63989000000001,162.75885
5da958dd46f8266d0737457b_b47cbb269b2ddf36e39572bd_0000000000010,3,87.07136,35.72149
5da958dd46f8266d0737457b_b47cbb269b2ddf36e39572bd_0000000005734,3,91.30247,40.145363
5da958dd46f8266d0737457b_b47cbb269b2ddf36e39572bd_0000000012984,3,91.30247,40.145363
5da958dd46f8266d0737457b_b47cbb269b2ddf36e39572bd_0000000017514,3,97.23411,40.73296
5da958dd46f8266d0737457b_b47cbb269b2ddf36e39572bd_0000000028387,3,97.0,44.5
5da958dd46f8266d0737457b_b47cbb269b2ddf36e39572bd_0000000039468,3,106.48136,45.633335
5da958dd46f8266d0737457b_b47cbb269b2ddf36e39572bd_0000000047897,3,111.11891,44.164158
5da958dd46f8266d0737457b_b47cbb269b2ddf36e39572bd_0000000051825,3,111.11891,44.164158
5da958dd46f8266d0737457b_b47cbb269b2ddf36e39572bd_0000000059103,3,106.48136,45.633335
5da958dd46f8266d0737457b_b47cbb269b2ddf36e39572bd_0000000110938,3,106.48136,45.633335
5da958dd46f8266d0737457b_b87667c3dd21d8aa17bb6a74_0000000000016,4,63.710730000000005,100.72473
5da958dd46f8266d0737457b_b87667c3dd21d8aa17bb6a74_0000000008200,4,61.90456999999999,96.46774
5da958dd46f8266d0737457b_b87667c3dd21d8aa17bb6a74_0000000015451,4,62.70696,90.386765
5da958dd46f8266d0737457b_b87667c3dd21d8aa17bb6a74_0000000020329,4,62.70696,90.386765
5da958dd46f8266d0737457b_b87667c3dd21d8aa17bb6a74_0000000026666,4,63.44536,81.65331
5da958dd46f8266d0737457b_b87667c3dd21d8aa17bb6a74_0000000037665,4,72.65643,76.10046
5da958dd46f8266d0737457b_b87667c3dd21d8aa17bb6a74_0000000051910,4,81.29312,84.16117
5da958dd46f8266d0737457b_b87667c3dd21d8aa17bb6a74_0000000064056,4,82.6791,77.20406
5da958dd46f8266d0737457b_b87667c3dd21d8aa17bb6a74_0000000069572,4,82.6791,77.20406
5da958dd46f8266d0737457b_b87667c3dd21d8aa17bb6a74_0000000079750,4,83.86686999999999,84.31188
5da958dd46f8266d0737457b_b87667c3dd21d8aa17bb6a74_0000000086883,4,83.01571,91.76724
5da958dd46f8266d0737457b_c0f79f21ad5f32c573f98886_0000000000011,-1,126.55633,6.704866
5da958dd46f8266d0737457b_c0f79f21ad5f32c573f98886_0000000005409,-1,130.78993,12.656855
5da958dd46f8266d0737457b_c0f79f21ad5f32c573f98886_0000000011300,-1,130.78993,12.656855
5da958dd46f8266d0737457b_c0f79f21ad5f32c573f98886_0000000016824,-1,134.38926999999998,18.291006
5da958dd46f8266d0737457b_c0f79f21ad5f32c573f98886_0000000022084,-1,138.2611,18.447538
5da958dd46f8266d0737457b_c0f79f21ad5f32c573f98886_0000000030484,-1,138.46495,24.422426
5da958dd46f8266d0737457b_c0f79f21ad5f32c573f98886_0000000035380,-1,142.84296,25.006723
5da958dd46f8266d0737457b_c0f79f21ad5f32c573f98886_0000000045464,-1,138.2611,18.447538
5da958dd46f8266d0737457b_c0f79f21ad5f32c573f98886_0000000051199,-1,134.80443,13.347704
5da958dd46f8266d0737457b_c0f79f21ad5f32c573f98886_0000000056996,-1,130.78993,12.656855
5da958dd46f8266d0737457b_c0f79f21ad5f32c573f98886_0000000063896,-1,126.55633,6.704866
5da958dd46f8266d0737457b_c5c86b509c716c7872e16214_0000000000008,0,83.75836,86.328156
5da958dd46f8266d0737457b_c5c86b509c716c7872e16214_0000000010411,0,93.73601,85.098045
5da958dd46f8266d0737457b_c5c86b509c716c7872e16214_0000000020293,0,94.70287,82.01481
5da958dd46f8266d0737457b_c5c86b509c716c7872e16214_0000000032035,0,99.82716,79.7016
5da958dd46f8266d0737457b_c5c86b509c716c7872e16214_0000000038928,0,106.38688,80.63292
5da958dd46f8266d0737457b_c5c86b509c716c7872e16214_0000000052394,0,99.82716,79.7016
5da958dd46f8266d0737457b_c5c86b509c716c7872e16214_0000000062975,0,93.73601,85.098045
5da958dd46f8266d0737457b_c5c86b509c716c7872e16214_0000000075250,0,88.571754,76.8363
5da958dd46f8266d0737457b_d0ba1a514581ead3c796490b_0000000000007,1,80.44713,139.27885
5da958dd46f8266d0737457b_d0ba1a514581ead3c796490b_0000000011734,1,65.000435,138.26442
5da958dd46f8266d0737457b_d0ba1a514581ead3c796490b_0000000025266,1,65.000435,138.26442
5da958dd46f8266d0737457b_d0ba1a514581ead3c796490b_0000000029972,1,56.716244,136.62117
5da958dd46f8266d0737457b_d0ba1a514581ead3c796490b_0000000034536,1,56.716244,136.62117
5da958dd46f8266d0737457b_d0ba1a514581ead3c796490b_0000000040519,1,65.000435,138.26442
5da958dd46f8266d0737457b_d0ba1a514581ead3c796490b_0000000046296,1,65.000435,138.26442
5da958dd46f8266d0737457b_d0ba1a514581ead3c796490b_0000000052219,1,74.875534,139.45442
5da958dd46f8266d0737457b_d0ba1a514581ead3c796490b_0000000059564,1,80.44713,139.27885
5da958dd46f8266d0737457b_d670943e9fa2473914f568d4_0000000000014,4,50.656013,209.18163
5da958dd46f8266d0737457b_d670943e9fa2473914f568d4_0000000006590,4,56.633846,209.8445
5da958dd46f8266d0737457b_d670943e9fa2473914f568d4_0000000012533,4,56.633846,209.8445
5da958dd46f8266d0737457b_d670943e9fa2473914f568d4_0000000020331,4,66.21605,206.22644
5da958dd46f8266d0737457b_d670943e9fa2473914f568d4_0000000025056,4,65.40731,210.69597
5da958dd46f8266d0737457b_d670943e9fa2473914f568d4_0000000034917,4,56.633846,209.8445
5da958dd46f8266d0737457b_d670943e9fa2473914f568d4_0000000041021,4,56.633846,209.8445
5da958dd46f8266d0737457b_d670943e9fa2473914f568d4_0000000046402,4,50.656013,209.18163
5da958dd46f8266d0737457b_d670943e9fa2473914f568d4_0000000061687,4,66.21605,206.22644
5da958dd46f8266d0737457b_d670943e9fa2473914f568d4_0000000066426,4,65.40731,210.69597
5da958dd46f8266d0737457b_d670943e9fa2473914f568d4_0000000078142,4,69.84764,203.54279
5da958dd46f8266d0737457b_d670943e9fa2473914f568d4_0000000088075,4,69.84764,203.54279
5da958dd46f8266d0737457b_d670943e9fa2473914f568d4_0000000093447,4,70.43543000000001,197.3796
5da958dd46f8266d0737457b_d670943e9fa2473914f568d4_0000000100293,4,71.34049,191.02289
5da958dd46f8266d0737457b_d670943e9fa2473914f568d4_0000000106391,4,73.13628,186.30492
5da958dd46f8266d0737457b_d670943e9fa2473914f568d4_0000000114249,4,73.50213000000001,180.90533
5da958dd46f8266d0737457b_d670943e9fa2473914f568d4_0000000123781,4,73.55577,173.21815
5da958dd46f8266d0737457b_d670943e9fa2473914f568d4_0000000131955,4,74.43377,166.8386
5da958dd46f8266d0737457b_d670943e9fa2473914f568d4_0000000141945,4,72.13599,160.11194
5da958dd46f8266d0737457b_d670943e9fa2473914f568d4_0000000173917,4,74.43377,166.8386
5da958dd46f8266d0737457b_d670943e9fa2473914f568d4_0000000185601,4,73.55577,173.21815
5da958dd46f8266d0737457b_d670943e9fa2473914f568d4_0000000190697,4,73.55577,173.21815
5da958dd46f8266d0737457b_d670943e9fa2473914f568d4_0000000196561,4,73.55577,173.21815
5da958dd46f8266d0737457b_d670943e9fa2473914f568d4_0000000205219,4,73.50213000000001,180.90533
5da958dd46f8266d0737457b_d670943e9fa2473914f568d4_0000000210975,4,73.50213000000001,180.90533
5da958dd46f8266d0737457b_d670943e9fa2473914f568d4_0000000219446,4,73.50213000000001,180.90533
5da958dd46f8266d0737457b_d670943e9fa2473914f568d4_0000000227855,4,73.13628,186.30492
5da958dd46f8266d0737457b_d670943e9fa2473914f568d4_0000000235795,4,71.34049,191.02289
5da958dd46f8266d0737457b_d670943e9fa2473914f568d4_0000000243061,4,70.43543000000001,197.3796
5da958dd46f8266d0737457b_d670943e9fa2473914f568d4_0000000255680,4,77.14363,203.01152
5da958dd46f8266d0737457b_d670943e9fa2473914f568d4_0000000263337,4,73.43366999999999,206.1384
5da958dd46f8266d0737457b_d670943e9fa2473914f568d4_0000000271548,4,72.42483,210.98407000000003
5da958dd46f8266d0737457b_d670943e9fa2473914f568d4_0000000280472,4,72.42483,210.98407000000003
5da958dd46f8266d0737457b_d670943e9fa2473914f568d4_0000000292042,4,78.16792,206.59592
5da958dd46f8266d0737457b_d670943e9fa2473914f568d4_0000000301669,4,73.43366999999999,206.1384
5da958dd46f8266d0737457b_d670943e9fa2473914f568d4_0000000316786,4,77.14363,203.01152
5da958dd46f8266d0737457b_d670943e9fa2473914f568d4_0000000326521,4,73.43366999999999,206.1384
5da958dd46f8266d0737457b_d670943e9fa2473914f568d4_0000000337259,4,78.16792,206.59592
5da958dd46f8266d0737457b_d6820b1b6728bdb201ab7805_0000000000006,-1,145.01253,131.1425
5da958dd46f8266d0737457b_d6820b1b6728bdb201ab7805_0000000012838,-1,144.05865,123.135544
5da958dd46f8266d0737457b_d6820b1b6728bdb201ab7805_0000000018798,-1,144.28961,111.89912
5da958dd46f8266d0737457b_d6820b1b6728bdb201ab7805_0000000028909,-1,143.93806,106.34546
5da958dd46f8266d0737457b_d6820b1b6728bdb201ab7805_0000000033334,-1,143.93806,106.34546
5da958dd46f8266d0737457b_d6820b1b6728bdb201ab7805_0000000041597,-1,148.3416,100.82196
5da958dd46f8266d0737457b_d6820b1b6728bdb201ab7805_0000000056814,-1,144.81859,97.855125
5da958dd46f8266d0737457b_d6820b1b6728bdb201ab7805_0000000066186,-1,143.93806,106.34546
5da958dd46f8266d0737457b_d6820b1b6728bdb201ab7805_0000000071629,-1,143.93806,106.34546
5da958dd46f8266d0737457b_d6820b1b6728bdb201ab7805_0000000079766,-1,144.28961,111.89912
5da958dd46f8266d0737457b_d6820b1b6728bdb201ab7805_0000000084977,-1,147.75246,107.54785
5da958dd46f8266d0737457b_d6820b1b6728bdb201ab7805_0000000097610,-1,147.15488,112.611595
5da958dd46f8266d0737457b_d6820b1b6728bdb201ab7805_0000000101967,-1,147.15488,112.611595
5da958dd46f8266d0737457b_d6820b1b6728bdb201ab7805_0000000109806,-1,146.30014,124.251976
5da958dd46f8266d0737457b_dde666fd35199cb019c8ea62_0000000000015,4,93.21864,114.43901
5da958dd46f8266d0737457b_dde666fd35199cb019c8ea62_0000000009159,4,97.40613,117.06879
5da958dd46f8266d0737457b_dde666fd35199cb019c8ea62_0000000016062,4,96.617676,123.58971
5da958dd46f8266d0737457b_dde666fd35199cb019c8ea62_0000000023151,4,96.74371,127.63781000000002
5da958dd46f8266d0737457b_dde666fd35199cb019c8ea62_0000000041706,4,90.48889,131.6404
5da958dd46f8266d0737457b_dde666fd35199cb019c8ea62_0000000050826,4,83.25199,136.8746
5da958dd46f8266d0737457b_dde666fd35199cb019c8ea62_0000000066419,4,77.77974,134.6001
5da958dd46f8266d0737457b_dde666fd35199cb019c8ea62_0000000081184,4,74.27623,138.09546
5da958dd46f8266d0737457b_dde666fd35199cb019c8ea62_0000000098892,4,68.00688000000001,125.9024
5da958dd46f8266d0737457b_dde666fd35199cb019c8ea62_0000000108615,4,66.63450999999999,117.877716
5da958dd46f8266d0737457b_dde666fd35199cb019c8ea62_0000000120296,4,71.854774,119.605606
5da958dd46f8266d0737457b_dde666fd35199cb019c8ea62_0000000134236,4,72.73366999999999,127.926704
5da958dd46f8266d0737457b_dde666fd35199cb019c8ea62_0000000143944,4,77.77974,134.6001
5da958dd46f8266d0737457b_dde666fd35199cb019c8ea62_0000000155171,4,84.579926,131.92575
5da958dd46f8266d0737457b_dde666fd35199cb019c8ea62_0000000164298,4,84.579926,131.92575
5da958dd46f8266d0737457b_dde666fd35199cb019c8ea62_0000000173144,4,90.74376,127.75844
5da958dd46f8266d0737457b_dde666fd35199cb019c8ea62_0000000188649,4,93.21864,114.43901
5da958dd46f8266d0737457b_dde666fd35199cb019c8ea62_0000000198978,4,93.21864,114.43901
5da958dd46f8266d0737457b_dde666fd35199cb019c8ea62_0000000214168,4,79.228096,113.90753
5da958dd46f8266d0737457b_dde666fd35199cb019c8ea62_0000000235578,4,93.189705,108.497284
5da958dd46f8266d0737457b_e8ba16dafb39e5cd1b38f813_0000000000009,0,76.38965999999999,215.25754
5da958dd46f8266d0737457b_e8ba16dafb39e5cd1b38f813_0000000009308,0,81.05269,209.48949
5da958dd46f8266d0737457b_e8ba16dafb39e5cd1b38f813_0000000015075,0,82.5417,207.48898
5da958dd46f8266d0737457b_e8ba16dafb39e5cd1b38f813_0000000027173,0,87.204475,207.95883
5da958dd46f8266d0737457b_e8ba16dafb39e5cd1b38f813_0000000034617,0,90.24028,211.67282000000003
5da958dd46f8266d0737457b_e8ba16dafb39e5cd1b38f813_0000000040879,0,90.60846,208.11569
5da958dd46f8266d0737457b_e8ba16dafb39e5cd1b38f813_0000000046407,0,90.60846,208.11569
5da958dd46f8266d0737457b_e8ba16dafb39e5cd1b38f813_0000000054618,0,94.0086,208.83115
5da958dd46f8266d0737457b_e8ba16dafb39e5cd1b38f813_0000000061871,0,94.0086,208.83115
5da958dd46f8266d0737457b_e8ba16dafb39e5cd1b38f813_0000000067187,0,99.9767,209.69504
5da958dd46f8266d0737457b_e8ba16dafb39e5cd1b38f813_0000000072402,0,97.555435,212.80927000000003
5da958dd46f8266d0737457b_ea18b971347e2ce438bf4557_0000000000010,4,118.11272,44.833553
5da958dd46f8266d0737457b_ea18b971347e2ce438bf4557_0000000009276,4,110.014,44.04396
5da958dd46f8266d0737457b_ea18b971347e2ce438bf4557_0000000017219,4,101.10049,42.6742
5da958dd46f8266d0737457b_ea18b971347e2ce438bf4557_0000000025684,4,100.927216,36.990086
5da958dd46f8266d0737457b_ea18b971347e2ce438bf4557_0000000032727,4,97.85065,39.238758
5da958dd46f8266d0737457b_ea18b971347e2ce438bf4557_0000000039278,4,91.25957,38.94481
5da958dd46f8266d0737457b_ea18b971347e2ce438bf4557_0000000044633,4,91.25957,38.94481
5da958dd46f8266d0737457b_ea18b971347e2ce438bf4557_0000000051624,4,85.927536,43.487354
5da958dd46f8266d0737457b_ea18b971347e2ce438bf4557_0000000059394,4,81.734695,39.516724
5da958dd46f8266d0737457b_ea18b971347e2ce438bf4557_0000000065955,4,85.927536,43.487354
5da958dd46f8266d0737457b_eb40b68130e8aa8d7dc82c23_0000000000014,5,71.219475,126.69872
5da958dd46f8266d0737457b_eb40b68130e8aa8d7dc82c23_0000000005348,5,71.219475,126.69872
5da958dd46f8266d0737457b_eb40b68130e8aa8d7dc82c23_0000000027181,5,73.86425,137.15223999999998
5da958dd46f8266d0737457b_eb40b68130e8aa8d7dc82c23_0000000034230,5,80.53118,137.58373999999998
5da958dd46f8266d0737457b_eb40b68130e8aa8d7dc82c23_0000000041584,5,84.14313,140.08641
5da958dd46f8266d0737457b_eb40b68130e8aa8d7dc82c23_0000000052235,5,77.292114,143.64674
5da958dd46f8266d0737457b_eb40b68130e8aa8d7dc82c23_0000000063161,5,84.29595,149.0346
5da958dd46f8266d0737457b_eb40b68130e8aa8d7dc82c23_0000000078566,5,80.53118,137.58373999999998
5da958dd46f8266d0737457b_eb40b68130e8aa8d7dc82c23_0000000086753,5,73.86425,137.15223999999998
5da958dd46f8266d0737457b_eb40b68130e8aa8d7dc82c23_0000000099904,5,66.056816,139.17296000000002
5da958dd46f8266d0737457b_eb40b68130e8aa8d7dc82c23_0000000108254,5,66.056816,139.17296000000002
5da958dd46f8266d0737457b_eb40b68130e8aa8d7dc82c23_0000000114810,5,60.12426,138.53618
5da958dd46f8266d0737457b_eb40b68130e8aa8d7dc82c23_0000000119953,5,60.12426,138.53618
5da958dd46f8266d0737457b_eb40b68130e8aa8d7dc82c23_0000000129705,5,60.12426,138.53618
5da958dd46f8266d0737457b_efb57307a13583ba06bd099c_0000000000007,2,115.6419,100.4902
5da958dd46f8266d0737457b_efb57307a13583ba06bd099c_0000000006645,2,113.53208,110.528725
5da958dd46f8266d0737457b_efb57307a13583ba06bd099c_0000000016818,2,113.53208,110.528725
5da958dd46f8266d0737457b_efb57307a13583ba06bd099c_0000000029024,2,112.5542,120.306885
5da958dd46f8266d0737457b_efb57307a13583ba06bd099c_0000000040728,2,107.49536,120.06903
5da958dd46f8266d0737457b_efb57307a13583ba06bd099c_0000000048719,2,101.881226,125.19945
5da958dd46f8266d0737457b_efb57307a13583ba06bd099c_0000000056833,2,101.881226,125.19945
5da958dd46f8266d0737457b_efb57307a13583ba06bd099c_0000000064580,2,96.70262,125.00095
5da958dd46f8266d0737457b_efb57307a13583ba06bd099c_0000000081599,2,88.60179000000001,122.68338
5da958dd46f8266d0737457b_efb57307a13583ba06bd099c_0000000098314,2,79.34429,126.12421
5da958dd46f8266d0737457b_efb57307a13583ba06bd099c_0000000107234,2,77.91439,130.95067
5da958dd46f8266d0737457b_efb57307a13583ba06bd099c_0000000115951,2,76.69468,139.68115
5da958dd46f8266d0737457b_efb57307a13583ba06bd099c_0000000125336,2,76.31811,149.23506
5da958dd46f8266d0737457b_f6eb59b252c21c171d2ce58c_0000000000015,0,57.83651999999999,95.18916
5da958dd46f8266d0737457b_f6eb59b252c21c171d2ce58c_0000000008696,0,60.8109,101.58125
5da958dd46f8266d0737457b_f6eb59b252c21c171d2ce58c_0000000017622,0,63.71324,110.44754
5da958dd46f8266d0737457b_f6eb59b252c21c171d2ce58c_0000000028088,0,67.56631,119.47863
5da958dd46f8266d0737457b_f6eb59b252c21c171d2ce58c_0000000032094,0,69.42089,118.72403
5da958dd46f8266d0737457b_f6eb59b252c21c171d2ce58c_0000000043606,0,63.71324,110.44754
5da958dd46f8266d0737457b_f6eb59b252c21c171d2ce58c_0000000052383,0,60.8109,101.58125
5da958dd46f8266d0737457b_f6eb59b252c21c171d2ce58c_0000000058119,0,65.436,99.239655
5da958dd46f8266d0737457b_f6eb59b252c21c171d2ce58c_0000000068453,0,75.35924,99.48016
5da958dd46f8266d0737457b_f6eb59b252c21c171d2ce58c_0000000072439,0,76.46749,97.552
5da958dd46f8266d0737457b_f6eb59b252c21c171d2ce58c_0000000082589,0,68.31791,96.65905
5da958dd46f8266d0737457b_f6eb59b252c21c171d2ce58c_0000000092085,0,62.40548,98.22602
5da958dd46f8266d0737457b_f6eb59b252c21c171d2ce58c_0000000098338,0,57.83651999999999,95.18916
5da958dd46f8266d0737457b_f6eb59b252c21c171d2ce58c_0000000104187,0,55.5532,92.688896
5da958dd46f8266d0737457b_f75c0093a23e5653b6f6b26c_0000000000009,3,82.02216,78.18306
5da958dd46f8266d0737457b_f75c0093a23e5653b6f6b26c_0000000009580,3,80.62331,90.13218
5da958dd46f8266d0737457b_f75c0093a23e5653b6f6b26c_0000000015396,3,83.52691999999999,89.85361999999999
5da958dd46f8266d0737457b_f75c0093a23e5653b6f6b26c_0000000025178,3,91.10498,92.86276
5da958dd46f8266d0737457b_f75c0093a23e5653b6f6b26c_0000000031436,3,91.10498,92.86276
5da958dd46f8266d0737457b_f75c0093a23e5653b6f6b26c_0000000040692,3,90.6549,98.29144
5da958dd46f8266d0737457b_f75c0093a23e5653b6f6b26c_0000000047993,3,87.389084,94.85992
5da958dd46f8266d0737457b_f75c0093a23e5653b6f6b26c_0000000059281,3,83.907425,98.678116
5da958dd46f8266d0737457b_f75c0093a23e5653b6f6b26c_0000000071036,3,80.62331,90.13218
5dbc1d84c1eb61796cf7c010_0389421238a7e2839701df0f_0000000000008,2,146.40195,117.29665
5dbc1d84c1eb61796cf7c010_0389421238a7e2839701df0f_0000000007923,2,151.73946999999998,109.76105
5dbc1d84c1eb61796cf7c010_0389421238a7e2839701df0f_0000000019682,2,165.0072,100.43866
5dbc1d84c1eb61796cf7c010_0389421238a7e2839701df0f_0000000030969,2,154.40617,101.18758
5dbc1d84c1eb61796cf7c010_0389421238a7e2839701df0f_0000000040457,2,151.73946999999998,109.76105
5dbc1d84c1eb61796cf7c010_0389421238a7e2839701df0f_0000000051318,2,147.22318,105.856804
5dbc1d84c1eb61796cf7c010_0389421238a7e2839701df0f_0000000058743,2,145.99556,102.59571
5dbc1d84c1eb61796cf7c010_0389421238a7e2839701df0f_0000000066553,2,141.6019,99.20955
5dbc1d84c1eb61796cf7c010_0389421238a7e2839701df0f_0000000076807,2,138.3811,93.30461
5dbc1d84c1eb61796cf7c010_0389421238a7e2839701df0f_0000000081660,2,136.17828,92.73688
5dbc1d84c1eb61796cf7c010_0389421238a7e2839701df0f_0000000091816,2,142.33965,87.66286
5dbc1d84c1eb61796cf7c010_0389421238a7e2839701df0f_0000000095406,2,145.19716,87.3597
5dbc1d84c1eb61796cf7c010_0389421238a7e2839701df0f_0000000102133,2,148.63655,82.33532
5dbc1d84c1eb61796cf7c010_110637c78f384710d1b3eba6_0000000000010,4,166.45848,86.4094
5dbc1d84c1eb61796cf7c010_110637c78f384710d1b3eba6_0000000002697,4,168.83171000000002,88.20906
5dbc1d84c1eb61796cf7c010_110637c78f384710d1b3eba6_0000000006038,4,175.01653000000002,89.09528
5dbc1d84c1eb61796cf7c010_110637c78f384710d1b3eba6_0000000008594,4,175.01653000000002,89.09528
5dbc1d84c1eb61796cf7c010_110637c78f384710d1b3eba6_0000000011694,4,180.06139,92.684364
5dbc1d84c1eb61796cf7c010_110637c78f384710d1b3eba6_0000000015551,4,180.06139,92.684364
5dbc1d84c1eb61796cf7c010_110637c78f384710d1b3eba6_0000000017895,4,180.30087,98.22797
5dbc1d84c1eb61796cf7c010_110637c78f384710d1b3eba6_0000000026206,4,172.23352,107.63725
5dbc1d84c1eb61796cf7c010_110637c78f384710d1b3eba6_0000000034032,4,172.23352,107.63725
5dbc1d84c1eb61796cf7c010_110637c78f384710d1b3eba6_0000000036219,4,166.89743,117.341156
5dbc1d84c1eb61796cf7c010_110637c78f384710d1b3eba6_0000000041407,4,163.49355,116.73304
5dbc1d84c1eb61796cf7c010_110637c78f384710d1b3eba6_0000000043330,4,163.49355,116.73304
5dbc1d84c1eb61796cf7c010_110637c78f384710d1b3eba6_0000000048281,4,157.5688,123.14661
5dbc1d84c1eb61796cf7c010_110637c78f384710d1b3eba6_0000000050426,4,157.5688,123.14661
5dbc1d84c1eb61796cf7c010_110637c78f384710d1b3eba6_0000000054724,4,150.84592,130.14561
5dbc1d84c1eb61796cf7c010_110637c78f384710d1b3eba6_0000000058057,4,150.84592,130.14561
5dbc1d84c1eb61796cf7c010_110637c78f384710d1b3eba6_0000000062050,4,144.07384,122.95778
5dbc1d84c1eb61796cf7c010_110637c78f384710d1b3eba6_0000000065934,4,144.07384,122.95778
5dbc1d84c1eb61796cf7c010_110637c78f384710d1b3eba6_0000000071191,4,150.84592,130.14561
5dbc1d84c1eb61796cf7c010_1d811352eaf5a17cf918d3dd_0000000000015,1,61.5909,112.5099
5dbc1d84c1eb61796cf7c010_1d811352eaf5a17cf918d3dd_0000000003512,1,61.5909,112.5099
5dbc1d84c1eb61796cf7c010_1d811352eaf5a17cf918d3dd_0000000010192,1,49.211063,113.668564
5dbc1d84c1eb61796cf7c010_1d811352eaf5a17cf918d3dd_0000000013331,1,49.211063,113.668564
5dbc1d84c1eb61796cf7c010_1d811352eaf5a17cf918d3dd_0000000020749,1,41.815926,120.606544
5dbc1d84c1eb61796cf7c010_1d811352eaf5a17cf918d3dd_0000000030851,1,34.47975,111.96779
5dbc1d84c1eb61796cf7c010_1d811352eaf5a17cf918d3dd_0000000033186,1,34.47975,111.96779
5dbc1d84c1eb61796cf7c010_1d811352eaf5a17cf918d3dd_0000000037649,1,31.05889,112.723015
5dbc1d84c1eb61796cf7c010_1d811352eaf5a17cf918d3dd_0000000039577,1,30.194464,114.66843
5dbc1d84c1eb61796cf7c010_1d811352eaf5a17cf918d3dd_0000000047402,1,28.16761,106.756874
5dbc1d84c1eb61796cf7c010_1d811352eaf5a17cf918d3dd_0000000051143,1,25.291857,100.01241
5dbc1d84c1eb61796cf7c010_1d811352eaf5a17cf918d3dd_0000000053128,1,25.291857,100.01241
5dbc1d84c1eb61796cf7c010_1d811352eaf5a17cf918d3dd_0000000057078,1,21.738018,95.37099
5dbc1d84c1eb61796cf7c010_1d811352eaf5a17cf918d3dd_0000000060275,1,21.113026,91.34785
5dbc1d84c1eb61796cf7c010_1d811352eaf5a17cf918d3dd_0000000064652,1,16.63576,84.6165
5dbc1d84c1eb61796cf7c010_1d811352eaf5a17cf918d3dd_0000000066792,1,16.63576,84.6165
5dbc1d84c1eb61796cf7c010_1d811352eaf5a17cf918d3dd_0000000073196,1,23.372313,80.65854
5dbc1d84c1eb61796cf7c010_1d811352eaf5a17cf918d3dd_0000000075747,1,23.372313,80.65854
5dbc1d84c1eb61796cf7c010_1d811352eaf5a17cf918d3dd_0000000080683,1,16.63576,84.6165
5dbc1d84c1eb61796cf7c010_1d811352eaf5a17cf918d3dd_0000000087208,1,23.372313,80.65854
5dbc1d84c1eb61796cf7c010_24fca45b67e543a4ad737709_0000000000010,1,184.33902,96.435905
5dbc1d84c1eb61796cf7c010_24fca45b67e543a4ad737709_0000000003699,1,179.92273,100.01381
5dbc1d84c1eb61796cf7c010_24fca45b67e543a4ad737709_0000000013270,1,173.17229,107.5362
5dbc1d84c1eb61796cf7c010_24fca45b67e543a4ad737709_0000000016603,1,173.66924,109.853615
5dbc1d84c1eb61796cf7c010_24fca45b67e543a4ad737709_0000000022440,1,179.07353,114.33854
5dbc1d84c1eb61796cf7c010_24fca45b67e543a4ad737709_0000000025441,1,180.63501,118.036415
5dbc1d84c1eb61796cf7c010_24fca45b67e543a4ad737709_0000000029022,1,185.21878,121.55826
5dbc1d84c1eb61796cf7c010_24fca45b67e543a4ad737709_0000000032222,1,186.7018,125.23866
5dbc1d84c1eb61796cf7c010_24fca45b67e543a4ad737709_0000000039014,1,194.24661,132.78322
5dbc1d84c1eb61796cf7c010_24fca45b67e543a4ad737709_0000000042839,1,192.03311,131.92828
5dbc1d84c1eb61796cf7c010_24fca45b67e543a4ad737709_0000000049538,1,187.6516,139.30101000000002
5dbc1d84c1eb61796cf7c010_24fca45b67e543a4ad737709_0000000052449,1,182.61964,140.99483
5dbc1d84c1eb61796cf7c010_24fca45b67e543a4ad737709_0000000058005,1,177.3766,147.48824
5dbc1d84c1eb61796cf7c010_24fca45b67e543a4ad737709_0000000061590,1,172.88315,148.96446
5dbc1d84c1eb61796cf7c010_24fca45b67e543a4ad737709_0000000066358,1,168.85187,154.17876
5dbc1d84c1eb61796cf7c010_24fca45b67e543a4ad737709_0000000068875,1,168.85187,154.17876
5dbc1d84c1eb61796cf7c010_24fca45b67e543a4ad737709_0000000073179,1,165.18565,154.84169
5dbc1d84c1eb61796cf7c010_24fca45b67e543a4ad737709_0000000075964,1,161.57129,160.22089
5dbc1d84c1eb61796cf7c010_24fca45b67e543a4ad737709_0000000082347,1,156.20264,154.63815
5dbc1d84c1eb61796cf7c010_24fca45b67e543a4ad737709_0000000086251,1,156.20264,154.63815
5dbc1d84c1eb61796cf7c010_24fca45b67e543a4ad737709_0000000092714,1,161.57129,160.22089
5dbc1d84c1eb61796cf7c010_270a66500675e14fb3154c63_0000000000006,5,155.72371,98.98106
5dbc1d84c1eb61796cf7c010_270a66500675e14fb3154c63_0000000002767,5,158.0707,94.85347
5dbc1d84c1eb61796cf7c010_270a66500675e14fb3154c63_0000000006751,5,158.0707,94.85347
5dbc1d84c1eb61796cf7c010_270a66500675e14fb3154c63_0000000014467,5,172.18655,84.79127
5dbc1d84c1eb61796cf7c010_270a66500675e14fb3154c63_0000000020202,5,172.26963999999998,81.432976
5dbc1d84c1eb61796cf7c010_270a66500675e14fb3154c63_0000000029695,5,183.51941,83.669235
5dbc1d84c1eb61796cf7c010_270a66500675e14fb3154c63_0000000032241,5,183.51941,83.669235
5dbc1d84c1eb61796cf7c010_270a66500675e14fb3154c63_0000000036420,5,186.11273,88.41883
5dbc1d84c1eb61796cf7c010_270a66500675e14fb3154c63_0000000039176,5,187.78447,91.56004
5dbc1d84c1eb61796cf7c010_270a66500675e14fb3154c63_0000000045059,5,183.78522,99.977295
5dbc1d84c1eb61796cf7c010_270a66500675e14fb3154c63_0000000049856,5,184.95595,102.571236
5dbc1d84c1eb61796cf7c010_270a66500675e14fb3154c63_0000000057866,5,175.68575,109.469765
5dbc1d84c1eb61796cf7c010_270a66500675e14fb3154c63_0000000065724,5,171.98296000000002,108.201195
5dbc1d84c1eb61796cf7c010_270a66500675e14fb3154c63_0000000074725,5,177.68268,102.39229
5dbc1d84c1eb61796cf7c010_270a66500675e14fb3154c63_0000000080021,5,181.55449,96.846756
5dbc1d84c1eb61796cf7c010_270a66500675e14fb3154c63_0000000086772,5,178.52632,90.895874
5dbc1d84c1eb61796cf7c010_29579192e65ea7826a727c42_0000000000006,2,42.807446,121.64956
5dbc1d84c1eb61796cf7c010_29579192e65ea7826a727c42_0000000001804,2,42.807446,121.64956
5dbc1d84c1eb61796cf7c010_29579192e65ea7826a727c42_0000000010006,2,49.27363,130.3464
5dbc1d84c1eb61796cf7c010_29579192e65ea7826a727c42_0000000012779,2,49.27363,130.3464
5dbc1d84c1eb61796cf7c010_29579192e65ea7826a727c42_0000000018266,2,55.87322,139.64006
5dbc1d84c1eb61796cf7c010_29579192e65ea7826a727c42_0000000021921,2,53.902504,139.55263
5dbc1d84c1eb61796cf7c010_29579192e65ea7826a727c42_0000000029819,2,47.281025,146.95483000000002
5dbc1d84c1eb61796cf7c010_29579192e65ea7826a727c42_0000000032266,2,44.944317,146.18317
5dbc1d84c1eb61796cf7c010_29579192e65ea7826a727c42_0000000040406,2,50.624977,154.96303999999998
5dbc1d84c1eb61796cf7c010_29579192e65ea7826a727c42_0000000043419,2,50.624977,154.96303999999998
5dbc1d84c1eb61796cf7c010_29579192e65ea7826a727c42_0000000050249,2,55.656113,151.94928000000002
5dbc1d84c1eb61796cf7c010_29579192e65ea7826a727c42_0000000054046,2,55.12264,154.22295
5dbc1d84c1eb61796cf7c010_29579192e65ea7826a727c42_0000000059805,2,60.467224,157.91853
5dbc1d84c1eb61796cf7c010_29579192e65ea7826a727c42_0000000063975,2,62.48763,163.3809
5dbc1d84c1eb61796cf7c010_29579192e65ea7826a727c42_0000000067421,2,66.731155,165.78554
5dbc1d84c1eb61796cf7c010_29579192e65ea7826a727c42_0000000072215,2,68.31069000000001,169.99274
5dbc1d84c1eb61796cf7c010_29579192e65ea7826a727c42_0000000075678,2,71.23461999999999,172.80418
5dbc1d84c1eb61796cf7c010_29579192e65ea7826a727c42_0000000081413,2,71.48128,179.31224
5dbc1d84c1eb61796cf7c010_2a39636327b1f42f80bb08cd_0000000000007,3,146.8943,116.68022
5dbc1d84c1eb61796cf7c010_2a39636327b1f42f80bb08cd_0000000005960,3,140.62618999999998,107.72356
5dbc1d84c1eb61796cf7c010_2a39636327b1f42f80bb08cd_0000000009228,3,140.62618999999998,107.72356
5dbc1d84c1eb61796cf7c010_2a39636327b1f42f80bb08cd_0000000015991,3,135.93169,93.04258
5dbc1d84c1eb61796cf7c010_2a39636327b1f42f80bb08cd_0000000019615,3,135.93169,93.04258
5dbc1d84c1eb61796cf7c010_2a39636327b1f42f80bb08cd_0000000032460,3,145.48293,86.899025
5dbc1d84c1eb61796cf7c010_2a39636327b1f42f80bb08cd_0000000035339,3,145.48293,86.899025
5dbc1d84c1eb61796cf7c010_2a39636327b1f42f80bb08cd_0000000038570,3,145.48293,86.899025
5dbc1d84c1eb61796cf7c010_2a39636327b1f42f80bb08cd_0000000042010,3,145.48293,86.899025
5dbc1d84c1eb61796cf7c010_2a39636327b1f42f80bb08cd_0000000050263,3,138.34315,93.37963
5dbc1d84c1eb61796cf7c010_2a39636327b1f42f80bb08cd_0000000057872,3,130.43062,97.29495
5dbc1d84c1eb61796cf7c010_2a39636327b1f42f80bb08cd_0000000062585,3,129.51183,100.122185
5dbc1d84c1eb61796cf7c010_2a39636327b1f42f80bb08cd_0000000066310,3,123.1485,103.389915
5dbc1d84c1eb61796cf7c010_2a39636327b1f42f80bb08cd_0000000068158,3,120.649124,108.181694
5dbc1d84c1eb61796cf7c010_2a39636327b1f42f80bb08cd_0000000072354,3,118.14965,107.93461
5dbc1d84c1eb61796cf7c010_2a39636327b1f42f80bb08cd_0000000076705,3,113.764366,114.04192
5dbc1d84c1eb61796cf7c010_2a39636327b1f42f80bb08cd_0000000078849,3,113.764366,114.04192
5dbc1d84c1eb61796cf7c010_2a39636327b1f42f80bb08cd_0000000083340,3,108.58008,116.063225
5dbc1d84c1eb61796cf7c010_2a39636327b1f42f80bb08cd_0000000086343,3,108.58008,116.063225
5dbc1d84c1eb61796cf7c010_2a39636327b1f42f80bb08cd_0000000089824,3,108.58008,116.063225
5dbc1d84c1eb61796cf7c010_2a39636327b1f42f80bb08cd_0000000092853,3,108.58008,116.063225
5dbc1d84c1eb61796cf7c010_36b20f235015f30bcd123c86_0000000000014,5,197.18251,87.96234
5dbc1d84c1eb61796cf7c010_36b20f235015f30bcd123c86_0000000005717,5,198.20276,94.84791
5dbc1d84c1eb61796cf7c010_36b20f235015f30bcd123c86_0000000009996,5,198.20276,94.84791
5dbc1d84c1eb61796cf7c010_36b20f235015f30bcd123c86_0000000015886,5,187.90065,98.13749
5dbc1d84c1eb61796cf7c010_36b20f235015f30bcd123c86_0000000022482,5,183.78522,99.977295
5dbc1d84c1eb61796cf7c010_36b20f235015f30bcd123c86_0000000025801,5,181.55449,96.846756
5dbc1d84c1eb61796cf7c010_36b20f235015f30bcd123c86_0000000031749,5,186.11273,88.41883
5dbc1d84c1eb61796cf7c010_36b20f235015f30bcd123c86_0000000038436,5,184.4026,92.19124
5dbc1d84c1eb61796cf7c010_36b20f235015f30bcd123c86_0000000042287,5,184.4026,92.19124
5dbc1d84c1eb61796cf7c010_36b20f235015f30bcd123c86_0000000051631,5,187.90065,98.13749
5dbc1d84c1eb61796cf7c010_36b20f235015f30bcd123c86_0000000056006,5,199.06694,100.059746
5dbc1d84c1eb61796cf7c010_36b20f235015f30bcd123c86_0000000061430,5,197.4874,104.55748
5dbc1d84c1eb61796cf7c010_39cd26c8eec1b8a14a561b28_0000000000011,4,43.238552,116.53592
5dbc1d84c1eb61796cf7c010_39cd26c8eec1b8a14a561b28_0000000001595,4,40.84998,117.44655
5dbc1d84c1eb61796cf7c010_39cd26c8eec1b8a14a561b28_0000000009907,4,34.6464,110.49911000000002
5dbc1d84c1eb61796cf7c010_39cd26c8eec1b8a14a561b28_0000000012486,4,34.006855,111.9138
5dbc1d84c1eb61796cf7c010_39cd26c8eec1b8a14a561b28_0000000015844,4,30.5831,112.75472
5dbc1d84c1eb61796cf7c010_39cd26c8eec1b8a14a561b28_0000000018136,4,29.285501,115.74905
5dbc1d84c1eb61796cf7c010_39cd26c8eec1b8a14a561b28_0000000028777,4,24.261068,103.80697
5dbc1d84c1eb61796cf7c010_39cd26c8eec1b8a14a561b28_0000000030660,4,25.071833,100.72117
5dbc1d84c1eb61796cf7c010_39cd26c8eec1b8a14a561b28_0000000035232,4,20.319098,94.89092
5dbc1d84c1eb61796cf7c010_39cd26c8eec1b8a14a561b28_0000000037505,4,21.002607,90.996544
5dbc1d84c1eb61796cf7c010_39cd26c8eec1b8a14a561b28_0000000042339,4,15.914012,85.65393
5dbc1d84c1eb61796cf7c010_39cd26c8eec1b8a14a561b28_0000000045325,4,18.480053,84.86345
5dbc1d84c1eb61796cf7c010_39cd26c8eec1b8a14a561b28_0000000048879,4,22.31335,82.29309
5dbc1d84c1eb61796cf7c010_39cd26c8eec1b8a14a561b28_0000000052300,4,22.31335,82.29309
5dbc1d84c1eb61796cf7c010_39cd26c8eec1b8a14a561b28_0000000055667,4,22.31335,82.29309
5dbc1d84c1eb61796cf7c010_39cd26c8eec1b8a14a561b28_0000000059129,4,22.31335,82.29309
5dbc1d84c1eb61796cf7c010_39cd26c8eec1b8a14a561b28_0000000064033,4,18.480053,84.86345
5dbc1d84c1eb61796cf7c010_408e9eacfcb439043f4ce593_0000000000010,1,43.862045,62.55066
5dbc1d84c1eb61796cf7c010_408e9eacfcb439043f4ce593_0000000003406,1,47.017426,65.004486
5dbc1d84c1eb61796cf7c010_408e9eacfcb439043f4ce593_0000000007080,1,50.677868,62.739033
5dbc1d84c1eb61796cf7c010_408e9eacfcb439043f4ce593_0000000012805,1,55.972416,67.83698000000001
5dbc1d84c1eb61796cf7c010_408e9eacfcb439043f4ce593_0000000026015,1,61.11326,70.88139
5dbc1d84c1eb61796cf7c010_408e9eacfcb439043f4ce593_0000000030274,1,60.184002,75.90229000000001
5dbc1d84c1eb61796cf7c010_408e9eacfcb439043f4ce593_0000000032968,1,63.61085500000001,78.15505
5dbc1d84c1eb61796cf7c010_408e9eacfcb439043f4ce593_0000000037598,1,63.177567,83.1892
5dbc1d84c1eb61796cf7c010_408e9eacfcb439043f4ce593_0000000040772,1,66.89067,87.286064
5dbc1d84c1eb61796cf7c010_408e9eacfcb439043f4ce593_0000000046124,1,66.76856,94.16189
5dbc1d84c1eb61796cf7c010_408e9eacfcb439043f4ce593_0000000050440,1,70.56075,97.627045
5dbc1d84c1eb61796cf7c010_408e9eacfcb439043f4ce593_0000000054693,1,68.790825,101.60212
5dbc1d84c1eb61796cf7c010_408e9eacfcb439043f4ce593_0000000062352,1,60.114340000000006,105.200836
5dbc1d84c1eb61796cf7c010_408e9eacfcb439043f4ce593_0000000069420,1,59.315796,99.10688
5dbc1d84c1eb61796cf7c010_408e9eacfcb439043f4ce593_0000000075572,1,51.66385,95.39368
5dbc1d84c1eb61796cf7c010_408e9eacfcb439043f4ce593_0000000079445,1,53.833485,94.57346
5dbc1d84c1eb61796cf7c010_408e9eacfcb439043f4ce593_0000000082341,1,51.66385,95.39368
5dbc1d84c1eb61796cf7c010_408e9eacfcb439043f4ce593_0000000089111,1,47.87317,89.78465
5dbc1d84c1eb61796cf7c010_408e9eacfcb439043f4ce593_0000000093063,1,41.961395,85.85163
5dbc1d84c1eb61796cf7c010_408e9eacfcb439043f4ce593_0000000095213,1,41.961395,85.85163
5dbc1d84c1eb61796cf7c010_408e9eacfcb439043f4ce593_0000000102531,1,35.91409,77.58103
5dbc1d84c1eb61796cf7c010_408e9eacfcb439043f4ce593_0000000106978,1,35.91409,77.58103
5dbc1d84c1eb61796cf7c010_408e9eacfcb439043f4ce593_0000000110929,1,35.91409,77.58103
5dbc1d84c1eb61796cf7c010_408e9eacfcb439043f4ce593_0000000120834,1,39.483685,64.74380500000001
5dbc1d84c1eb61796cf7c010_408e9eacfcb439043f4ce593_0000000126208,1,34.760643,67.22138000000001
5dbc1d84c1eb61796cf7c010_408e9eacfcb439043f4ce593_0000000130780,1,39.483685,64.74380500000001
5dbc1d84c1eb61796cf7c010_408e9eacfcb439043f4ce593_0000000135322,1,43.862045,62.55066
5dbc1d84c1eb61796cf7c010_408e9eacfcb439043f4ce593_0000000140751,1,43.862045,62.55066
5dbc1d84c1eb61796cf7c010_408e9eacfcb439043f4ce593_0000000144015,1,47.017426,65.004486
5dbc1d84c1eb61796cf7c010_44167d3f37c95565f14a5ef4_0000000000007,7,149.9641,108.63473
5dbc1d84c1eb61796cf7c010_44167d3f37c95565f14a5ef4_0000000004363,7,152.91754,105.53796
5dbc1d84c1eb61796cf7c010_44167d3f37c95565f14a5ef4_0000000008453,7,157.03455,103.07371
5dbc1d84c1eb61796cf7c010_44167d3f37c95565f14a5ef4_0000000015688,7,158.90286,93.30801
5dbc1d84c1eb61796cf7c010_44167d3f37c95565f14a5ef4_0000000018655,7,161.16159,94.77883
5dbc1d84c1eb61796cf7c010_44167d3f37c95565f14a5ef4_0000000024407,7,163.89417,88.94885
5dbc1d84c1eb61796cf7c010_44167d3f37c95565f14a5ef4_0000000029113,7,169.90999,87.44633499999999
5dbc1d84c1eb61796cf7c010_44167d3f37c95565f14a5ef4_0000000032898,7,170.17506,84.44945
5dbc1d84c1eb61796cf7c010_44167d3f37c95565f14a5ef4_0000000037520,7,175.37357,88.635574
5dbc1d84c1eb61796cf7c010_44167d3f37c95565f14a5ef4_0000000040102,7,178.48131999999998,87.03968
5dbc1d84c1eb61796cf7c010_44167d3f37c95565f14a5ef4_0000000045766,7,180.36964,93.63454
5dbc1d84c1eb61796cf7c010_44167d3f37c95565f14a5ef4_0000000051319,7,183.1182,98.55852
5dbc1d84c1eb61796cf7c010_44167d3f37c95565f14a5ef4_0000000053869,7,180.36023,99.206276
5dbc1d84c1eb61796cf7c010_44167d3f37c95565f14a5ef4_0000000058383,7,177.54031,104.920494
5dbc1d84c1eb61796cf7c010_44167d3f37c95565f14a5ef4_0000000061840,7,177.54031,104.920494
5dbc1d84c1eb61796cf7c010_44167d3f37c95565f14a5ef4_0000000065133,7,173.28577,110.285095
5dbc1d84c1eb61796cf7c010_44167d3f37c95565f14a5ef4_0000000069152,7,173.28577,110.285095
5dbc1d84c1eb61796cf7c010_44167d3f37c95565f14a5ef4_0000000073482,7,167.31642,117.10885
5dbc1d84c1eb61796cf7c010_44167d3f37c95565f14a5ef4_0000000076640,7,167.31642,117.10885
5dbc1d84c1eb61796cf7c010_44167d3f37c95565f14a5ef4_0000000081479,7,162.2736,118.92313
5dbc1d84c1eb61796cf7c010_44167d3f37c95565f14a5ef4_0000000089116,7,162.2736,118.92313
5dbc1d84c1eb61796cf7c010_47a960ef9f70f0b662d9d244_0000000000017,5,118.49871,124.01616
5dbc1d84c1eb61796cf7c010_47a960ef9f70f0b662d9d244_0000000003784,5,116.246284,123.445595
5dbc1d84c1eb61796cf7c010_47a960ef9f70f0b662d9d244_0000000011109,5,123.01113,114.28309
5dbc1d84c1eb61796cf7c010_47a960ef9f70f0b662d9d244_0000000015796,5,123.01113,114.28309
5dbc1d84c1eb61796cf7c010_47a960ef9f70f0b662d9d244_0000000024461,5,127.4348,101.307846
5dbc1d84c1eb61796cf7c010_47a960ef9f70f0b662d9d244_0000000027377,5,127.4348,101.307846
5dbc1d84c1eb61796cf7c010_47a960ef9f70f0b662d9d244_0000000034561,5,126.85949,97.958084
5dbc1d84c1eb61796cf7c010_47a960ef9f70f0b662d9d244_0000000036709,5,126.85949,97.958084
5dbc1d84c1eb61796cf7c010_47a960ef9f70f0b662d9d244_0000000043532,5,135.89996000000002,90.51993
5dbc1d84c1eb61796cf7c010_47a960ef9f70f0b662d9d244_0000000046752,5,144.59126,87.062065
5dbc1d84c1eb61796cf7c010_47a960ef9f70f0b662d9d244_0000000053812,5,145.46347,82.71992
5dbc1d84c1eb61796cf7c010_47a960ef9f70f0b662d9d244_0000000056772,5,145.46347,82.71992
5dbc1d84c1eb61796cf7c010_47a960ef9f70f0b662d9d244_0000000060387,5,145.46347,82.71992
5dbc1d84c1eb61796cf7c010_5243b058c6691779fae7da2c_0000000000014,2,85.71363000000001,150.13388
5dbc1d84c1eb61796cf7c010_5243b058c6691779fae7da2c_0000000007038,2,89.63294,165.16426
5dbc1d84c1eb61796cf7c010_5243b058c6691779fae7da2c_0000000010801,2,96.319565,168.56004
5dbc1d84c1eb61796cf7c010_5243b058c6691779fae7da2c_0000000020337,2,101.54147,171.57188
5dbc1d84c1eb61796cf7c010_5243b058c6691779fae7da2c_0000000024431,2,106.84412,170.27946
5dbc1d84c1eb61796cf7c010_5243b058c6691779fae7da2c_0000000032267,2,117.02908,163.82648
5dbc1d84c1eb61796cf7c010_5243b058c6691779fae7da2c_0000000035335,2,118.46492,160.09015
5dbc1d84c1eb61796cf7c010_5243b058c6691779fae7da2c_0000000039459,2,123.25688999999998,158.37979
5dbc1d84c1eb61796cf7c010_5243b058c6691779fae7da2c_0000000043350,2,125.956665,152.44566
5dbc1d84c1eb61796cf7c010_5243b058c6691779fae7da2c_0000000047165,2,131.45433,152.03496
5dbc1d84c1eb61796cf7c010_5243b058c6691779fae7da2c_0000000049596,2,131.45433,152.03496
5dbc1d84c1eb61796cf7c010_5243b058c6691779fae7da2c_0000000054067,2,133.68625,148.79056
5dbc1d84c1eb61796cf7c010_5243b058c6691779fae7da2c_0000000057907,2,135.24753,145.0657
5dbc1d84c1eb61796cf7c010_5243b058c6691779fae7da2c_0000000066892,2,140.37343,140.87292
5dbc1d84c1eb61796cf7c010_5243b058c6691779fae7da2c_0000000075112,2,147.56534,136.8389
5dbc1d84c1eb61796cf7c010_583b831d065fdb022cca3a0c_0000000000010,3,59.783997,105.00924
5dbc1d84c1eb61796cf7c010_583b831d065fdb022cca3a0c_0000000004520,3,63.66285,115.36016
5dbc1d84c1eb61796cf7c010_583b831d065fdb022cca3a0c_0000000007981,3,63.66285,115.36016
5dbc1d84c1eb61796cf7c010_583b831d065fdb022cca3a0c_0000000013185,3,68.75675,120.54325
5dbc1d84c1eb61796cf7c010_583b831d065fdb022cca3a0c_0000000017709,3,69.69305,125.80638
5dbc1d84c1eb61796cf7c010_583b831d065fdb022cca3a0c_0000000022960,3,75.23394,131.66086
5dbc1d84c1eb61796cf7c010_583b831d065fdb022cca3a0c_0000000026382,3,74.6216,135.15098999999998
5dbc1d84c1eb61796cf7c010_583b831d065fdb022cca3a0c_0000000031867,3,80.59081,135.41318
5dbc1d84c1eb61796cf7c010_583b831d065fdb022cca3a0c_0000000037686,3,76.98434,139.52069
5dbc1d84c1eb61796cf7c010_583b831d065fdb022cca3a0c_0000000042501,3,80.35799399999999,142.82684
5dbc1d84c1eb61796cf7c010_583b831d065fdb022cca3a0c_0000000049743,3,83.72317,152.56242
5dbc1d84c1eb61796cf7c010_583b831d065fdb022cca3a0c_0000000056293,3,89.67858000000001,160.05348
5dbc1d84c1eb61796cf7c010_583b831d065fdb022cca3a0c_0000000058830,3,88.41856999999999,162.27855
5dbc1d84c1eb61796cf7c010_583b831d065fdb022cca3a0c_0000000065848,3,91.99069,168.7805
5dbc1d84c1eb61796cf7c010_583b831d065fdb022cca3a0c_0000000073356,3,99.58061,167.82375
5dbc1d84c1eb61796cf7c010_583b831d065fdb022cca3a0c_0000000078720,3,103.60137,168.75038
5dbc1d84c1eb61796cf7c010_583b831d065fdb022cca3a0c_0000000083110,3,110.75681000000002,163.40323999999998
5dbc1d84c1eb61796cf7c010_583b831d065fdb022cca3a0c_0000000087769,3,110.75681000000002,163.40323999999998
5dbc1d84c1eb61796cf7c010_583b831d065fdb022cca3a0c_0000000091226,3,115.64921,160.44548
5dbc1d84c1eb61796cf7c010_583b831d065fdb022cca3a0c_0000000095409,3,115.64921,160.44548
5dbc1d84c1eb61796cf7c010_60386b96032381bf1c7a33f6_0000000000015,3,74.238686,178.20596
5dbc1d84c1eb61796cf7c010_60386b96032381bf1c7a33f6_0000000001935,3,74.63959,176.40385
5dbc1d84c1eb61796cf7c010_60386b96032381bf1c7a33f6_0000000005341,3,71.28488,178.96567
5dbc1d84c1eb61796cf7c010_60386b96032381bf1c7a33f6_0000000009851,3,71.28488,178.96567
5dbc1d84c1eb61796cf7c010_60386b96032381bf1c7a33f6_0000000015069,3,74.63959,176.40385
5dbc1d84c1eb61796cf7c010_60386b96032381bf1c7a33f6_0000000024544,3,82.72378499999999,170.98291
5dbc1d84c1eb61796cf7c010_60386b96032381bf1c7a33f6_0000000027916,3,82.72378499999999,170.98291
5dbc1d84c1eb61796cf7c010_60386b96032381bf1c7a33f6_0000000032001,3,82.72378499999999,170.98291
5dbc1d84c1eb61796cf7c010_60386b96032381bf1c7a33f6_0000000036092,3,82.72378499999999,170.98291
5dbc1d84c1eb61796cf7c010_60386b96032381bf1c7a33f6_0000000045904,3,74.63959,176.40385
5dbc1d84c1eb61796cf7c010_60386b96032381bf1c7a33f6_0000000048799,3,74.63959,176.40385
5dbc1d84c1eb61796cf7c010_60386b96032381bf1c7a33f6_0000000058562,3,67.801704,169.78513
5dbc1d84c1eb61796cf7c010_60386b96032381bf1c7a33f6_0000000064888,3,62.45091600000001,163.15732
5dbc1d84c1eb61796cf7c010_60386b96032381bf1c7a33f6_0000000074288,3,54.693447,153.83063
5dbc1d84c1eb61796cf7c010_60386b96032381bf1c7a33f6_0000000078639,3,50.695286,154.69151000000002
5dbc1d84c1eb61796cf7c010_60386b96032381bf1c7a33f6_0000000085665,3,46.95503,147.31126
5dbc1d84c1eb61796cf7c010_60386b96032381bf1c7a33f6_0000000095466,3,55.91047,139.25105
5dbc1d84c1eb61796cf7c010_60386b96032381bf1c7a33f6_0000000103748,3,49.859707,133.84576
5dbc1d84c1eb61796cf7c010_60386b96032381bf1c7a33f6_0000000108677,3,49.09602,130.55652
5dbc1d84c1eb61796cf7c010_60386b96032381bf1c7a33f6_0000000115598,3,46.139202,122.057335
5dbc1d84c1eb61796cf7c010_67bf4b03fc22542bb6d51daf_0000000000011,3,61.018677,77.226265
5dbc1d84c1eb61796cf7c010_67bf4b03fc22542bb6d51daf_0000000004635,3,57.647224,67.03635
5dbc1d84c1eb61796cf7c010_67bf4b03fc22542bb6d51daf_0000000010419,3,54.532790000000006,66.79395
5dbc1d84c1eb61796cf7c010_67bf4b03fc22542bb6d51daf_0000000018582,3,47.27467,64.89649
5dbc1d84c1eb61796cf7c010_67bf4b03fc22542bb6d51daf_0000000023672,3,43.415947,66.83076
5dbc1d84c1eb61796cf7c010_67bf4b03fc22542bb6d51daf_0000000027385,3,41.28037,63.786255
5dbc1d84c1eb61796cf7c010_67bf4b03fc22542bb6d51daf_0000000031247,3,43.415947,66.83076
5dbc1d84c1eb61796cf7c010_67bf4b03fc22542bb6d51daf_0000000037633,3,43.415947,66.83076
5dbc1d84c1eb61796cf7c010_67bf4b03fc22542bb6d51daf_0000000044610,3,41.28037,63.786255
5dbc1d84c1eb61796cf7c010_67bf4b03fc22542bb6d51daf_0000000049668,3,36.33469,64.29055
5dbc1d84c1eb61796cf7c010_67bf4b03fc22542bb6d51daf_0000000055592,3,34.061954,70.606636
5dbc1d84c1eb61796cf7c010_67bf4b03fc22542bb6d51daf_0000000060415,3,34.969707,76.14718
5dbc1d84c1eb61796cf7c010_67bf4b03fc22542bb6d51daf_0000000066367,3,37.80416,80.55836
5dbc1d84c1eb61796cf7c010_67bf4b03fc22542bb6d51daf_0000000073148,3,43.264427000000005,86.9906
5dbc1d84c1eb61796cf7c010_67bf4b03fc22542bb6d51daf_0000000081287,3,52.198006,93.09326
5dbc1d84c1eb61796cf7c010_67bf4b03fc22542bb6d51daf_0000000088418,3,59.446594,98.61595
5dbc1d84c1eb61796cf7c010_67bf4b03fc22542bb6d51daf_0000000094811,3,61.07394,102.21927
5dbc1d84c1eb61796cf7c010_67bf4b03fc22542bb6d51daf_0000000099792,3,68.488045,105.68889
5dbc1d84c1eb61796cf7c010_67bf4b03fc22542bb6d51daf_0000000108051,3,65.50448,99.21031
5dbc1d84c1eb61796cf7c010_6883b003fd96496e062c6ee1_0000000000007,-1,199.0,284.5
5dbc1d84c1eb61796cf7c010_6883b003fd96496e062c6ee1_0000000005881,-1,192.32677,276.39517
5dbc1d84c1eb61796cf7c010_6883b003fd96496e062c6ee1_0000000011257,-1,189.7824,272.06552
5dbc1d84c1eb61796cf7c010_6883b003fd96496e062c6ee1_0000000015057,-1,186.42139,266.6315
5dbc1d84c1eb61796cf7c010_6883b003fd96496e062c6ee1_0000000018036,-1,186.42552,263.1826
5dbc1d84c1eb61796cf7c010_6883b003fd96496e062c6ee1_0000000020080,-1,186.42552,263.1826
5dbc1d84c1eb61796cf7c010_6883b003fd96496e062c6ee1_0000000024965,-1,182.0,262.5
5dbc1d84c1eb61796cf7c010_6883b003fd96496e062c6ee1_0000000030962,-1,175.3819,261.88916
5dbc1d84c1eb61796cf7c010_6883b003fd96496e062c6ee1_0000000042397,-1,186.5,271.5
5dbc1d84c1eb61796cf7c010_6883b003fd96496e062c6ee1_0000000046974,-1,190.14972,276.547
5dbc1d84c1eb61796cf7c010_6883b003fd96496e062c6ee1_0000000053276,-1,192.18904,281.93716
5dbc1d84c1eb61796cf7c010_6883b003fd96496e062c6ee1_0000000057568,-1,194.66539,282.95706
5dbc1d84c1eb61796cf7c010_6883b003fd96496e062c6ee1_0000000060837,-1,197.78128,286.40012
5dbc1d84c1eb61796cf7c010_6883b003fd96496e062c6ee1_0000000076805,-1,192.18904,281.93716
5dbc1d84c1eb61796cf7c010_6883b003fd96496e062c6ee1_0000000083326,-1,189.7824,272.06552
5dbc1d84c1eb61796cf7c010_6883b003fd96496e062c6ee1_0000000086986,-1,186.5,271.5
5dbc1d84c1eb61796cf7c010_6883b003fd96496e062c6ee1_0000000092707,-1,179.55002,265.47305
5dbc1d84c1eb61796cf7c010_6883b003fd96496e062c6ee1_0000000099926,-1,186.42552,263.1826
5dbc1d84c1eb61796cf7c010_6883b003fd96496e062c6ee1_0000000102688,-1,186.42552,263.1826
5dbc1d84c1eb61796cf7c010_6ab9bfd01e48a4efe981c6b0_0000000000008,5,125.73937,139.78105
5dbc1d84c1eb61796cf7c010_6ab9bfd01e48a4efe981c6b0_0000000002846,5,124.348694,143.98666
5dbc1d84c1eb61796cf7c010_6ab9bfd01e48a4efe981c6b0_0000000008223,5,116.99214,142.97696000000002
5dbc1d84c1eb61796cf7c010_6ab9bfd01e48a4efe981c6b0_0000000011307,5,116.99214,142.97696000000002
5dbc1d84c1eb61796cf7c010_6ab9bfd01e48a4efe981c6b0_0000000015530,5,112.58358,139.53683
5dbc1d84c1eb61796cf7c010_6ab9bfd01e48a4efe981c6b0_0000000019626,5,106.47869,140.91698
5dbc1d84c1eb61796cf7c010_6ab9bfd01e48a4efe981c6b0_0000000024563,5,100.90446,137.32217
5dbc1d84c1eb61796cf7c010_6ab9bfd01e48a4efe981c6b0_0000000028446,5,100.90446,137.32217
5dbc1d84c1eb61796cf7c010_6ab9bfd01e48a4efe981c6b0_0000000036255,5,94.73745,131.25226
5dbc1d84c1eb61796cf7c010_6ab9bfd01e48a4efe981c6b0_0000000042285,5,90.036415,129.69592
5dbc1d84c1eb61796cf7c010_6ab9bfd01e48a4efe981c6b0_0000000051129,5,97.20692,139.39775
5dbc1d84c1eb61796cf7c010_6ab9bfd01e48a4efe981c6b0_0000000056320,5,90.543076,133.91365
5dbc1d84c1eb61796cf7c010_6ab9bfd01e48a4efe981c6b0_0000000065219,5,90.06559,126.40605
5dbc1d84c1eb61796cf7c010_6ab9bfd01e48a4efe981c6b0_0000000067787,5,84.114716,122.869225
5dbc1d84c1eb61796cf7c010_6ab9bfd01e48a4efe981c6b0_0000000072094,5,84.04732,119.367165
5dbc1d84c1eb61796cf7c010_6ab9bfd01e48a4efe981c6b0_0000000074767,5,78.290215,116.27019
5dbc1d84c1eb61796cf7c010_6ab9bfd01e48a4efe981c6b0_0000000079277,5,74.315605,112.65299
5dbc1d84c1eb61796cf7c010_6ab9bfd01e48a4efe981c6b0_0000000081451,5,74.315605,112.65299
5dbc1d84c1eb61796cf7c010_6ab9bfd01e48a4efe981c6b0_0000000084680,5,74.50543,109.889175
5dbc1d84c1eb61796cf7c010_6ab9bfd01e48a4efe981c6b0_0000000086831,5,67.99949000000001,105.4297
5dbc1d84c1eb61796cf7c010_6ab9bfd01e48a4efe981c6b0_0000000090806,5,67.99949000000001,105.4297
5dbc1d84c1eb61796cf7c010_6ab9bfd01e48a4efe981c6b0_0000000096433,5,66.43916999999999,97.268425
5dbc1d84c1eb61796cf7c010_6ab9bfd01e48a4efe981c6b0_0000000101242,5,71.42531600000001,99.96279
5dbc1d84c1eb61796cf7c010_6ab9bfd01e48a4efe981c6b0_0000000107052,5,68.9273,91.36468
5dbc1d84c1eb61796cf7c010_6ab9bfd01e48a4efe981c6b0_0000000114059,5,68.9273,91.36468
5dbc1d84c1eb61796cf7c010_6ab9bfd01e48a4efe981c6b0_0000000116647,5,73.487144,83.50285
5dbc1d84c1eb61796cf7c010_6dcb3e845f3cab94ca55a790_0000000000011,4,115.94818,195.69742
5dbc1d84c1eb61796cf7c010_6dcb3e845f3cab94ca55a790_0000000001998,4,115.94818,195.69742
5dbc1d84c1eb61796cf7c010_6dcb3e845f3cab94ca55a790_0000000010248,4,124.073296,191.86226
5dbc1d84c1eb61796cf7c010_6dcb3e845f3cab94ca55a790_0000000015978,4,131.03212,186.17288
5dbc1d84c1eb61796cf7c010_6dcb3e845f3cab94ca55a790_0000000024205,4,140.99237,178.08371
5dbc1d84c1eb61796cf7c010_6dcb3e845f3cab94ca55a790_0000000038194,4,150.59778,169.68185
5dbc1d84c1eb61796cf7c010_6dcb3e845f3cab94ca55a790_0000000041889,4,154.63808,163.86348
5dbc1d84c1eb61796cf7c010_6dcb3e845f3cab94ca55a790_0000000045914,4,154.63808,163.86348
5dbc1d84c1eb61796cf7c010_6dcb3e845f3cab94ca55a790_0000000049134,4,159.19351,162.69255
5dbc1d84c1eb61796cf7c010_6dcb3e845f3cab94ca55a790_0000000054039,4,163.81775,156.15706
5dbc1d84c1eb61796cf7c010_6dcb3e845f3cab94ca55a790_0000000057697,4,169.02397,154.65182
5dbc1d84c1eb61796cf7c010_6dcb3e845f3cab94ca55a790_0000000080766,4,172.28404,149.03363000000002
5dbc1d84c1eb61796cf7c010_6dcb3e845f3cab94ca55a790_0000000084882,4,177.48166,147.31787
5dbc1d84c1eb61796cf7c010_6dcb3e845f3cab94ca55a790_0000000086445,4,177.2993,145.45776
5dbc1d84c1eb61796cf7c010_6dcb3e845f3cab94ca55a790_0000000092160,4,184.79025,141.1704
5dbc1d84c1eb61796cf7c010_6dcb3e845f3cab94ca55a790_0000000094608,4,186.76358,136.95369
5dbc1d84c1eb61796cf7c010_6dcb3e845f3cab94ca55a790_0000000101117,4,194.72995,132.8166
5dbc1d84c1eb61796cf7c010_6dcb3e845f3cab94ca55a790_0000000104402,4,192.04932,132.58491999999998
5dbc1d84c1eb61796cf7c010_6dcb3e845f3cab94ca55a790_0000000110612,4,187.84416,124.5575
5dbc1d84c1eb61796cf7c010_6dcb3e845f3cab94ca55a790_0000000114029,4,183.42203,121.523
5dbc1d84c1eb61796cf7c010_6dcb3e845f3cab94ca55a790_0000000117906,4,183.42203,121.523
5dbc1d84c1eb61796cf7c010_6dcb3e845f3cab94ca55a790_0000000120261,4,180.77391,115.70557
5dbc1d84c1eb61796cf7c010_6dcb3e845f3cab94ca55a790_0000000124242,4,177.4034,114.00513
5dbc1d84c1eb61796cf7c010_6dcb3e845f3cab94ca55a790_0000000126566,4,175.18708999999998,108.15146
5dbc1d84c1eb61796cf7c010_6fda297cb93a859000e72b70_0000000000008,7,123.00527,177.36831999999998
5dbc1d84c1eb61796cf7c010_6fda297cb93a859000e72b70_0000000002950,7,124.19892,180.34586
5dbc1d84c1eb61796cf7c010_6fda297cb93a859000e72b70_0000000007391,7,129.39037,185.01068
5dbc1d84c1eb61796cf7c010_6fda297cb93a859000e72b70_0000000009892,7,129.72777,186.85272
5dbc1d84c1eb61796cf7c010_6fda297cb93a859000e72b70_0000000015995,7,134.53568,183.49316
5dbc1d84c1eb61796cf7c010_6fda297cb93a859000e72b70_0000000022890,7,141.55954,177.44576999999998
5dbc1d84c1eb61796cf7c010_6fda297cb93a859000e72b70_0000000029134,7,147.50182,172.4349
5dbc1d84c1eb61796cf7c010_6fda297cb93a859000e72b70_0000000035730,7,150.93528999999998,167.373
5dbc1d84c1eb61796cf7c010_6fda297cb93a859000e72b70_0000000040709,7,154.20166,166.74393
5dbc1d84c1eb61796cf7c010_6fda297cb93a859000e72b70_0000000050085,7,150.93528999999998,167.373
5dbc1d84c1eb61796cf7c010_6fda297cb93a859000e72b70_0000000056805,7,144.24712,172.90446
5dbc1d84c1eb61796cf7c010_6fda297cb93a859000e72b70_0000000064488,7,137.36783,178.55092
5dbc1d84c1eb61796cf7c010_6fda297cb93a859000e72b70_0000000072217,7,129.72777,186.85272
5dbc1d84c1eb61796cf7c010_6fda297cb93a859000e72b70_0000000081914,7,124.19892,180.34586
5dbc1d84c1eb61796cf7c010_7987213c53131fd5bbacce4f_0000000000018,6,43.416687,86.71276
5dbc1d84c1eb61796cf7c010_7987213c53131fd5bbacce4f_0000000002569,6,42.94398,88.930275
5dbc1d84c1eb61796cf7c010_7987213c53131fd5bbacce4f_0000000006027,6,38.30695,90.16187
5dbc1d84c1eb61796cf7c010_7987213c53131fd5bbacce4f_0000000008876,6,35.45048,93.66576
5dbc1d84c1eb61796cf7c010_7987213c53131fd5bbacce4f_0000000012615,6,30.99506,95.77046
5dbc1d84c1eb61796cf7c010_7987213c53131fd5bbacce4f_0000000016696,6,27.1904,101.1411
5dbc1d84c1eb61796cf7c010_7987213c53131fd5bbacce4f_0000000019008,6,25.759825,99.80618
5dbc1d84c1eb61796cf7c010_7987213c53131fd5bbacce4f_0000000022208,6,27.1904,101.1411
5dbc1d84c1eb61796cf7c010_7987213c53131fd5bbacce4f_0000000028767,6,31.604015000000004,110.08643
5dbc1d84c1eb61796cf7c010_7987213c53131fd5bbacce4f_0000000031536,6,31.604015000000004,110.08643
5dbc1d84c1eb61796cf7c010_7987213c53131fd5bbacce4f_0000000038115,6,39.603046,118.103775
5dbc1d84c1eb61796cf7c010_7987213c53131fd5bbacce4f_0000000042195,6,39.603046,118.103775
5dbc1d84c1eb61796cf7c010_7987213c53131fd5bbacce4f_0000000048297,6,44.79038,126.28839
5dbc1d84c1eb61796cf7c010_7987213c53131fd5bbacce4f_0000000051738,6,44.79038,126.28839
5dbc1d84c1eb61796cf7c010_7987213c53131fd5bbacce4f_0000000054623,6,46.679348,129.82728999999998
5dbc1d84c1eb61796cf7c010_7987213c53131fd5bbacce4f_0000000063456,6,53.988995,138.92526
5dbc1d84c1eb61796cf7c010_7987213c53131fd5bbacce4f_0000000065458,6,53.988995,138.92526
5dbc1d84c1eb61796cf7c010_7987213c53131fd5bbacce4f_0000000074586,6,46.384186,146.92113
5dbc1d84c1eb61796cf7c010_7987213c53131fd5bbacce4f_0000000077160,6,43.613003000000006,146.28
5dbc1d84c1eb61796cf7c010_7987213c53131fd5bbacce4f_0000000085335,6,50.506996,155.01778000000002
5dbc1d84c1eb61796cf7c010_7987213c53131fd5bbacce4f_0000000087476,6,50.506996,155.01778000000002
5dbc1d84c1eb61796cf7c010_7987213c53131fd5bbacce4f_0000000093447,6,55.291176,152.4014
5dbc1d84c1eb61796cf7c010_7987213c53131fd5bbacce4f_0000000096023,6,54.871480000000005,154.35611
5dbc1d84c1eb61796cf7c010_7987213c53131fd5bbacce4f_0000000100145,6,59.379627,159.68076000000002
5dbc1d84c1eb61796cf7c010_7987213c53131fd5bbacce4f_0000000103296,6,63.465363,162.80434
5dbc1d84c1eb61796cf7c010_7987213c53131fd5bbacce4f_0000000105978,6,64.52598,166.44995
5dbc1d84c1eb61796cf7c010_7987213c53131fd5bbacce4f_0000000110678,6,69.031586,169.81224
5dbc1d84c1eb61796cf7c010_7987213c53131fd5bbacce4f_0000000114420,6,71.131966,173.42711
5dbc1d84c1eb61796cf7c010_7987213c53131fd5bbacce4f_0000000120167,6,76.73451,177.50853999999998
5dbc1d84c1eb61796cf7c010_7987213c53131fd5bbacce4f_0000000121993,6,76.69635,179.53418
5dbc1d84c1eb61796cf7c010_7987213c53131fd5bbacce4f_0000000126589,6,72.59493,183.6579
5dbc1d84c1eb61796cf7c010_7987213c53131fd5bbacce4f_0000000129063,6,71.43075999999999,182.51843
5dbc1d84c1eb61796cf7c010_7987213c53131fd5bbacce4f_0000000131772,6,72.59493,183.6579
5dbc1d84c1eb61796cf7c010_7987213c53131fd5bbacce4f_0000000134980,6,71.43075999999999,182.51843
5dbc1d84c1eb61796cf7c010_8cb1f56b74af85d3dd0efcd9_0000000000013,1,173.4479,85.780876
5dbc1d84c1eb61796cf7c010_8cb1f56b74af85d3dd0efcd9_0000000002591,1,173.4479,85.780876
5dbc1d84c1eb61796cf7c010_8cb1f56b74af85d3dd0efcd9_0000000008807,1,169.04817,88.34805
5dbc1d84c1eb61796cf7c010_8cb1f56b74af85d3dd0efcd9_0000000012155,1,162.1018,94.02551
5dbc1d84c1eb61796cf7c010_8cb1f56b74af85d3dd0efcd9_0000000015899,1,162.1018,94.02551
5dbc1d84c1eb61796cf7c010_8cb1f56b74af85d3dd0efcd9_0000000019639,1,159.71057,98.63853
5dbc1d84c1eb61796cf7c010_8cb1f56b74af85d3dd0efcd9_0000000025755,1,155.74217,100.008865
5dbc1d84c1eb61796cf7c010_8cb1f56b74af85d3dd0efcd9_0000000028449,1,153.14467,108.50369
5dbc1d84c1eb61796cf7c010_8cb1f56b74af85d3dd0efcd9_0000000033748,1,150.37514,108.99115
5dbc1d84c1eb61796cf7c010_8cb1f56b74af85d3dd0efcd9_0000000041540,1,145.19643,102.09192
5dbc1d84c1eb61796cf7c010_8cb1f56b74af85d3dd0efcd9_0000000043749,1,141.90901000000002,106.33724
5dbc1d84c1eb61796cf7c010_8cb1f56b74af85d3dd0efcd9_0000000051034,1,147.75815,112.9035
5dbc1d84c1eb61796cf7c010_8cb1f56b74af85d3dd0efcd9_0000000053857,1,147.03734,116.90496
5dbc1d84c1eb61796cf7c010_8cb1f56b74af85d3dd0efcd9_0000000061925,1,147.03734,116.90496
5dbc1d84c1eb61796cf7c010_8cb1f56b74af85d3dd0efcd9_0000000063757,1,139.41519,123.429825
5dbc1d84c1eb61796cf7c010_8cb1f56b74af85d3dd0efcd9_0000000069321,1,139.3734,126.80711
5dbc1d84c1eb61796cf7c010_8cb1f56b74af85d3dd0efcd9_0000000073377,1,132.30215,129.39038
5dbc1d84c1eb61796cf7c010_8cb1f56b74af85d3dd0efcd9_0000000076328,1,132.30215,129.39038
5dbc1d84c1eb61796cf7c010_8cb1f56b74af85d3dd0efcd9_0000000078378,1,130.29492,134.92752
5dbc1d84c1eb61796cf7c010_8cb1f56b74af85d3dd0efcd9_0000000081406,1,126.669914,133.57243
5dbc1d84c1eb61796cf7c010_8cb1f56b74af85d3dd0efcd9_0000000084749,1,126.572,136.295
5dbc1d84c1eb61796cf7c010_8cb1f56b74af85d3dd0efcd9_0000000089673,1,124.54857,139.70909
5dbc1d84c1eb61796cf7c010_8cb1f56b74af85d3dd0efcd9_0000000095735,1,124.54857,139.70909
5dbc1d84c1eb61796cf7c010_8cb1f56b74af85d3dd0efcd9_0000000103138,1,119.88705,144.63646
5dbc1d84c1eb61796cf7c010_8cb1f56b74af85d3dd0efcd9_0000000107188,1,115.04065,144.42473
5dbc1d84c1eb61796cf7c010_8cb1f56b74af85d3dd0efcd9_0000000111748,1,110.88009,141.91002
5dbc1d84c1eb61796cf7c010_8cb1f56b74af85d3dd0efcd9_0000000117755,1,104.99599,141.002
5dbc1d84c1eb61796cf7c010_8cb1f56b74af85d3dd0efcd9_0000000121129,1,104.99599,141.002
5dbc1d84c1eb61796cf7c010_8cb1f56b74af85d3dd0efcd9_0000000125256,1,98.73279,135.80303999999998
5dbc1d84c1eb61796cf7c010_8cb1f56b74af85d3dd0efcd9_0000000131310,1,98.73279,135.80303999999998
5dbc1d84c1eb61796cf7c010_8cb1f56b74af85d3dd0efcd9_0000000136761,1,90.88737,128.21495
5dbc1d84c1eb61796cf7c010_8cb1f56b74af85d3dd0efcd9_0000000142989,1,83.01541,125.5037
5dbc1d84c1eb61796cf7c010_8cb8f0045242464f50342338_0000000000012,3,162.62885,93.2587
5dbc1d84c1eb61796cf7c010_8cb8f0045242464f50342338_0000000003892,3,159.82045,97.81421
5dbc1d84c1eb61796cf7c010_8cb8f0045242464f50342338_0000000010778,3,155.5826,99.48062
5dbc1d84c1eb61796cf7c010_8cb8f0045242464f50342338_0000000018812,3,150.06274,109.85373
5dbc1d84c1eb61796cf7c010_8cb8f0045242464f50342338_0000000021757,3,146.8943,116.68022
5dbc1d84c1eb61796cf7c010_8cb8f0045242464f50342338_0000000026415,3,146.8943,116.68022
5dbc1d84c1eb61796cf7c010_8cb8f0045242464f50342338_0000000031943,3,142.25095,121.56912
5dbc1d84c1eb61796cf7c010_8cb8f0045242464f50342338_0000000034877,3,137.70886000000002,128.59431
5dbc1d84c1eb61796cf7c010_8cb8f0045242464f50342338_0000000040824,3,133.39061999999998,128.22656
5dbc1d84c1eb61796cf7c010_8cb8f0045242464f50342338_0000000043241,3,129.47417,135.92331
5dbc1d84c1eb61796cf7c010_8cb8f0045242464f50342338_0000000047814,3,129.47417,135.92331
5dbc1d84c1eb61796cf7c010_8cb8f0045242464f50342338_0000000052623,3,128.37848,144.14883
5dbc1d84c1eb61796cf7c010_8cb8f0045242464f50342338_0000000058923,3,125.605965,136.1164
5dbc1d84c1eb61796cf7c010_8cb8f0045242464f50342338_0000000063634,3,123.2491,139.20326
5dbc1d84c1eb61796cf7c010_8cb8f0045242464f50342338_0000000072256,3,119.208206,139.83673000000002
5dbc1d84c1eb61796cf7c010_8cb8f0045242464f50342338_0000000075071,3,110.46559,139.37518
5dbc1d84c1eb61796cf7c010_8cb8f0045242464f50342338_0000000081266,3,107.48422,141.44463000000002
5dbc1d84c1eb61796cf7c010_8cb8f0045242464f50342338_0000000084940,3,107.48422,141.44463000000002
5dbc1d84c1eb61796cf7c010_9d5db7dab58374e88b12d227_0000000000006,5,209.49068,61.95415500000001
5dbc1d84c1eb61796cf7c010_9d5db7dab58374e88b12d227_0000000003002,5,212.29784,63.931305
5dbc1d84c1eb61796cf7c010_9d5db7dab58374e88b12d227_0000000007764,5,215.81763,60.37653
5dbc1d84c1eb61796cf7c010_9d5db7dab58374e88b12d227_0000000012862,5,220.50833,60.236645
5dbc1d84c1eb61796cf7c010_9d5db7dab58374e88b12d227_0000000017569,5,224.55023,63.98254
5dbc1d84c1eb61796cf7c010_9d5db7dab58374e88b12d227_0000000025226,5,220.50833,60.236645
5dbc1d84c1eb61796cf7c010_9d5db7dab58374e88b12d227_0000000027841,5,220.50833,60.236645
5dbc1d84c1eb61796cf7c010_9d5db7dab58374e88b12d227_0000000030342,5,220.50833,60.236645
5dbc1d84c1eb61796cf7c010_9d5db7dab58374e88b12d227_0000000034005,5,214.44704,58.868187
5dbc1d84c1eb61796cf7c010_9d5db7dab58374e88b12d227_0000000036282,5,212.57481,58.683094
5dbc1d84c1eb61796cf7c010_9d5db7dab58374e88b12d227_0000000043506,5,206.90378,67.266655
5dbc1d84c1eb61796cf7c010_9d5db7dab58374e88b12d227_0000000050792,5,202.80342,70.7188
5dbc1d84c1eb61796cf7c010_9d5db7dab58374e88b12d227_0000000056501,5,197.61385,76.97561
5dbc1d84c1eb61796cf7c010_9d5db7dab58374e88b12d227_0000000059500,5,197.61385,76.97561
5dbc1d84c1eb61796cf7c010_a87fa5784fd6e0791efe650a_0000000000011,2,133.77258,106.46005
5dbc1d84c1eb61796cf7c010_a87fa5784fd6e0791efe650a_0000000002593,2,133.77258,106.46005
5dbc1d84c1eb61796cf7c010_a87fa5784fd6e0791efe650a_0000000006142,2,133.77258,106.46005
5dbc1d84c1eb61796cf7c010_a87fa5784fd6e0791efe650a_0000000009844,2,133.77258,106.46005
5dbc1d84c1eb61796cf7c010_a87fa5784fd6e0791efe650a_0000000018810,2,128.64456,101.15969
5dbc1d84c1eb61796cf7c010_a87fa5784fd6e0791efe650a_0000000028601,2,120.0088,108.272804
5dbc1d84c1eb61796cf7c010_a87fa5784fd6e0791efe650a_0000000030382,2,120.0088,108.272804
5dbc1d84c1eb61796cf7c010_a87fa5784fd6e0791efe650a_0000000033647,2,117.673294,108.70094
5dbc1d84c1eb61796cf7c010_a87fa5784fd6e0791efe650a_0000000038863,2,115.45843,112.77586
5dbc1d84c1eb61796cf7c010_a87fa5784fd6e0791efe650a_0000000040995,2,108.50548,115.80615
5dbc1d84c1eb61796cf7c010_a87fa5784fd6e0791efe650a_0000000046090,2,107.79443,118.51324
5dbc1d84c1eb61796cf7c010_a87fa5784fd6e0791efe650a_0000000050153,2,107.79443,118.51324
5dbc1d84c1eb61796cf7c010_a87fa5784fd6e0791efe650a_0000000053724,2,107.79443,118.51324
5dbc1d84c1eb61796cf7c010_a87fa5784fd6e0791efe650a_0000000058099,2,107.79443,118.51324
5dbc1d84c1eb61796cf7c010_a87fa5784fd6e0791efe650a_0000000064962,2,115.45843,112.77586
5dbc1d84c1eb61796cf7c010_ac83e97550ad3e7396fb618b_0000000000021,5,67.99949000000001,105.4297
5dbc1d84c1eb61796cf7c010_ac83e97550ad3e7396fb618b_0000000002647,5,64.19846,104.711296
5dbc1d84c1eb61796cf7c010_ac83e97550ad3e7396fb618b_0000000006358,5,59.592724,105.157
5dbc1d84c1eb61796cf7c010_ac83e97550ad3e7396fb618b_0000000010179,5,57.252728000000005,104.40509
5dbc1d84c1eb61796cf7c010_ac83e97550ad3e7396fb618b_0000000019098,5,67.22285,101.487465
5dbc1d84c1eb61796cf7c010_ac83e97550ad3e7396fb618b_0000000024640,5,66.43916999999999,97.268425
5dbc1d84c1eb61796cf7c010_ac83e97550ad3e7396fb618b_0000000032185,5,59.51588,98.30517
5dbc1d84c1eb61796cf7c010_ac83e97550ad3e7396fb618b_0000000040475,5,50.156834,91.66332
5dbc1d84c1eb61796cf7c010_ac83e97550ad3e7396fb618b_0000000047760,5,41.566864,85.39831
5dbc1d84c1eb61796cf7c010_ac83e97550ad3e7396fb618b_0000000052095,5,37.25305,79.76796
5dbc1d84c1eb61796cf7c010_ac83e97550ad3e7396fb618b_0000000056383,5,37.25305,79.76796
5dbc1d84c1eb61796cf7c010_ac83e97550ad3e7396fb618b_0000000063382,5,33.979637,73.40526
5dbc1d84c1eb61796cf7c010_ac83e97550ad3e7396fb618b_0000000066766,5,34.46134,66.11789
5dbc1d84c1eb61796cf7c010_ad40d2b657a1b847b11b013f_0000000000011,6,117.64329,140.59747
5dbc1d84c1eb61796cf7c010_ad40d2b657a1b847b11b013f_0000000006240,6,110.17776,141.1787
5dbc1d84c1eb61796cf7c010_ad40d2b657a1b847b11b013f_0000000014828,6,101.29105,137.75108
5dbc1d84c1eb61796cf7c010_ad40d2b657a1b847b11b013f_0000000019673,6,95.31022,135.32867
5dbc1d84c1eb61796cf7c010_ad40d2b657a1b847b11b013f_0000000022582,6,90.82013,133.50233
5dbc1d84c1eb61796cf7c010_ad40d2b657a1b847b11b013f_0000000030790,6,87.22205,122.89923
5dbc1d84c1eb61796cf7c010_ad40d2b657a1b847b11b013f_0000000033799,6,84.81778,123.131004
5dbc1d84c1eb61796cf7c010_ad40d2b657a1b847b11b013f_0000000040648,6,79.83865,115.36061
5dbc1d84c1eb61796cf7c010_ad40d2b657a1b847b11b013f_0000000042654,6,77.17334,115.344795
5dbc1d84c1eb61796cf7c010_ad40d2b657a1b847b11b013f_0000000046385,6,75.36734,110.21857
5dbc1d84c1eb61796cf7c010_ad40d2b657a1b847b11b013f_0000000052280,6,71.60777,101.30363
5dbc1d84c1eb61796cf7c010_ad40d2b657a1b847b11b013f_0000000055617,6,71.60777,101.30363
5dbc1d84c1eb61796cf7c010_ad40d2b657a1b847b11b013f_0000000063395,6,75.36734,110.21857
5dbc1d84c1eb61796cf7c010_b59c09efbc2ba31f7df1d0d1_0000000000012,-1,169.92886,294.3504
5dbc1d84c1eb61796cf7c010_b59c09efbc2ba31f7df1d0d1_0000000004837,-1,175.06871,303.19415
5dbc1d84c1eb61796cf7c010_b59c09efbc2ba31f7df1d0d1_0000000013951,-1,182.10748,311.43332000000004
5dbc1d84c1eb61796cf7c010_b59c09efbc2ba31f7df1d0d1_0000000024580,-1,194.59813,301.62964
5dbc1d84c1eb61796cf7c010_b59c09efbc2ba31f7df1d0d1_0000000028763,-1,193.38731,298.76733
5dbc1d84c1eb61796cf7c010_b59c09efbc2ba31f7df1d0d1_0000000035569,-1,194.6038,290.0964
5dbc1d84c1eb61796cf7c010_b59c09efbc2ba31f7df1d0d1_0000000040480,-1,197.78128,286.40012
5dbc1d84c1eb61796cf7c010_b59c09efbc2ba31f7df1d0d1_0000000044180,-1,199.0,284.5
5dbc1d84c1eb61796cf7c010_b59c09efbc2ba31f7df1d0d1_0000000052711,-1,212.33868,275.819
5dbc1d84c1eb61796cf7c010_b59c09efbc2ba31f7df1d0d1_0000000056443,-1,215.41034,275.0222
5dbc1d84c1eb61796cf7c010_b59c09efbc2ba31f7df1d0d1_0000000061424,-1,219.34192,270.05038
5dbc1d84c1eb61796cf7c010_b59c09efbc2ba31f7df1d0d1_0000000067859,-1,227.53046,269.7599
5dbc1d84c1eb61796cf7c010_b59c09efbc2ba31f7df1d0d1_0000000069958,-1,227.53046,269.7599
5dbc1d84c1eb61796cf7c010_b59c09efbc2ba31f7df1d0d1_0000000072770,-1,227.53046,269.7599
5dbc1d84c1eb61796cf7c010_b59c09efbc2ba31f7df1d0d1_0000000077487,-1,233.48349,272.29544
5dbc1d84c1eb61796cf7c010_b59c09efbc2ba31f7df1d0d1_0000000080518,-1,232.34863,276.0709
5dbc1d84c1eb61796cf7c010_b59c09efbc2ba31f7df1d0d1_0000000085688,-1,230.03394,280.79782
5dbc1d84c1eb61796cf7c010_b59c09efbc2ba31f7df1d0d1_0000000089081,-1,224.30807,278.5019
5dbc1d84c1eb61796cf7c010_b59c09efbc2ba31f7df1d0d1_0000000092991,-1,224.30807,278.5019
5dbc1d84c1eb61796cf7c010_b59c09efbc2ba31f7df1d0d1_0000000099091,-1,227.53046,269.7599
5dbc1d84c1eb61796cf7c010_b59c09efbc2ba31f7df1d0d1_0000000105717,-1,227.70285,264.18323
5dbc1d84c1eb61796cf7c010_b59c09efbc2ba31f7df1d0d1_0000000112862,-1,233.48349,272.29544
5dbc1d84c1eb61796cf7c010_b59c09efbc2ba31f7df1d0d1_0000000121772,-1,230.03394,280.79782
5dbc1d84c1eb61796cf7c010_b59c09efbc2ba31f7df1d0d1_0000000130274,-1,227.53046,269.7599
5dbc1d84c1eb61796cf7c010_b59c09efbc2ba31f7df1d0d1_0000000138173,-1,233.48349,272.29544
5dbc1d84c1eb61796cf7c010_b59c09efbc2ba31f7df1d0d1_0000000143623,-1,238.24484,273.28323
5dbc1d84c1eb61796cf7c010_b59c09efbc2ba31f7df1d0d1_0000000151218,-1,230.03394,280.79782
5dbc1d84c1eb61796cf7c010_b59c09efbc2ba31f7df1d0d1_0000000161086,-1,227.53046,269.7599
5dbc1d84c1eb61796cf7c010_b59c09efbc2ba31f7df1d0d1_0000000170248,-1,216.75613,267.18506
5dbc1d84c1eb61796cf7c010_b59c09efbc2ba31f7df1d0d1_0000000175009,-1,216.75613,267.18506
5dbc1d84c1eb61796cf7c010_b59c09efbc2ba31f7df1d0d1_0000000179826,-1,219.34192,270.05038
5dbc1d84c1eb61796cf7c010_bbcf74a04032515b461cb2cc_0000000000010,6,123.512886,143.14212
5dbc1d84c1eb61796cf7c010_bbcf74a04032515b461cb2cc_0000000003995,6,124.716095,138.88707
5dbc1d84c1eb61796cf7c010_bbcf74a04032515b461cb2cc_0000000007923,6,126.39388999999998,134.93323999999998
5dbc1d84c1eb61796cf7c010_bbcf74a04032515b461cb2cc_0000000013700,6,131.68736,130.01175
5dbc1d84c1eb61796cf7c010_bbcf74a04032515b461cb2cc_0000000019808,6,142.20341000000002,124.50597
5dbc1d84c1eb61796cf7c010_bbcf74a04032515b461cb2cc_0000000023989,6,146.54532,117.52993
5dbc1d84c1eb61796cf7c010_bbcf74a04032515b461cb2cc_0000000028610,6,152.83385,121.27811
5dbc1d84c1eb61796cf7c010_bbcf74a04032515b461cb2cc_0000000035786,6,154.61511000000002,129.64156
5dbc1d84c1eb61796cf7c010_bbcf74a04032515b461cb2cc_0000000043381,6,160.58307,123.55138
5dbc1d84c1eb61796cf7c010_bbcf74a04032515b461cb2cc_0000000051490,6,157.39952,117.86599
5dbc1d84c1eb61796cf7c010_bbcf74a04032515b461cb2cc_0000000056360,6,152.98924,117.7373
5dbc1d84c1eb61796cf7c010_bbcf74a04032515b461cb2cc_0000000061600,6,152.83385,121.27811
5dbc1d84c1eb61796cf7c010_bbcf74a04032515b461cb2cc_0000000069078,6,158.1032,122.96904
5dbc1d84c1eb61796cf7c010_bbcf74a04032515b461cb2cc_0000000074860,6,160.58307,123.55138
5dbc1d84c1eb61796cf7c010_bbcf74a04032515b461cb2cc_0000000080740,6,163.21788,129.93788
5dbc1d84c1eb61796cf7c010_bbcf74a04032515b461cb2cc_0000000087826,6,163.21788,129.93788
5dbc1d84c1eb61796cf7c010_bd27a637d58beacf9a51c292_0000000000007,4,57.35054,66.11203
5dbc1d84c1eb61796cf7c010_bd27a637d58beacf9a51c292_0000000006324,4,48.381454,62.72272
5dbc1d84c1eb61796cf7c010_bd27a637d58beacf9a51c292_0000000013118,4,46.883255,65.192116
5dbc1d84c1eb61796cf7c010_bd27a637d58beacf9a51c292_0000000017483,4,46.883255,65.192116
5dbc1d84c1eb61796cf7c010_bd27a637d58beacf9a51c292_0000000022525,4,46.883255,65.192116
5dbc1d84c1eb61796cf7c010_bd27a637d58beacf9a51c292_0000000029052,4,41.617992,64.427605
5dbc1d84c1eb61796cf7c010_bd27a637d58beacf9a51c292_0000000034553,4,36.036545,63.939125
5dbc1d84c1eb61796cf7c010_bd27a637d58beacf9a51c292_0000000037248,4,32.075455,64.663956
5dbc1d84c1eb61796cf7c010_bd27a637d58beacf9a51c292_0000000040944,4,32.075455,64.663956
5dbc1d84c1eb61796cf7c010_bd27a637d58beacf9a51c292_0000000045573,4,33.892323,69.62352
5dbc1d84c1eb61796cf7c010_bd27a637d58beacf9a51c292_0000000050518,4,34.88408,76.19153
5dbc1d84c1eb61796cf7c010_bd27a637d58beacf9a51c292_0000000053889,4,34.88408,76.19153
5dbc1d84c1eb61796cf7c010_bd27a637d58beacf9a51c292_0000000058966,4,38.166798,81.5238
5dbc1d84c1eb61796cf7c010_bd27a637d58beacf9a51c292_0000000062019,4,38.166798,81.5238
5dbc1d84c1eb61796cf7c010_bd27a637d58beacf9a51c292_0000000067554,4,43.439716,87.28426
5dbc1d84c1eb61796cf7c010_bd27a637d58beacf9a51c292_0000000070403,4,43.439716,87.28426
5dbc1d84c1eb61796cf7c010_bd27a637d58beacf9a51c292_0000000079227,4,54.16304399999999,92.3618
5dbc1d84c1eb61796cf7c010_bd27a637d58beacf9a51c292_0000000083169,4,57.136295,91.05523
5dbc1d84c1eb61796cf7c010_bd27a637d58beacf9a51c292_0000000088057,4,57.136295,91.05523
5dbc1d84c1eb61796cf7c010_bd27a637d58beacf9a51c292_0000000096820,4,64.49181999999999,104.40264
5dbc1d84c1eb61796cf7c010_bd6637f1fa9e0074495caaca_0000000000009,5,39.754295,61.415780000000005
5dbc1d84c1eb61796cf7c010_bd6637f1fa9e0074495caaca_0000000002801,5,46.134697,60.320328
5dbc1d84c1eb61796cf7c010_bd6637f1fa9e0074495caaca_0000000009736,5,52.832672,63.110153
5dbc1d84c1eb61796cf7c010_bd6637f1fa9e0074495caaca_0000000014995,5,57.1973,64.56511
5dbc1d84c1eb61796cf7c010_bd6637f1fa9e0074495caaca_0000000020608,5,56.154030000000006,67.82533000000001
5dbc1d84c1eb61796cf7c010_bd6637f1fa9e0074495caaca_0000000025833,5,61.894740000000006,74.16986
5dbc1d84c1eb61796cf7c010_bd6637f1fa9e0074495caaca_0000000034693,5,61.004852,78.08895
5dbc1d84c1eb61796cf7c010_bd6637f1fa9e0074495caaca_0000000043032,5,65.78142,89.5143
5dbc1d84c1eb61796cf7c010_bd6637f1fa9e0074495caaca_0000000046944,5,66.43916999999999,97.268425
5dbc1d84c1eb61796cf7c010_bd6637f1fa9e0074495caaca_0000000055730,5,64.19846,104.711296
5dbc1d84c1eb61796cf7c010_bd6637f1fa9e0074495caaca_0000000063436,5,61.65076,107.48051
5dbc1d84c1eb61796cf7c010_bd6637f1fa9e0074495caaca_0000000069021,5,61.65076,107.48051
5dbc1d84c1eb61796cf7c010_c32f4436326c9589169be1dd_0000000000009,-1,251.94916,291.67285
5dbc1d84c1eb61796cf7c010_c32f4436326c9589169be1dd_0000000003172,-1,251.94916,291.67285
5dbc1d84c1eb61796cf7c010_c32f4436326c9589169be1dd_0000000009144,-1,251.94916,291.67285
5dbc1d84c1eb61796cf7c010_c32f4436326c9589169be1dd_0000000015047,-1,251.94916,291.67285
5dbc1d84c1eb61796cf7c010_c32f4436326c9589169be1dd_0000000019726,-1,250.33899,284.2023
5dbc1d84c1eb61796cf7c010_c32f4436326c9589169be1dd_0000000024520,-1,251.94916,291.67285
5dbc1d84c1eb61796cf7c010_c32f4436326c9589169be1dd_0000000029441,-1,253.44893,289.33417000000003
5dbc1d84c1eb61796cf7c010_c32f4436326c9589169be1dd_0000000034415,-1,250.33899,284.2023
5dbc1d84c1eb61796cf7c010_c32f4436326c9589169be1dd_0000000039400,-1,250.33899,284.2023
5dbc1d84c1eb61796cf7c010_c32f4436326c9589169be1dd_0000000046646,-1,243.83772,276.73715
5dbc1d84c1eb61796cf7c010_c32f4436326c9589169be1dd_0000000054591,-1,238.20161,268.9417
5dbc1d84c1eb61796cf7c010_c32f4436326c9589169be1dd_0000000063698,-1,243.63472,261.13364
5dbc1d84c1eb61796cf7c010_c32f4436326c9589169be1dd_0000000067108,-1,241.18733,262.68423
5dbc1d84c1eb61796cf7c010_c32f4436326c9589169be1dd_0000000073659,-1,241.95303,267.40103
5dbc1d84c1eb61796cf7c010_c32f4436326c9589169be1dd_0000000080963,-1,233.48349,272.29544
5dbc1d84c1eb61796cf7c010_c32f4436326c9589169be1dd_0000000086152,-1,232.34863,276.0709
5dbc1d84c1eb61796cf7c010_c32f4436326c9589169be1dd_0000000090422,-1,227.53046,269.7599
5dbc1d84c1eb61796cf7c010_c32f4436326c9589169be1dd_0000000096479,-1,233.48349,272.29544
5dbc1d84c1eb61796cf7c010_c7eaa26e0dcb8d3680fd3c70_0000000000009,3,177.80176,104.35657
5dbc1d84c1eb61796cf7c010_c7eaa26e0dcb8d3680fd3c70_0000000002626,3,177.80176,104.35657
5dbc1d84c1eb61796cf7c010_c7eaa26e0dcb8d3680fd3c70_0000000012545,3,193.16719,108.31952
5dbc1d84c1eb61796cf7c010_c7eaa26e0dcb8d3680fd3c70_0000000018191,3,193.16719,108.31952
5dbc1d84c1eb61796cf7c010_c7eaa26e0dcb8d3680fd3c70_0000000022974,3,202.78172,104.87153
5dbc1d84c1eb61796cf7c010_c7eaa26e0dcb8d3680fd3c70_0000000027774,3,201.87685,101.50124
5dbc1d84c1eb61796cf7c010_c7eaa26e0dcb8d3680fd3c70_0000000030440,3,201.87685,101.50124
5dbc1d84c1eb61796cf7c010_c7eaa26e0dcb8d3680fd3c70_0000000034406,3,204.27869,97.31576
5dbc1d84c1eb61796cf7c010_c7eaa26e0dcb8d3680fd3c70_0000000037887,3,204.07635,93.62823
5dbc1d84c1eb61796cf7c010_c7eaa26e0dcb8d3680fd3c70_0000000040412,3,207.4696,91.95412
5dbc1d84c1eb61796cf7c010_c7eaa26e0dcb8d3680fd3c70_0000000046305,3,211.07535,94.44352
5dbc1d84c1eb61796cf7c010_c7eaa26e0dcb8d3680fd3c70_0000000051147,3,208.93216,96.54774
5dbc1d84c1eb61796cf7c010_c7eaa26e0dcb8d3680fd3c70_0000000055434,3,207.4696,91.95412
5dbc1d84c1eb61796cf7c010_c7eaa26e0dcb8d3680fd3c70_0000000061406,3,211.07535,94.44352
5dbc1d84c1eb61796cf7c010_cf1da59d0470e29891469f3c_0000000000009,1,98.13816,168.87999
5dbc1d84c1eb61796cf7c010_cf1da59d0470e29891469f3c_0000000006560,1,98.13816,168.87999
5dbc1d84c1eb61796cf7c010_cf1da59d0470e29891469f3c_0000000013772,1,91.39565,167.78041000000002
5dbc1d84c1eb61796cf7c010_cf1da59d0470e29891469f3c_0000000022109,1,86.130486,158.96495
5dbc1d84c1eb61796cf7c010_cf1da59d0470e29891469f3c_0000000029978,1,84.99082,151.26497
5dbc1d84c1eb61796cf7c010_cf1da59d0470e29891469f3c_0000000037390,1,82.169655,146.01582
5dbc1d84c1eb61796cf7c010_cf1da59d0470e29891469f3c_0000000042163,1,82.169655,146.01582
5dbc1d84c1eb61796cf7c010_cf1da59d0470e29891469f3c_0000000046603,1,84.99082,151.26497
5dbc1d84c1eb61796cf7c010_cf1da59d0470e29891469f3c_0000000054651,1,82.34399,150.9471
5dbc1d84c1eb61796cf7c010_cf1da59d0470e29891469f3c_0000000058588,1,76.94771999999999,157.69438
5dbc1d84c1eb61796cf7c010_cf1da59d0470e29891469f3c_0000000068044,1,74.3264,158.14158999999998
5dbc1d84c1eb61796cf7c010_cf1da59d0470e29891469f3c_0000000070769,1,74.3264,158.14158999999998
5dbc1d84c1eb61796cf7c010_cf1da59d0470e29891469f3c_0000000074657,1,74.3264,158.14158999999998
5dbc1d84c1eb61796cf7c010_cf1da59d0470e29891469f3c_0000000077233,1,74.3264,158.14158999999998
5dbc1d84c1eb61796cf7c010_cf5c7ff181051df6e88a5787_0000000000010,6,131.6156,145.53212
5dbc1d84c1eb61796cf7c010_cf5c7ff181051df6e88a5787_0000000002754,6,131.6156,145.53212
5dbc1d84c1eb61796cf7c010_cf5c7ff181051df6e88a5787_0000000007479,6,123.512886,143.14212
5dbc1d84c1eb61796cf7c010_cf5c7ff181051df6e88a5787_0000000012264,6,117.64329,140.59747
5dbc1d84c1eb61796cf7c010_cf5c7ff181051df6e88a5787_0000000022037,6,128.9207,136.35095
5dbc1d84c1eb61796cf7c010_cf5c7ff181051df6e88a5787_0000000027813,6,123.21615,129.71555
5dbc1d84c1eb61796cf7c010_cf5c7ff181051df6e88a5787_0000000030021,6,123.21615,129.71555
5dbc1d84c1eb61796cf7c010_cf5c7ff181051df6e88a5787_0000000033556,6,120.19842,128.43822
5dbc1d84c1eb61796cf7c010_cf5c7ff181051df6e88a5787_0000000035973,6,116.55547,123.87686
5dbc1d84c1eb61796cf7c010_cf5c7ff181051df6e88a5787_0000000040177,6,114.716576,126.41393
5dbc1d84c1eb61796cf7c010_cf5c7ff181051df6e88a5787_0000000042459,6,112.0,123.5
5dbc1d84c1eb61796cf7c010_cf5c7ff181051df6e88a5787_0000000045634,6,110.450584,121.60506
5dbc1d84c1eb61796cf7c010_cf5c7ff181051df6e88a5787_0000000047895,6,110.450584,121.60506
5dbc1d84c1eb61796cf7c010_cf5c7ff181051df6e88a5787_0000000049918,6,106.99486,117.4891
5dbc1d84c1eb61796cf7c010_cf5c7ff181051df6e88a5787_0000000058173,6,116.0,110.0
5dbc1d84c1eb61796cf7c010_cf5c7ff181051df6e88a5787_0000000060796,6,123.32877,114.116165
5dbc1d84c1eb61796cf7c010_cf5c7ff181051df6e88a5787_0000000069955,6,110.450584,121.60506
5dbc1d84c1eb61796cf7c010_cf5c7ff181051df6e88a5787_0000000075570,6,114.716576,126.41393
5dbc1d84c1eb61796cf7c010_d66110d1c177307120b5deb2_0000000000012,2,88.955475,138.74437
5dbc1d84c1eb61796cf7c010_d66110d1c177307120b5deb2_0000000004339,2,97.24335,137.20821999999998
5dbc1d84c1eb61796cf7c010_d66110d1c177307120b5deb2_0000000010613,2,91.20433,131.80127
5dbc1d84c1eb61796cf7c010_d66110d1c177307120b5deb2_0000000014060,2,86.45477,125.51805
5dbc1d84c1eb61796cf7c010_d66110d1c177307120b5deb2_0000000024405,2,94.90967,132.70287
5dbc1d84c1eb61796cf7c010_d66110d1c177307120b5deb2_0000000029022,2,100.86071,137.58403
5dbc1d84c1eb61796cf7c010_d66110d1c177307120b5deb2_0000000033106,2,101.73318,140.66617
5dbc1d84c1eb61796cf7c010_d66110d1c177307120b5deb2_0000000037258,2,109.64819,142.08673000000002
5dbc1d84c1eb61796cf7c010_d66110d1c177307120b5deb2_0000000041928,2,112.88709,139.51996
5dbc1d84c1eb61796cf7c010_d66110d1c177307120b5deb2_0000000051363,2,118.809265,143.59868
5dbc1d84c1eb61796cf7c010_d66110d1c177307120b5deb2_0000000060749,2,127.91791,142.9832
5dbc1d84c1eb61796cf7c010_d66110d1c177307120b5deb2_0000000063597,2,127.91791,142.9832
5dbc1d84c1eb61796cf7c010_da7678bc04757fa05f1f7992_0000000000008,2,67.30839,122.14103
5dbc1d84c1eb61796cf7c010_da7678bc04757fa05f1f7992_0000000003545,2,67.30839,122.14103
5dbc1d84c1eb61796cf7c010_da7678bc04757fa05f1f7992_0000000013295,2,63.94744,112.32908
5dbc1d84c1eb61796cf7c010_da7678bc04757fa05f1f7992_0000000017344,2,59.040462,106.021675
5dbc1d84c1eb61796cf7c010_da7678bc04757fa05f1f7992_0000000024169,2,58.39802,98.04272
5dbc1d84c1eb61796cf7c010_da7678bc04757fa05f1f7992_0000000031994,2,48.91708,91.1243
5dbc1d84c1eb61796cf7c010_da7678bc04757fa05f1f7992_0000000038144,2,42.376602,85.90207
5dbc1d84c1eb61796cf7c010_da7678bc04757fa05f1f7992_0000000045538,2,34.81985,78.20288000000001
5dbc1d84c1eb61796cf7c010_da7678bc04757fa05f1f7992_0000000051383,2,34.35289,70.60431
5dbc1d84c1eb61796cf7c010_da7678bc04757fa05f1f7992_0000000057704,2,41.19055,63.492027
5dbc1d84c1eb61796cf7c010_da7678bc04757fa05f1f7992_0000000062209,2,44.61366,65.18493000000001
5dbc1d84c1eb61796cf7c010_da7678bc04757fa05f1f7992_0000000067247,2,48.904995,66.47594000000001
5dbc1d84c1eb61796cf7c010_da7678bc04757fa05f1f7992_0000000072699,2,52.20347,65.72054
5dbc1d84c1eb61796cf7c010_da7678bc04757fa05f1f7992_0000000075506,2,55.722828,65.33422
5dbc1d84c1eb61796cf7c010_da7678bc04757fa05f1f7992_0000000081197,2,60.225838,69.54426
5dbc1d84c1eb61796cf7c010_da7678bc04757fa05f1f7992_0000000087800,2,63.558178000000005,77.22837
5dbc1d84c1eb61796cf7c010_da7678bc04757fa05f1f7992_0000000092071,2,62.813683,81.76398499999999
5dbc1d84c1eb61796cf7c010_da7678bc04757fa05f1f7992_0000000099111,2,66.59749599999999,91.8568
5dbc1d84c1eb61796cf7c010_da7678bc04757fa05f1f7992_0000000104743,2,65.668785,97.65244
5dbc1d84c1eb61796cf7c010_dbc4e9263d1a2efd4b7b89fc_0000000000012,7,93.482506,128.81987
5dbc1d84c1eb61796cf7c010_dbc4e9263d1a2efd4b7b89fc_0000000007257,7,89.01380999999999,138.23073
5dbc1d84c1eb61796cf7c010_dbc4e9263d1a2efd4b7b89fc_0000000011750,7,87.11013,135.57346
5dbc1d84c1eb61796cf7c010_dbc4e9263d1a2efd4b7b89fc_0000000019085,7,93.482506,128.81987
5dbc1d84c1eb61796cf7c010_dbc4e9263d1a2efd4b7b89fc_0000000021429,7,93.482506,128.81987
5dbc1d84c1eb61796cf7c010_dbc4e9263d1a2efd4b7b89fc_0000000025023,7,93.482506,128.81987
5dbc1d84c1eb61796cf7c010_dbc4e9263d1a2efd4b7b89fc_0000000033527,7,100.868126,122.78847
5dbc1d84c1eb61796cf7c010_dbc4e9263d1a2efd4b7b89fc_0000000037004,7,104.39524,121.510056
5dbc1d84c1eb61796cf7c010_dbc4e9263d1a2efd4b7b89fc_0000000042554,7,108.249596,116.30825
5dbc1d84c1eb61796cf7c010_dbc4e9263d1a2efd4b7b89fc_0000000045882,7,112.40088,114.77177
5dbc1d84c1eb61796cf7c010_dbc4e9263d1a2efd4b7b89fc_0000000051194,7,115.39143,109.81766
5dbc1d84c1eb61796cf7c010_dbc4e9263d1a2efd4b7b89fc_0000000056928,7,116.688385,107.419395
5dbc1d84c1eb61796cf7c010_dbc4e9263d1a2efd4b7b89fc_0000000061883,7,121.989815,105.90035
5dbc1d84c1eb61796cf7c010_dbc4e9263d1a2efd4b7b89fc_0000000069617,7,128.6853,100.26632
5dbc1d84c1eb61796cf7c010_dbc4e9263d1a2efd4b7b89fc_0000000077481,7,128.6853,100.26632
5dbc1d84c1eb61796cf7c010_dbc4e9263d1a2efd4b7b89fc_0000000087948,7,134.28168,92.0802
5dbc1d84c1eb61796cf7c010_dbc4e9263d1a2efd4b7b89fc_0000000091209,7,134.28168,92.0802
5dbc1d84c1eb61796cf7c010_dbc4e9263d1a2efd4b7b89fc_0000000102063,7,145.526,82.62135
5dbc1d84c1eb61796cf7c010_dbc4e9263d1a2efd4b7b89fc_0000000105852,7,145.526,82.62135
5dbc1d84c1eb61796cf7c010_dbc4e9263d1a2efd4b7b89fc_0000000111494,7,150.79963999999998,82.22014
5dbc1d84c1eb61796cf7c010_dbc4e9263d1a2efd4b7b89fc_0000000115405,7,153.58057,75.90334
5dbc1d84c1eb61796cf7c010_dbc4e9263d1a2efd4b7b89fc_0000000120986,7,158.31744,75.8354
5dbc1d84c1eb61796cf7c010_dbc4e9263d1a2efd4b7b89fc_0000000124935,7,158.31744,75.8354
5dbc1d84c1eb61796cf7c010_dbc4e9263d1a2efd4b7b89fc_0000000129071,7,158.31744,75.8354
5dbc1d84c1eb61796cf7c010_dbc4e9263d1a2efd4b7b89fc_0000000133284,7,158.31744,75.8354
5dbc1d84c1eb61796cf7c010_e2183337d2df7034a6c80cf3_0000000000011,6,85.17025,87.26595
5dbc1d84c1eb61796cf7c010_e2183337d2df7034a6c80cf3_0000000002468,6,87.74016,86.0199
5dbc1d84c1eb61796cf7c010_e2183337d2df7034a6c80cf3_0000000009718,6,90.22772,92.85721
5dbc1d84c1eb61796cf7c010_e2183337d2df7034a6c80cf3_0000000014406,6,95.91275,95.8451
5dbc1d84c1eb61796cf7c010_e2183337d2df7034a6c80cf3_0000000017203,6,95.48488,99.31405
5dbc1d84c1eb61796cf7c010_e2183337d2df7034a6c80cf3_0000000023208,6,102.36466,103.676056
5dbc1d84c1eb61796cf7c010_e2183337d2df7034a6c80cf3_0000000026662,6,102.36466,103.676056
5dbc1d84c1eb61796cf7c010_e2183337d2df7034a6c80cf3_0000000035085,6,108.45158,104.42122
5dbc1d84c1eb61796cf7c010_e2183337d2df7034a6c80cf3_0000000038458,6,108.38681,107.33778999999998
5dbc1d84c1eb61796cf7c010_e2183337d2df7034a6c80cf3_0000000047617,6,118.89437,106.66287
5dbc1d84c1eb61796cf7c010_e2183337d2df7034a6c80cf3_0000000051121,6,118.989685,109.16661
5dbc1d84c1eb61796cf7c010_e2183337d2df7034a6c80cf3_0000000055435,6,116.0,110.0
5dbc1d84c1eb61796cf7c010_e2183337d2df7034a6c80cf3_0000000060835,6,118.89437,106.66287
5dbc1d84c1eb61796cf7c010_e2183337d2df7034a6c80cf3_0000000065696,6,118.89437,106.66287
5dbc1d84c1eb61796cf7c010_e2183337d2df7034a6c80cf3_0000000075917,6,127.82536,99.9382
5dbc1d84c1eb61796cf7c010_e2183337d2df7034a6c80cf3_0000000085773,6,137.87971000000002,92.85053
5dbc1d84c1eb61796cf7c010_e6fcb043744edde3b9f0559b_0000000000007,4,43.238552,116.53592
5dbc1d84c1eb61796cf7c010_e6fcb043744edde3b9f0559b_0000000002719,4,44.087727,118.554375
5dbc1d84c1eb61796cf7c010_e6fcb043744edde3b9f0559b_0000000007105,4,46.733944,125.04036
5dbc1d84c1eb61796cf7c010_e6fcb043744edde3b9f0559b_0000000010299,4,46.733944,125.04036
5dbc1d84c1eb61796cf7c010_e6fcb043744edde3b9f0559b_0000000017198,4,48.976852,132.89076
5dbc1d84c1eb61796cf7c010_e6fcb043744edde3b9f0559b_0000000020046,4,48.976852,132.89076
5dbc1d84c1eb61796cf7c010_e6fcb043744edde3b9f0559b_0000000025311,4,55.665066,139.05795
5dbc1d84c1eb61796cf7c010_e6fcb043744edde3b9f0559b_0000000028143,4,53.677963,138.89278000000002
5dbc1d84c1eb61796cf7c010_e6fcb043744edde3b9f0559b_0000000035416,4,45.206482,146.5659
5dbc1d84c1eb61796cf7c010_e6fcb043744edde3b9f0559b_0000000037774,4,45.206482,146.5659
5dbc1d84c1eb61796cf7c010_e6fcb043744edde3b9f0559b_0000000044876,4,47.5,151.5
5dbc1d84c1eb61796cf7c010_e6fcb043744edde3b9f0559b_0000000046994,4,50.186054,154.96025
5dbc1d84c1eb61796cf7c010_e6fcb043744edde3b9f0559b_0000000052218,4,55.329533,152.45593
5dbc1d84c1eb61796cf7c010_e6fcb043744edde3b9f0559b_0000000054153,4,55.329533,152.45593
5dbc1d84c1eb61796cf7c010_e6fcb043744edde3b9f0559b_0000000061479,4,60.62731,159.03374
5dbc1d84c1eb61796cf7c010_e6fcb043744edde3b9f0559b_0000000063419,4,61.248142,161.54352
5dbc1d84c1eb61796cf7c010_e6fcb043744edde3b9f0559b_0000000067778,4,65.99118,165.78465
5dbc1d84c1eb61796cf7c010_e6fcb043744edde3b9f0559b_0000000070377,4,68.47367,164.98195
5dbc1d84c1eb61796cf7c010_e6fcb043744edde3b9f0559b_0000000077706,4,74.559296,176.29208
5dbc1d84c1eb61796cf7c010_e6fcb043744edde3b9f0559b_0000000080503,4,74.559296,176.29208
5dbc1d84c1eb61796cf7c010_e6fcb043744edde3b9f0559b_0000000086618,4,74.166756,177.92792
5dbc1d84c1eb61796cf7c010_e6fcb043744edde3b9f0559b_0000000089380,4,74.166756,177.92792
5dbc1d84c1eb61796cf7c010_e6fcb043744edde3b9f0559b_0000000092427,4,74.166756,177.92792
5dbc1d84c1eb61796cf7c010_e6fcb043744edde3b9f0559b_0000000095453,4,74.166756,177.92792
5dbc1d84c1eb61796cf7c010_e70ce41f2b7ce9cdb7045972_0000000000010,6,197.54128,76.48756
5dbc1d84c1eb61796cf7c010_e70ce41f2b7ce9cdb7045972_0000000006326,6,206.02043,68.37419
5dbc1d84c1eb61796cf7c010_e70ce41f2b7ce9cdb7045972_0000000008761,6,206.02043,68.37419
5dbc1d84c1eb61796cf7c010_e70ce41f2b7ce9cdb7045972_0000000013550,6,210.94069,62.62455
5dbc1d84c1eb61796cf7c010_e70ce41f2b7ce9cdb7045972_0000000016313,6,210.94069,62.62455
5dbc1d84c1eb61796cf7c010_e70ce41f2b7ce9cdb7045972_0000000019656,6,210.94069,62.62455
5dbc1d84c1eb61796cf7c010_e70ce41f2b7ce9cdb7045972_0000000022293,6,210.94069,62.62455
5dbc1d84c1eb61796cf7c010_e70ce41f2b7ce9cdb7045972_0000000031198,6,206.02043,68.37419
5dbc1d84c1eb61796cf7c010_e70ce41f2b7ce9cdb7045972_0000000037272,6,197.54128,76.48756
5dbc1d84c1eb61796cf7c010_e70ce41f2b7ce9cdb7045972_0000000043077,6,193.89731,82.06302
5dbc1d84c1eb61796cf7c010_e70ce41f2b7ce9cdb7045972_0000000047728,6,189.69647,88.42023
5dbc1d84c1eb61796cf7c010_e70ce41f2b7ce9cdb7045972_0000000053283,6,185.13583,85.53801
5dbc1d84c1eb61796cf7c010_e70ce41f2b7ce9cdb7045972_0000000059947,6,178.92978,90.7013
5dbc1d84c1eb61796cf7c010_e8ed3f22ef83d9515ce36e8f_0000000000008,1,55.972416,67.83698000000001
5dbc1d84c1eb61796cf7c010_e8ed3f22ef83d9515ce36e8f_0000000002442,1,55.98232,65.39877
5dbc1d84c1eb61796cf7c010_e8ed3f22ef83d9515ce36e8f_0000000008933,1,62.305134,61.61133
5dbc1d84c1eb61796cf7c010_e8ed3f22ef83d9515ce36e8f_0000000013618,1,66.202515,56.499264
5dbc1d84c1eb61796cf7c010_e8ed3f22ef83d9515ce36e8f_0000000016205,1,69.23981500000001,56.675922
5dbc1d84c1eb61796cf7c010_e8ed3f22ef83d9515ce36e8f_0000000027473,1,60.13395,45.553135
5dbc1d84c1eb61796cf7c010_e8ed3f22ef83d9515ce36e8f_0000000033939,1,50.78473,44.00542
5dbc1d84c1eb61796cf7c010_e8ed3f22ef83d9515ce36e8f_0000000041256,1,40.718594,42.726643
5dbc1d84c1eb61796cf7c010_e8ed3f22ef83d9515ce36e8f_0000000050326,1,27.853582,40.749123
5dbc1d84c1eb61796cf7c010_e8ed3f22ef83d9515ce36e8f_0000000054952,1,22.438417,38.251724
5dbc1d84c1eb61796cf7c010_e8ed3f22ef83d9515ce36e8f_0000000059826,1,22.438417,38.251724
5dbc1d84c1eb61796cf7c010_e8ed3f22ef83d9515ce36e8f_0000000062778,1,21.772358,40.654335
5dbc1d84c1eb61796cf7c010_e8ed3f22ef83d9515ce36e8f_0000000066875,1,16.181316,46.22957
5dbc1d84c1eb61796cf7c010_e8ed3f22ef83d9515ce36e8f_0000000069691,1,16.181316,46.22957
5dbc1d84c1eb61796cf7c010_e8ed3f22ef83d9515ce36e8f_0000000076273,1,25.61993,41.987152
5dbc1d84c1eb61796cf7c010_e8ed3f22ef83d9515ce36e8f_0000000079169,1,25.61993,41.987152
5dbc1d84c1eb61796cf7c010_e8ed3f22ef83d9515ce36e8f_0000000084460,1,23.181948,45.7017
5dbc1d84c1eb61796cf7c010_e8ed3f22ef83d9515ce36e8f_0000000087244,1,23.181948,45.7017
5dbc1d84c1eb61796cf7c010_ea0f8a9d4c8009cb6ee8f738_0000000000008,3,215.22508,77.516335
5dbc1d84c1eb61796cf7c010_ea0f8a9d4c8009cb6ee8f738_0000000005784,3,220.98146,70.29462
5dbc1d84c1eb61796cf7c010_ea0f8a9d4c8009cb6ee8f738_0000000014479,3,218.37943,60.628696
5dbc1d84c1eb61796cf7c010_ea0f8a9d4c8009cb6ee8f738_0000000018422,3,213.00711,59.08975
5dbc1d84c1eb61796cf7c010_ea0f8a9d4c8009cb6ee8f738_0000000022690,3,213.00711,59.08975
5dbc1d84c1eb61796cf7c010_ea0f8a9d4c8009cb6ee8f738_0000000028306,3,203.57603,50.029438
5dbc1d84c1eb61796cf7c010_ea0f8a9d4c8009cb6ee8f738_0000000032526,3,203.57603,50.029438
5dbc1d84c1eb61796cf7c010_ea0f8a9d4c8009cb6ee8f738_0000000039091,3,195.89664,51.864933
5dbc1d84c1eb61796cf7c010_ea0f8a9d4c8009cb6ee8f738_0000000042710,3,192.11792,52.925636
5dbc1d84c1eb61796cf7c010_ea0f8a9d4c8009cb6ee8f738_0000000050365,3,187.10785,62.11030600000001
5dbc1d84c1eb61796cf7c010_ea0f8a9d4c8009cb6ee8f738_0000000058149,3,178.9508,69.46844
5dbc1d84c1eb61796cf7c010_ea0f8a9d4c8009cb6ee8f738_0000000061101,3,178.96472,72.99828000000001
5dbc1d84c1eb61796cf7c010_ea0f8a9d4c8009cb6ee8f738_0000000066016,3,178.66977,79.09889
5dbc1d84c1eb61796cf7c010_ea0f8a9d4c8009cb6ee8f738_0000000069855,3,180.47353,83.03392
5dbc1d84c1eb61796cf7c010_ea0f8a9d4c8009cb6ee8f738_0000000074216,3,179.96909,88.25242
5dbc1d84c1eb61796cf7c010_ea0f8a9d4c8009cb6ee8f738_0000000079164,3,181.23286,93.19707
5dbc1d84c1eb61796cf7c010_ea0f8a9d4c8009cb6ee8f738_0000000088895,3,179.96909,88.25242
5dbc1d84c1eb61796cf7c010_eb4de03a42f451c11ffec60c_0000000000013,3,83.40753000000001,82.44645
5dbc1d84c1eb61796cf7c010_eb4de03a42f451c11ffec60c_0000000007420,3,79.74306999999999,69.63920999999999
5dbc1d84c1eb61796cf7c010_eb4de03a42f451c11ffec60c_0000000010504,3,76.10014,67.55774
5dbc1d84c1eb61796cf7c010_eb4de03a42f451c11ffec60c_0000000016532,3,71.89556999999999,60.426888
5dbc1d84c1eb61796cf7c010_eb4de03a42f451c11ffec60c_0000000019867,3,67.8515,57.75819
5dbc1d84c1eb61796cf7c010_eb4de03a42f451c11ffec60c_0000000021931,3,67.0718,55.225407
5dbc1d84c1eb61796cf7c010_eb4de03a42f451c11ffec60c_0000000028842,3,59.338837,47.258434
5dbc1d84c1eb61796cf7c010_eb4de03a42f451c11ffec60c_0000000032373,3,58.066616,43.8402
5dbc1d84c1eb61796cf7c010_eb4de03a42f451c11ffec60c_0000000037904,3,49.96228,44.059517
5dbc1d84c1eb61796cf7c010_eb4de03a42f451c11ffec60c_0000000042183,3,44.756767,41.80316
5dbc1d84c1eb61796cf7c010_eb4de03a42f451c11ffec60c_0000000047501,3,36.48924,42.258205
5dbc1d84c1eb61796cf7c010_eb4de03a42f451c11ffec60c_0000000054528,3,27.109417,41.508137
5dbc1d84c1eb61796cf7c010_eb4de03a42f451c11ffec60c_0000000059800,3,21.76887,44.073822
5dbc1d84c1eb61796cf7c010_eb4de03a42f451c11ffec60c_0000000062358,3,23.293886,45.38076
5dbc1d84c1eb61796cf7c010_eb4de03a42f451c11ffec60c_0000000067567,3,27.802643,49.07088
5dbc1d84c1eb61796cf7c010_eb4de03a42f451c11ffec60c_0000000077221,3,30.744822,53.14284
5dbc1d84c1eb61796cf7c010_eb4de03a42f451c11ffec60c_0000000081800,3,30.744822,53.14284
5dbc1d84c1eb61796cf7c010_eb4de03a42f451c11ffec60c_0000000085161,3,30.744822,53.14284
5dbc1d84c1eb61796cf7c010_eb4de03a42f451c11ffec60c_0000000095775,3,27.802643,49.07088
5dbc1d84c1eb61796cf7c010_eb4de03a42f451c11ffec60c_0000000102502,3,23.293886,45.38076
5dbc1d84c1eb61796cf7c010_ee1f4765f6d48f2d405b52ba_0000000000009,4,122.21929,89.61003000000001
5dbc1d84c1eb61796cf7c010_ee1f4765f6d48f2d405b52ba_0000000002557,4,122.21929,89.61003000000001
5dbc1d84c1eb61796cf7c010_ee1f4765f6d48f2d405b52ba_0000000005958,4,122.21929,89.61003000000001
5dbc1d84c1eb61796cf7c010_ee1f4765f6d48f2d405b52ba_0000000013509,4,126.25191,96.57718
5dbc1d84c1eb61796cf7c010_ee1f4765f6d48f2d405b52ba_0000000016286,4,123.97594,95.95513
5dbc1d84c1eb61796cf7c010_ee1f4765f6d48f2d405b52ba_0000000023224,4,119.36319,102.72997
5dbc1d84c1eb61796cf7c010_ee1f4765f6d48f2d405b52ba_0000000026438,4,117.00502,99.74806
5dbc1d84c1eb61796cf7c010_ee1f4765f6d48f2d405b52ba_0000000031448,4,111.92932,101.577545
5dbc1d84c1eb61796cf7c010_ee1f4765f6d48f2d405b52ba_0000000033959,4,110.813675,103.72367
5dbc1d84c1eb61796cf7c010_ee1f4765f6d48f2d405b52ba_0000000039654,4,104.494026,100.60191
5dbc1d84c1eb61796cf7c010_ee1f4765f6d48f2d405b52ba_0000000042995,4,103.27632,101.994804
5dbc1d84c1eb61796cf7c010_ee1f4765f6d48f2d405b52ba_0000000045047,4,103.27632,101.994804
5dbc1d84c1eb61796cf7c010_ee1f4765f6d48f2d405b52ba_0000000054126,4,98.39794,89.95926
5dbc1d84c1eb61796cf7c010_ee1f4765f6d48f2d405b52ba_0000000056835,4,97.038895,91.407486
5dbc1d84c1eb61796cf7c010_ee1f4765f6d48f2d405b52ba_0000000059615,4,95.64355,92.95984
5dbc1d84c1eb61796cf7c010_ee1f4765f6d48f2d405b52ba_0000000065633,4,91.69661,85.05144
5dbc1d84c1eb61796cf7c010_ee1f4765f6d48f2d405b52ba_0000000069736,4,91.69661,85.05144
5dbc1d84c1eb61796cf7c010_ef20280811313a39e58e3a08_0000000000010,4,128.28607,137.65601999999998
5dbc1d84c1eb61796cf7c010_ef20280811313a39e58e3a08_0000000005407,4,123.565216,138.56705
5dbc1d84c1eb61796cf7c010_ef20280811313a39e58e3a08_0000000009624,4,121.784874,129.951
5dbc1d84c1eb61796cf7c010_ef20280811313a39e58e3a08_0000000012538,4,114.47108500000002,126.5298
5dbc1d84c1eb61796cf7c010_ef20280811313a39e58e3a08_0000000018521,4,110.5,122.5
5dbc1d84c1eb61796cf7c010_ef20280811313a39e58e3a08_0000000020490,4,110.5,122.5
5dbc1d84c1eb61796cf7c010_ef20280811313a39e58e3a08_0000000025268,4,110.00015,117.68416
5dbc1d84c1eb61796cf7c010_ef20280811313a39e58e3a08_0000000032612,4,117.0,110.0
5dbc1d84c1eb61796cf7c010_ef20280811313a39e58e3a08_0000000035192,4,121.5,111.5
5dbc1d84c1eb61796cf7c010_ef20280811313a39e58e3a08_0000000039626,4,119.61594,105.90581
5dbc1d84c1eb61796cf7c010_ef20280811313a39e58e3a08_0000000045026,4,117.0,110.0
5dbc1d84c1eb61796cf7c010_ef20280811313a39e58e3a08_0000000047387,4,121.5,111.5
5dbc1d84c1eb61796cf7c010_ef20280811313a39e58e3a08_0000000055162,4,112.5,121.0
5dbc1d84c1eb61796cf7c010_ef20280811313a39e58e3a08_0000000059823,4,110.5,122.5
5dbc1d84c1eb61796cf7c010_ef20280811313a39e58e3a08_0000000065376,4,110.00015,117.68416
5dbc1d84c1eb61796cf7c010_ef20280811313a39e58e3a08_0000000068236,4,113.0,113.5
5dbc1d84c1eb61796cf7c010_ef20280811313a39e58e3a08_0000000073049,4,117.0,110.0
5dbc1d84c1eb61796cf7c010_ef848c8ded4aed6c886ceaf8_0000000000012,7,84.40068000000001,171.90544
5dbc1d84c1eb61796cf7c010_ef848c8ded4aed6c886ceaf8_0000000005619,7,87.85949000000001,161.13173
5dbc1d84c1eb61796cf7c010_ef848c8ded4aed6c886ceaf8_0000000008630,7,83.3765,153.27461
5dbc1d84c1eb61796cf7c010_ef848c8ded4aed6c886ceaf8_0000000014902,7,84.35194399999999,150.29764
5dbc1d84c1eb61796cf7c010_ef848c8ded4aed6c886ceaf8_0000000017908,7,84.35194399999999,150.29764
5dbc1d84c1eb61796cf7c010_ef848c8ded4aed6c886ceaf8_0000000021444,7,81.924904,142.6652
5dbc1d84c1eb61796cf7c010_ef848c8ded4aed6c886ceaf8_0000000024747,7,89.01380999999999,138.23073
5dbc1d84c1eb61796cf7c010_ef848c8ded4aed6c886ceaf8_0000000032435,7,87.11013,135.57346
5dbc1d84c1eb61796cf7c010_ef848c8ded4aed6c886ceaf8_0000000038463,7,93.0818,135.81963000000002
5dbc1d84c1eb61796cf7c010_ef848c8ded4aed6c886ceaf8_0000000041795,7,100.89995,137.28638999999998
5dbc1d84c1eb61796cf7c010_ef848c8ded4aed6c886ceaf8_0000000044368,7,100.89995,137.28638999999998
5dbc1d84c1eb61796cf7c010_ef848c8ded4aed6c886ceaf8_0000000050080,7,103.395676,140.2304
5dbc1d84c1eb61796cf7c010_ef848c8ded4aed6c886ceaf8_0000000052719,7,108.8904,139.14296000000002
5dbc1d84c1eb61796cf7c010_ef848c8ded4aed6c886ceaf8_0000000055934,7,108.8904,139.14296000000002
5dbc1d84c1eb61796cf7c010_ef848c8ded4aed6c886ceaf8_0000000058926,7,112.74559,141.5129
5dbc1d84c1eb61796cf7c010_ef848c8ded4aed6c886ceaf8_0000000060762,7,114.48633,139.33269
5dbc1d84c1eb61796cf7c010_ef848c8ded4aed6c886ceaf8_0000000066718,7,124.07413,141.63821000000002
5dbc1d84c1eb61796cf7c010_ef848c8ded4aed6c886ceaf8_0000000069063,7,126.73384,145.30813999999998
5dbc1d84c1eb61796cf7c010_ef848c8ded4aed6c886ceaf8_0000000085899,7,112.74559,141.5129
5dbc1d84c1eb61796cf7c010_f8d84977825b44af9aa220c4_0000000000009,2,59.040462,106.021675
5dbc1d84c1eb61796cf7c010_f8d84977825b44af9aa220c4_0000000002728,2,56.791927,105.088005
5dbc1d84c1eb61796cf7c010_f8d84977825b44af9aa220c4_0000000007794,2,50.589077,110.528946
5dbc1d84c1eb61796cf7c010_f8d84977825b44af9aa220c4_0000000011678,2,47.053036,114.91233
5dbc1d84c1eb61796cf7c010_f8d84977825b44af9aa220c4_0000000018403,2,41.235043,118.05284
5dbc1d84c1eb61796cf7c010_f8d84977825b44af9aa220c4_0000000027704,2,30.661818,112.43304
5dbc1d84c1eb61796cf7c010_f8d84977825b44af9aa220c4_0000000030154,2,30.661818,112.43304
5dbc1d84c1eb61796cf7c010_f8d84977825b44af9aa220c4_0000000034951,2,30.661818,112.43304
5dbc1d84c1eb61796cf7c010_f8d84977825b44af9aa220c4_0000000037332,2,29.439293,115.5192
5dbc1d84c1eb61796cf7c010_f8d84977825b44af9aa220c4_0000000047259,2,23.912523,103.03468
5dbc1d84c1eb61796cf7c010_f8d84977825b44af9aa220c4_0000000053015,2,20.40457,95.36139
5dbc1d84c1eb61796cf7c010_f8d84977825b44af9aa220c4_0000000060342,2,18.362452,85.39095
5dbc1d84c1eb61796cf7c010_f8d84977825b44af9aa220c4_0000000066282,2,22.274977,82.42538
5dbc1d84c1eb61796cf7c010_f8d84977825b44af9aa220c4_0000000070355,2,22.274977,82.42538
5dbc1d84c1eb61796cf7c010_f8d84977825b44af9aa220c4_0000000075198,2,18.362452,85.39095
5dbc1d84c1eb61796cf7c010_f8d84977825b44af9aa220c4_0000000078052,2,18.362452,85.39095
5dbc1d84c1eb61796cf7c010_f8d84977825b44af9aa220c4_0000000084971,2,22.274977,82.42538
5dbc1d84c1eb61796cf7c010_f8d84977825b44af9aa220c4_0000000088044,2,22.274977,82.42538
5dbc1d84c1eb61796cf7c010_fbd3c96ffd27e8384d298406_0000000000007,3,169.56538,73.31841999999999
5dbc1d84c1eb61796cf7c010_fbd3c96ffd27e8384d298406_0000000002159,3,169.56538,73.31841999999999
5dbc1d84c1eb61796cf7c010_fbd3c96ffd27e8384d298406_0000000005203,3,169.56538,73.31841999999999
5dbc1d84c1eb61796cf7c010_fbd3c96ffd27e8384d298406_0000000014619,3,176.00037,80.057365
5dbc1d84c1eb61796cf7c010_fbd3c96ffd27e8384d298406_0000000019501,3,176.00037,80.057365
5dbc1d84c1eb61796cf7c010_fbd3c96ffd27e8384d298406_0000000023323,3,172.03078,83.23382600000001
5dbc1d84c1eb61796cf7c010_fbd3c96ffd27e8384d298406_0000000031802,3,160.47488,87.063934
5dbc1d84c1eb61796cf7c010_fbd3c96ffd27e8384d298406_0000000040503,3,155.14735,79.88226999999999
5dbc1d84c1eb61796cf7c010_fbd3c96ffd27e8384d298406_0000000047047,3,149.73825,73.57463
5dbc1d84c1eb61796cf7c010_fbd3c96ffd27e8384d298406_0000000049575,3,149.73825,73.57463
5dbc1d84c1eb61796cf7c010_fbd3c96ffd27e8384d298406_0000000051760,3,152.45369,70.55508
5dbc1d84c1eb61796cf7c010_fbd3c96ffd27e8384d298406_0000000054291,3,154.1576,70.116325
5dbc1d84c1eb61796cf7c010_fbd3c96ffd27e8384d298406_0000000061854,3,157.4365,76.44891
5dbc1d84c1eb61796cf7c010_fbd3c96ffd27e8384d298406_0000000068226,3,165.87604,82.49831999999999
5dbc1d84c1eb61796cf7c010_fbd3c96ffd27e8384d298406_0000000075786,3,157.4365,76.44891
5dbc1d84c1eb61796cf7c010_fbd3c96ffd27e8384d298406_0000000081459,3,154.1576,70.116325
5dbc1d84c1eb61796cf7c010_fd76cacb0312c4bd96701f09_0000000000008,1,85.117714,171.08958
5dbc1d84c1eb61796cf7c010_fd76cacb0312c4bd96701f09_0000000001782,1,85.117714,171.08958
5dbc1d84c1eb61796cf7c010_fd76cacb0312c4bd96701f09_0000000012685,1,73.81508000000001,176.89015
5dbc1d84c1eb61796cf7c010_fd76cacb0312c4bd96701f09_0000000024075,1,67.10924,168.48254
5dbc1d84c1eb61796cf7c010_fd76cacb0312c4bd96701f09_0000000029800,1,62.459473,162.51058999999998
5dbc1d84c1eb61796cf7c010_fd76cacb0312c4bd96701f09_0000000035849,1,56.519558,156.07355
5dbc1d84c1eb61796cf7c010_fd76cacb0312c4bd96701f09_0000000045443,1,47.63072,144.72006000000002
5dbc1d84c1eb61796cf7c010_fd76cacb0312c4bd96701f09_0000000048456,1,49.471943,145.3811
5dbc1d84c1eb61796cf7c010_fd76cacb0312c4bd96701f09_0000000055436,1,56.069855,152.01083
5dbc1d84c1eb61796cf7c010_fd76cacb0312c4bd96701f09_0000000060871,1,61.005222,158.28125
5dbc1d84c1eb61796cf7c010_fd76cacb0312c4bd96701f09_0000000067071,1,66.69289,165.42838999999998
5dbc1d84c1eb61796cf7c010_fd76cacb0312c4bd96701f09_0000000071179,1,69.85996999999999,170.76693999999998
5dbc1d84c1eb61796cf7c010_fd76cacb0312c4bd96701f09_0000000077091,1,75.97814,177.60214
5dc8cea7659e181adb076a3f_068e4f6926e78ff6d338d2cc_0000000000008,6,171.53001,145.22173999999998
5dc8cea7659e181adb076a3f_068e4f6926e78ff6d338d2cc_0000000003114,6,164.57843,144.97064
5dc8cea7659e181adb076a3f_068e4f6926e78ff6d338d2cc_0000000005522,6,164.93743999999998,138.8484
5dc8cea7659e181adb076a3f_068e4f6926e78ff6d338d2cc_0000000008223,6,164.93743999999998,138.8484
5dc8cea7659e181adb076a3f_068e4f6926e78ff6d338d2cc_0000000013143,6,164.93743999999998,138.8484
5dc8cea7659e181adb076a3f_068e4f6926e78ff6d338d2cc_0000000019651,6,166.80711000000002,146.46088
5dc8cea7659e181adb076a3f_068e4f6926e78ff6d338d2cc_0000000024179,6,164.57843,144.97064
5dc8cea7659e181adb076a3f_068e4f6926e78ff6d338d2cc_0000000032725,6,172.96503,143.68303
5dc8cea7659e181adb076a3f_068e4f6926e78ff6d338d2cc_0000000040244,6,170.53914,146.66695
5dc8cea7659e181adb076a3f_068e4f6926e78ff6d338d2cc_0000000043815,6,169.12717,148.13834
5dc8cea7659e181adb076a3f_068e4f6926e78ff6d338d2cc_0000000052600,6,172.96503,143.68303
5dc8cea7659e181adb076a3f_068e4f6926e78ff6d338d2cc_0000000060237,6,166.60981999999998,137.43724
5dc8cea7659e181adb076a3f_068e4f6926e78ff6d338d2cc_0000000062986,6,166.60981999999998,137.43724
5dc8cea7659e181adb076a3f_068e4f6926e78ff6d338d2cc_0000000064849,6,166.60981999999998,137.43724
5dc8cea7659e181adb076a3f_068e4f6926e78ff6d338d2cc_0000000067224,6,164.93743999999998,138.8484
5dc8cea7659e181adb076a3f_068e4f6926e78ff6d338d2cc_0000000076427,6,159.44937,132.72475
5dc8cea7659e181adb076a3f_068e4f6926e78ff6d338d2cc_0000000079143,6,157.43286,133.48868000000002
5dc8cea7659e181adb076a3f_068e4f6926e78ff6d338d2cc_0000000080918,6,157.43286,133.48868000000002
5dc8cea7659e181adb076a3f_068e4f6926e78ff6d338d2cc_0000000082830,6,157.43286,133.48868000000002
5dc8cea7659e181adb076a3f_068e4f6926e78ff6d338d2cc_0000000093080,6,151.31555,129.34349
5dc8cea7659e181adb076a3f_068e4f6926e78ff6d338d2cc_0000000096327,6,151.31555,129.34349
5dc8cea7659e181adb076a3f_068e4f6926e78ff6d338d2cc_0000000102271,6,151.31555,129.34349
5dc8cea7659e181adb076a3f_068e4f6926e78ff6d338d2cc_0000000110504,6,157.43286,133.48868000000002
5dc8cea7659e181adb076a3f_178d893e0fd1457ad7fdadd6_0000000000010,0,106.63061,107.29946
5dc8cea7659e181adb076a3f_178d893e0fd1457ad7fdadd6_0000000005071,0,110.89527,103.71915
5dc8cea7659e181adb076a3f_178d893e0fd1457ad7fdadd6_0000000008232,0,112.10786,98.508675
5dc8cea7659e181adb076a3f_178d893e0fd1457ad7fdadd6_0000000012258,0,114.81151,95.31768
5dc8cea7659e181adb076a3f_178d893e0fd1457ad7fdadd6_0000000015199,0,117.6106,89.36411
5dc8cea7659e181adb076a3f_178d893e0fd1457ad7fdadd6_0000000018077,0,120.15167,86.12942
5dc8cea7659e181adb076a3f_178d893e0fd1457ad7fdadd6_0000000024266,0,119.175606,84.180176
5dc8cea7659e181adb076a3f_178d893e0fd1457ad7fdadd6_0000000031055,0,120.76522,76.1364
5dc8cea7659e181adb076a3f_178d893e0fd1457ad7fdadd6_0000000034051,0,120.76522,76.1364
5dc8cea7659e181adb076a3f_178d893e0fd1457ad7fdadd6_0000000041301,0,123.72928,76.7718
5dc8cea7659e181adb076a3f_178d893e0fd1457ad7fdadd6_0000000047773,0,124.70879,85.65514
5dc8cea7659e181adb076a3f_178d893e0fd1457ad7fdadd6_0000000053676,0,120.15167,86.12942
5dc8cea7659e181adb076a3f_178d893e0fd1457ad7fdadd6_0000000060456,0,120.76522,76.1364
5dc8cea7659e181adb076a3f_178d893e0fd1457ad7fdadd6_0000000068649,0,123.31252,65.38669
5dc8cea7659e181adb076a3f_178d893e0fd1457ad7fdadd6_0000000072162,0,123.31252,65.38669
5dc8cea7659e181adb076a3f_52dc57274881463626784b21_0000000000010,3,211.14648,110.83957
5dc8cea7659e181adb076a3f_52dc57274881463626784b21_0000000002993,3,211.14648,110.83957
5dc8cea7659e181adb076a3f_52dc57274881463626784b21_0000000006003,3,208.67703,111.03844
5dc8cea7659e181adb076a3f_52dc57274881463626784b21_0000000013902,3,203.4117,118.48915
5dc8cea7659e181adb076a3f_52dc57274881463626784b21_0000000016335,3,203.4117,118.48915
5dc8cea7659e181adb076a3f_52dc57274881463626784b21_0000000024071,3,195.05663,128.32425
5dc8cea7659e181adb076a3f_52dc57274881463626784b21_0000000032122,3,195.06691,119.410484
5dc8cea7659e181adb076a3f_52dc57274881463626784b21_0000000037061,3,191.0783,117.182144
5dc8cea7659e181adb076a3f_52dc57274881463626784b21_0000000041485,3,188.6855,114.80309
5dc8cea7659e181adb076a3f_52dc57274881463626784b21_0000000044749,3,191.75656,113.74288
5dc8cea7659e181adb076a3f_52dc57274881463626784b21_0000000049873,3,198.86894,106.19192
5dc8cea7659e181adb076a3f_52dc57274881463626784b21_0000000052588,3,198.86894,106.19192
5dc8cea7659e181adb076a3f_52dc57274881463626784b21_0000000054661,3,201.48961,104.79116
5dc8cea7659e181adb076a3f_52dc57274881463626784b21_0000000058567,3,203.4807,100.47617
5dc8cea7659e181adb076a3f_52dc57274881463626784b21_0000000063984,3,206.29575,95.31522
5dc8cea7659e181adb076a3f_52dc57274881463626784b21_0000000067002,3,208.38869,92.62557
5dc8cea7659e181adb076a3f_52dc57274881463626784b21_0000000070389,3,210.05763,88.578415
5dc8cea7659e181adb076a3f_52dc57274881463626784b21_0000000073391,3,212.06038,85.815
5dc8cea7659e181adb076a3f_52dc57274881463626784b21_0000000076735,3,213.18556,81.40756
5dc8cea7659e181adb076a3f_52dc57274881463626784b21_0000000078978,3,215.1296,80.34026999999999
5dc8cea7659e181adb076a3f_52dc57274881463626784b21_0000000084426,3,217.80176,73.39976999999999
5dc8cea7659e181adb076a3f_52dc57274881463626784b21_0000000091448,3,224.5004,65.58482
5dc8cea7659e181adb076a3f_52dc57274881463626784b21_0000000094860,3,220.83398,66.368225
5dc8cea7659e181adb076a3f_536f7b36d89b921511f4fdc1_0000000000008,2,33.684490000000004,67.60526999999999
5dc8cea7659e181adb076a3f_536f7b36d89b921511f4fdc1_0000000006022,2,30.624462,77.50339
5dc8cea7659e181adb076a3f_536f7b36d89b921511f4fdc1_0000000008912,2,21.488413,78.47619
5dc8cea7659e181adb076a3f_536f7b36d89b921511f4fdc1_0000000016692,2,19.244429,81.79899
5dc8cea7659e181adb076a3f_536f7b36d89b921511f4fdc1_0000000022305,2,10.054796,85.56878
5dc8cea7659e181adb076a3f_536f7b36d89b921511f4fdc1_0000000028396,2,17.751451,84.854
5dc8cea7659e181adb076a3f_536f7b36d89b921511f4fdc1_0000000030744,2,19.244429,81.79899
5dc8cea7659e181adb076a3f_536f7b36d89b921511f4fdc1_0000000038084,2,23.229492,74.90212
5dc8cea7659e181adb076a3f_536f7b36d89b921511f4fdc1_0000000042790,2,26.084412,72.65677
5dc8cea7659e181adb076a3f_536f7b36d89b921511f4fdc1_0000000050542,2,21.488413,78.47619
5dc8cea7659e181adb076a3f_536f7b36d89b921511f4fdc1_0000000054470,2,19.244429,81.79899
5dc8cea7659e181adb076a3f_536f7b36d89b921511f4fdc1_0000000061706,2,10.054796,85.56878
5dc8cea7659e181adb076a3f_559b85f5e7c3de56619c8853_0000000000015,4,194.73718,75.98623
5dc8cea7659e181adb076a3f_559b85f5e7c3de56619c8853_0000000003193,4,194.73718,75.98623
5dc8cea7659e181adb076a3f_559b85f5e7c3de56619c8853_0000000007661,4,188.98456,75.73959
5dc8cea7659e181adb076a3f_559b85f5e7c3de56619c8853_0000000012105,4,186.05266,77.30411
5dc8cea7659e181adb076a3f_559b85f5e7c3de56619c8853_0000000017555,4,194.73718,75.98623
5dc8cea7659e181adb076a3f_559b85f5e7c3de56619c8853_0000000021341,4,194.73718,75.98623
5dc8cea7659e181adb076a3f_559b85f5e7c3de56619c8853_0000000027346,4,194.51788,68.95021
5dc8cea7659e181adb076a3f_559b85f5e7c3de56619c8853_0000000034727,4,193.90988,62.318085
5dc8cea7659e181adb076a3f_559b85f5e7c3de56619c8853_0000000038017,4,193.90988,62.318085
5dc8cea7659e181adb076a3f_559b85f5e7c3de56619c8853_0000000040317,4,193.90988,62.318085
5dc8cea7659e181adb076a3f_559b85f5e7c3de56619c8853_0000000046474,4,197.5195,63.554825
5dc8cea7659e181adb076a3f_559b85f5e7c3de56619c8853_0000000054199,4,201.83234,56.164547
5dc8cea7659e181adb076a3f_559b85f5e7c3de56619c8853_0000000057415,4,199.42046,55.671654
5dc8cea7659e181adb076a3f_559b85f5e7c3de56619c8853_0000000059741,4,199.42046,55.671654
5dc8cea7659e181adb076a3f_559b85f5e7c3de56619c8853_0000000068367,4,198.94032,65.15775
5dc8cea7659e181adb076a3f_559b85f5e7c3de56619c8853_0000000080545,4,201.0533,75.10235
5dc8cea7659e181adb076a3f_559b85f5e7c3de56619c8853_0000000085226,4,202.88809,71.80018000000001
5dc8cea7659e181adb076a3f_559b85f5e7c3de56619c8853_0000000094593,4,194.73718,75.98623
5dc8cea7659e181adb076a3f_559b85f5e7c3de56619c8853_0000000099275,4,194.46613,70.9287
5dc8cea7659e181adb076a3f_5694e13f4bb0bac39806b5ae_0000000000027,2,43.21018,76.228775
5dc8cea7659e181adb076a3f_5694e13f4bb0bac39806b5ae_0000000004404,2,43.21018,76.228775
5dc8cea7659e181adb076a3f_5694e13f4bb0bac39806b5ae_0000000008667,2,47.332325,79.66701
5dc8cea7659e181adb076a3f_5694e13f4bb0bac39806b5ae_0000000012210,2,47.332325,79.66701
5dc8cea7659e181adb076a3f_5694e13f4bb0bac39806b5ae_0000000019181,2,58.55638,83.814026
5dc8cea7659e181adb076a3f_5694e13f4bb0bac39806b5ae_0000000021580,2,60.080093000000005,82.44277
5dc8cea7659e181adb076a3f_5694e13f4bb0bac39806b5ae_0000000024550,2,61.69205,80.598206
5dc8cea7659e181adb076a3f_5694e13f4bb0bac39806b5ae_0000000028834,2,64.05187,83.42239000000001
5dc8cea7659e181adb076a3f_5694e13f4bb0bac39806b5ae_0000000033106,2,66.698494,87.61894000000001
5dc8cea7659e181adb076a3f_5694e13f4bb0bac39806b5ae_0000000037122,2,71.42412,86.74831
5dc8cea7659e181adb076a3f_5694e13f4bb0bac39806b5ae_0000000043668,2,74.19954,92.46381
5dc8cea7659e181adb076a3f_5694e13f4bb0bac39806b5ae_0000000049829,2,81.63381,95.36776
5dc8cea7659e181adb076a3f_5694e13f4bb0bac39806b5ae_0000000056493,2,82.23323,98.524055
5dc8cea7659e181adb076a3f_5694e13f4bb0bac39806b5ae_0000000066747,2,75.94498,104.46763
5dc8cea7659e181adb076a3f_5694e13f4bb0bac39806b5ae_0000000069820,2,75.1063,108.607704
5dc8cea7659e181adb076a3f_663ad3a7b78652036aa4290d_0000000000017,3,103.521835,98.34389
5dc8cea7659e181adb076a3f_663ad3a7b78652036aa4290d_0000000003904,3,103.521835,98.34389
5dc8cea7659e181adb076a3f_663ad3a7b78652036aa4290d_0000000010705,3,108.355736,102.72374
5dc8cea7659e181adb076a3f_663ad3a7b78652036aa4290d_0000000016002,3,111.753914,106.17851
5dc8cea7659e181adb076a3f_663ad3a7b78652036aa4290d_0000000019984,3,116.99658,107.38872
5dc8cea7659e181adb076a3f_663ad3a7b78652036aa4290d_0000000023687,3,120.58516000000002,111.59109
5dc8cea7659e181adb076a3f_663ad3a7b78652036aa4290d_0000000027940,3,125.69437,112.18518
5dc8cea7659e181adb076a3f_663ad3a7b78652036aa4290d_0000000032607,3,130.60922,116.12335
5dc8cea7659e181adb076a3f_663ad3a7b78652036aa4290d_0000000035260,3,130.60922,116.12335
5dc8cea7659e181adb076a3f_663ad3a7b78652036aa4290d_0000000042183,3,127.37714,127.22721
5dc8cea7659e181adb076a3f_663ad3a7b78652036aa4290d_0000000047729,3,132.26924,127.43053
5dc8cea7659e181adb076a3f_663ad3a7b78652036aa4290d_0000000057581,3,137.44846,119.55703
5dc8cea7659e181adb076a3f_663ad3a7b78652036aa4290d_0000000061229,3,139.03107,119.70746
5dc8cea7659e181adb076a3f_663ad3a7b78652036aa4290d_0000000073847,3,132.26924,127.43053
5dc8cea7659e181adb076a3f_6e1c6452fd95c2d3e6785f36_0000000000007,3,170.22653,112.27623
5dc8cea7659e181adb076a3f_6e1c6452fd95c2d3e6785f36_0000000006173,3,177.84264,110.990585
5dc8cea7659e181adb076a3f_6e1c6452fd95c2d3e6785f36_0000000011031,3,175.54692,109.05094
5dc8cea7659e181adb076a3f_6e1c6452fd95c2d3e6785f36_0000000017922,3,181.55774,106.83708
5dc8cea7659e181adb076a3f_6e1c6452fd95c2d3e6785f36_0000000025491,3,184.20284,98.93702
5dc8cea7659e181adb076a3f_6e1c6452fd95c2d3e6785f36_0000000031822,3,183.4435,89.7479
5dc8cea7659e181adb076a3f_6e1c6452fd95c2d3e6785f36_0000000038750,3,180.7484,80.75501
5dc8cea7659e181adb076a3f_6e1c6452fd95c2d3e6785f36_0000000040838,3,180.7484,80.75501
5dc8cea7659e181adb076a3f_6e1c6452fd95c2d3e6785f36_0000000047306,3,178.4095,68.552246
5dc8cea7659e181adb076a3f_6e1c6452fd95c2d3e6785f36_0000000052620,3,178.4095,68.552246
5dc8cea7659e181adb076a3f_6e1c6452fd95c2d3e6785f36_0000000058059,3,177.98523,61.893353000000005
5dc8cea7659e181adb076a3f_6e1c6452fd95c2d3e6785f36_0000000061431,3,175.70453999999998,55.650814
5dc8cea7659e181adb076a3f_6e1c6452fd95c2d3e6785f36_0000000079724,3,175.70453999999998,55.650814
5dc8cea7659e181adb076a3f_6e1c6452fd95c2d3e6785f36_0000000083767,3,173.05113,52.756916
5dc8cea7659e181adb076a3f_6e1c6452fd95c2d3e6785f36_0000000086766,3,173.05113,52.756916
5dc8cea7659e181adb076a3f_6e1c6452fd95c2d3e6785f36_0000000089383,3,175.70453999999998,55.650814
5dc8cea7659e181adb076a3f_6e1c6452fd95c2d3e6785f36_0000000098382,3,177.98523,61.893353000000005
5dc8cea7659e181adb076a3f_7121b385f2dcd034cae8c49d_0000000000009,4,109.05378,116.55045
5dc8cea7659e181adb076a3f_7121b385f2dcd034cae8c49d_0000000003946,4,109.05378,116.55045
5dc8cea7659e181adb076a3f_7121b385f2dcd034cae8c49d_0000000010892,4,120.03234,123.66425
5dc8cea7659e181adb076a3f_7121b385f2dcd034cae8c49d_0000000014156,4,125.04787,127.670105
5dc8cea7659e181adb076a3f_7121b385f2dcd034cae8c49d_0000000018324,4,128.37741,127.18453999999998
5dc8cea7659e181adb076a3f_7121b385f2dcd034cae8c49d_0000000020285,4,132.07947,129.9182
5dc8cea7659e181adb076a3f_7121b385f2dcd034cae8c49d_0000000023424,4,136.65704,128.57443
5dc8cea7659e181adb076a3f_7121b385f2dcd034cae8c49d_0000000026389,4,136.65704,128.57443
5dc8cea7659e181adb076a3f_7121b385f2dcd034cae8c49d_0000000042653,4,144.23776,131.98741
5dc8cea7659e181adb076a3f_7121b385f2dcd034cae8c49d_0000000049326,4,149.21864,129.8092
5dc8cea7659e181adb076a3f_7121b385f2dcd034cae8c49d_0000000055028,4,153.97165,131.42871
5dc8cea7659e181adb076a3f_7121b385f2dcd034cae8c49d_0000000064384,4,144.23776,131.98741
5dc8cea7659e181adb076a3f_7121b385f2dcd034cae8c49d_0000000073805,4,136.65704,128.57443
5dc8cea7659e181adb076a3f_7121b385f2dcd034cae8c49d_0000000081387,4,128.37741,127.18453999999998
5dc8cea7659e181adb076a3f_7121b385f2dcd034cae8c49d_0000000089139,4,120.03234,123.66425
5dc8cea7659e181adb076a3f_7121b385f2dcd034cae8c49d_0000000098628,4,109.05378,116.55045
5dc8cea7659e181adb076a3f_7121b385f2dcd034cae8c49d_0000000114089,4,105.70333,108.12134
5dc8cea7659e181adb076a3f_7121b385f2dcd034cae8c49d_0000000123412,4,109.05378,116.55045
5dc8cea7659e181adb076a3f_7121b385f2dcd034cae8c49d_0000000129156,4,114.926506,123.279236
5dc8cea7659e181adb076a3f_73b8ae34d0038aa6dcdcd858_0000000000009,3,82.46751,100.56961
5dc8cea7659e181adb076a3f_73b8ae34d0038aa6dcdcd858_0000000007056,3,80.97728000000001,96.34012
5dc8cea7659e181adb076a3f_73b8ae34d0038aa6dcdcd858_0000000013400,3,72.92081,91.5273
5dc8cea7659e181adb076a3f_73b8ae34d0038aa6dcdcd858_0000000016569,3,69.31735,89.34696
5dc8cea7659e181adb076a3f_73b8ae34d0038aa6dcdcd858_0000000025437,3,60.08681,77.25667
5dc8cea7659e181adb076a3f_73b8ae34d0038aa6dcdcd858_0000000034211,3,53.87976,79.45038000000001
5dc8cea7659e181adb076a3f_73b8ae34d0038aa6dcdcd858_0000000043285,3,37.373775,76.68873599999999
5dc8cea7659e181adb076a3f_73b8ae34d0038aa6dcdcd858_0000000046950,3,31.021563,76.83811
5dc8cea7659e181adb076a3f_73b8ae34d0038aa6dcdcd858_0000000054752,3,27.693737,67.99287
5dc8cea7659e181adb076a3f_73b8ae34d0038aa6dcdcd858_0000000058702,3,27.693737,67.99287
5dc8cea7659e181adb076a3f_73b8ae34d0038aa6dcdcd858_0000000062884,3,36.216843,63.518112
5dc8cea7659e181adb076a3f_73b8ae34d0038aa6dcdcd858_0000000070754,3,45.145287,63.1809
5dc8cea7659e181adb076a3f_73b8ae34d0038aa6dcdcd858_0000000073380,3,45.145287,63.1809
5dc8cea7659e181adb076a3f_73b8ae34d0038aa6dcdcd858_0000000077459,3,45.621933,66.58515
5dc8cea7659e181adb076a3f_73b8ae34d0038aa6dcdcd858_0000000082025,3,54.006886,73.162926
5dc8cea7659e181adb076a3f_73b8ae34d0038aa6dcdcd858_0000000087965,3,53.87976,79.45038000000001
5dc8cea7659e181adb076a3f_73b8ae34d0038aa6dcdcd858_0000000095543,3,46.607826,84.00282
5dc8cea7659e181adb076a3f_73b8ae34d0038aa6dcdcd858_0000000102703,3,35.202,79.38936
5dc8cea7659e181adb076a3f_73b8ae34d0038aa6dcdcd858_0000000107196,3,35.202,79.38936
5dc8cea7659e181adb076a3f_73b8ae34d0038aa6dcdcd858_0000000112270,3,31.021563,76.83811
5dc8cea7659e181adb076a3f_73b8ae34d0038aa6dcdcd858_0000000118991,3,25.71481,78.08615
5dc8cea7659e181adb076a3f_73b8ae34d0038aa6dcdcd858_0000000123716,3,26.696693,74.02399
5dc8cea7659e181adb076a3f_7603ac27c8a6723a333e9fb8_0000000000007,4,220.59862,65.39149
5dc8cea7659e181adb076a3f_7603ac27c8a6723a333e9fb8_0000000008388,4,215.5889,77.37105600000001
5dc8cea7659e181adb076a3f_7603ac27c8a6723a333e9fb8_0000000010349,4,215.5889,77.37105600000001
5dc8cea7659e181adb076a3f_7603ac27c8a6723a333e9fb8_0000000016414,4,212.77394,84.708534
5dc8cea7659e181adb076a3f_7603ac27c8a6723a333e9fb8_0000000024352,4,207.80797,93.632576
5dc8cea7659e181adb076a3f_7603ac27c8a6723a333e9fb8_0000000029557,4,205.37167,99.81113
5dc8cea7659e181adb076a3f_7603ac27c8a6723a333e9fb8_0000000033691,4,202.08963,102.2303
5dc8cea7659e181adb076a3f_7603ac27c8a6723a333e9fb8_0000000039570,4,197.17952,107.83371
5dc8cea7659e181adb076a3f_7603ac27c8a6723a333e9fb8_0000000045531,4,191.23465,112.98869
5dc8cea7659e181adb076a3f_7603ac27c8a6723a333e9fb8_0000000049462,4,192.50096,115.28932
5dc8cea7659e181adb076a3f_7603ac27c8a6723a333e9fb8_0000000055665,4,198.83447,119.075714
5dc8cea7659e181adb076a3f_7603ac27c8a6723a333e9fb8_0000000060665,4,204.23044,118.09937
5dc8cea7659e181adb076a3f_7603ac27c8a6723a333e9fb8_0000000067245,4,209.36295,112.32231000000002
5dc8cea7659e181adb076a3f_7603ac27c8a6723a333e9fb8_0000000073119,4,213.20143,108.136696
5dc8cea7659e181adb076a3f_7861f68134d801946e3e2795_0000000000009,-1,194.27206,91.484566
5dc8cea7659e181adb076a3f_7861f68134d801946e3e2795_0000000002297,-1,184.33789,90.71577
5dc8cea7659e181adb076a3f_7861f68134d801946e3e2795_0000000005155,-1,184.33789,90.71577
5dc8cea7659e181adb076a3f_7861f68134d801946e3e2795_0000000006910,-1,184.33789,90.71577
5dc8cea7659e181adb076a3f_7861f68134d801946e3e2795_0000000012172,-1,182.33672,90.882286
5dc8cea7659e181adb076a3f_7861f68134d801946e3e2795_0000000015546,-1,179.66523999999998,91.448074
5dc8cea7659e181adb076a3f_7861f68134d801946e3e2795_0000000017544,-1,179.66523999999998,91.448074
5dc8cea7659e181adb076a3f_7861f68134d801946e3e2795_0000000020056,-1,179.66523999999998,91.448074
5dc8cea7659e181adb076a3f_7861f68134d801946e3e2795_0000000022305,-1,179.66523999999998,91.448074
5dc8cea7659e181adb076a3f_7861f68134d801946e3e2795_0000000030303,-1,175.94006000000002,82.79033000000001
5dc8cea7659e181adb076a3f_7861f68134d801946e3e2795_0000000036794,-1,173.11972,79.812935
5dc8cea7659e181adb076a3f_7861f68134d801946e3e2795_0000000044308,-1,175.04549,67.65810400000001
5dc8cea7659e181adb076a3f_7861f68134d801946e3e2795_0000000047020,-1,176.33493,68.97348000000001
5dc8cea7659e181adb076a3f_7861f68134d801946e3e2795_0000000048722,-1,177.80788,70.58256
5dc8cea7659e181adb076a3f_7861f68134d801946e3e2795_0000000050692,-1,177.80788,70.58256
5dc8cea7659e181adb076a3f_7861f68134d801946e3e2795_0000000052262,-1,177.80788,70.58256
5dc8cea7659e181adb076a3f_7861f68134d801946e3e2795_0000000053978,-1,185.69524,66.49558
5dc8cea7659e181adb076a3f_7861f68134d801946e3e2795_0000000055831,-1,185.69524,66.49558
5dc8cea7659e181adb076a3f_7861f68134d801946e3e2795_0000000059228,-1,185.69524,66.49558
5dc8cea7659e181adb076a3f_7861f68134d801946e3e2795_0000000063693,-1,188.31853,68.58686999999999
5dc8cea7659e181adb076a3f_7861f68134d801946e3e2795_0000000069184,-1,188.31853,68.58686999999999
5dc8cea7659e181adb076a3f_7861f68134d801946e3e2795_0000000079162,-1,185.08286,79.7782
5dc8cea7659e181adb076a3f_7861f68134d801946e3e2795_0000000086985,-1,184.33789,90.71577
5dc8cea7659e181adb076a3f_7861f68134d801946e3e2795_0000000090026,-1,184.33789,90.71577
5dc8cea7659e181adb076a3f_7861f68134d801946e3e2795_0000000093997,-1,182.33672,90.882286
5dc8cea7659e181adb076a3f_7861f68134d801946e3e2795_0000000098213,-1,182.05168,82.98474
5dc8cea7659e181adb076a3f_7861f68134d801946e3e2795_0000000104876,-1,177.20723999999998,78.636635
5dc8cea7659e181adb076a3f_7861f68134d801946e3e2795_0000000108477,-1,177.20723999999998,78.636635
5dc8cea7659e181adb076a3f_7a4c5c74672a27ba94eb9b66_0000000000018,4,94.76642,110.1474
5dc8cea7659e181adb076a3f_7a4c5c74672a27ba94eb9b66_0000000004501,4,92.69705,105.20122
5dc8cea7659e181adb076a3f_7a4c5c74672a27ba94eb9b66_0000000010573,4,86.80814000000001,104.14079
5dc8cea7659e181adb076a3f_7a4c5c74672a27ba94eb9b66_0000000017938,4,76.962234,96.94649
5dc8cea7659e181adb076a3f_7a4c5c74672a27ba94eb9b66_0000000027808,4,71.36478000000001,92.79665
5dc8cea7659e181adb076a3f_7a4c5c74672a27ba94eb9b66_0000000031649,4,61.880135,83.904076
5dc8cea7659e181adb076a3f_7a4c5c74672a27ba94eb9b66_0000000038333,4,56.138554000000006,83.44718
5dc8cea7659e181adb076a3f_7a4c5c74672a27ba94eb9b66_0000000046572,4,48.874825,81.57824000000001
5dc8cea7659e181adb076a3f_7a4c5c74672a27ba94eb9b66_0000000052214,4,41.277214,79.10155
5dc8cea7659e181adb076a3f_7a4c5c74672a27ba94eb9b66_0000000056053,4,38.922165,78.79853
5dc8cea7659e181adb076a3f_7a4c5c74672a27ba94eb9b66_0000000059457,4,31.240805,75.86635
5dc8cea7659e181adb076a3f_7a4c5c74672a27ba94eb9b66_0000000064909,4,33.24295,70.12354
5dc8cea7659e181adb076a3f_8ccd3fc53ad2e63651de4376_0000000000007,2,44.823704,62.953796
5dc8cea7659e181adb076a3f_8ccd3fc53ad2e63651de4376_0000000002663,2,46.61015,66.30476999999999
5dc8cea7659e181adb076a3f_8ccd3fc53ad2e63651de4376_0000000008494,2,47.689884,76.087746
5dc8cea7659e181adb076a3f_8ccd3fc53ad2e63651de4376_0000000017059,2,61.69205,80.598206
5dc8cea7659e181adb076a3f_8ccd3fc53ad2e63651de4376_0000000019598,2,61.69205,80.598206
5dc8cea7659e181adb076a3f_8ccd3fc53ad2e63651de4376_0000000026910,2,54.852863,71.64798
5dc8cea7659e181adb076a3f_8ccd3fc53ad2e63651de4376_0000000033779,2,51.644928,68.232864
5dc8cea7659e181adb076a3f_8ccd3fc53ad2e63651de4376_0000000039884,2,46.61015,66.30476999999999
5dc8cea7659e181adb076a3f_8ccd3fc53ad2e63651de4376_0000000044903,2,42.983692,61.921688
5dc8cea7659e181adb076a3f_8ccd3fc53ad2e63651de4376_0000000050582,2,39.104103,60.69496
5dc8cea7659e181adb076a3f_8ccd3fc53ad2e63651de4376_0000000056596,2,39.077290000000005,63.461456000000005
5dc8cea7659e181adb076a3f_8ccd3fc53ad2e63651de4376_0000000066840,2,34.999466,64.29767
5dc8cea7659e181adb076a3f_8ccd3fc53ad2e63651de4376_0000000081509,2,29.561937,65.19638
5dc8cea7659e181adb076a3f_8ccd3fc53ad2e63651de4376_0000000086392,2,34.999466,64.29767
5dc8cea7659e181adb076a3f_9eab95aa6e3838f3fbccf311_0000000000011,3,191.5414,121.33346
5dc8cea7659e181adb076a3f_9eab95aa6e3838f3fbccf311_0000000004944,3,191.5414,121.33346
5dc8cea7659e181adb076a3f_9eab95aa6e3838f3fbccf311_0000000010118,3,195.05663,128.32425
5dc8cea7659e181adb076a3f_9eab95aa6e3838f3fbccf311_0000000013790,3,201.20079,131.89531000000002
5dc8cea7659e181adb076a3f_9eab95aa6e3838f3fbccf311_0000000018965,3,213.92447,135.85527
5dc8cea7659e181adb076a3f_9eab95aa6e3838f3fbccf311_0000000023211,3,213.92447,135.85527
5dc8cea7659e181adb076a3f_9eab95aa6e3838f3fbccf311_0000000027950,3,213.92447,135.85527
5dc8cea7659e181adb076a3f_9eab95aa6e3838f3fbccf311_0000000032456,3,227.03296,139.81908
5dc8cea7659e181adb076a3f_9eab95aa6e3838f3fbccf311_0000000042857,3,213.92447,135.85527
5dc8cea7659e181adb076a3f_9eab95aa6e3838f3fbccf311_0000000052578,3,201.20079,131.89531000000002
5dc8cea7659e181adb076a3f_9eab95aa6e3838f3fbccf311_0000000061853,3,191.29985,129.093
5dc8cea7659e181adb076a3f_a7b032ef5441a07e68f073be_0000000000012,3,16.836407,90.76521
5dc8cea7659e181adb076a3f_a7b032ef5441a07e68f073be_0000000002039,3,16.836407,90.76521
5dc8cea7659e181adb076a3f_a7b032ef5441a07e68f073be_0000000007544,3,20.820120000000003,86.37928000000001
5dc8cea7659e181adb076a3f_a7b032ef5441a07e68f073be_0000000015232,3,26.696693,74.02399
5dc8cea7659e181adb076a3f_a7b032ef5441a07e68f073be_0000000019766,3,31.021563,76.83811
5dc8cea7659e181adb076a3f_a7b032ef5441a07e68f073be_0000000024418,3,35.202,79.38936
5dc8cea7659e181adb076a3f_a7b032ef5441a07e68f073be_0000000030822,3,38.671734,85.142715
5dc8cea7659e181adb076a3f_a7b032ef5441a07e68f073be_0000000038486,3,46.607826,84.00282
5dc8cea7659e181adb076a3f_a7b032ef5441a07e68f073be_0000000042590,3,46.607826,84.00282
5dc8cea7659e181adb076a3f_a7b032ef5441a07e68f073be_0000000045465,3,46.607826,84.00282
5dc8cea7659e181adb076a3f_a7b032ef5441a07e68f073be_0000000049374,3,56.832638,83.83009
5dc8cea7659e181adb076a3f_a7b032ef5441a07e68f073be_0000000054717,3,56.832638,83.83009
5dc8cea7659e181adb076a3f_a7b032ef5441a07e68f073be_0000000060276,3,59.16911700000001,81.9761
5dc8cea7659e181adb076a3f_a7b032ef5441a07e68f073be_0000000065228,3,60.08681,77.25667
5dc8cea7659e181adb076a3f_a7b032ef5441a07e68f073be_0000000070874,3,54.006886,73.162926
5dc8cea7659e181adb076a3f_a7b032ef5441a07e68f073be_0000000076648,3,45.621933,66.58515
5dc8cea7659e181adb076a3f_a7b032ef5441a07e68f073be_0000000078852,3,45.621933,66.58515
5dc8cea7659e181adb076a3f_a7b032ef5441a07e68f073be_0000000083680,3,44.283054,63.9567
5dc8cea7659e181adb076a3f_a7b032ef5441a07e68f073be_0000000087815,3,42.106743,65.33391
5dc8cea7659e181adb076a3f_a7b032ef5441a07e68f073be_0000000092438,3,36.216843,63.518112
5dc8cea7659e181adb076a3f_a850f1538a738b74d58cb9bf_0000000000006,6,132.53808999999998,121.004425
5dc8cea7659e181adb076a3f_a850f1538a738b74d58cb9bf_0000000002693,6,134.71567,118.567345
5dc8cea7659e181adb076a3f_a850f1538a738b74d58cb9bf_0000000012271,6,129.0,114.5
5dc8cea7659e181adb076a3f_a850f1538a738b74d58cb9bf_0000000019372,6,123.0,106.5
5dc8cea7659e181adb076a3f_a850f1538a738b74d58cb9bf_0000000027200,6,108.350494,105.87205
5dc8cea7659e181adb076a3f_a850f1538a738b74d58cb9bf_0000000034473,6,110.0,112.0
5dc8cea7659e181adb076a3f_a850f1538a738b74d58cb9bf_0000000043949,6,122.0,112.5
5dc8cea7659e181adb076a3f_a850f1538a738b74d58cb9bf_0000000050028,6,126.5,117.0
5dc8cea7659e181adb076a3f_a850f1538a738b74d58cb9bf_0000000055543,6,132.53808999999998,121.004425
5dc8cea7659e181adb076a3f_a850f1538a738b74d58cb9bf_0000000059807,6,140.70094,126.76511
5dc8cea7659e181adb076a3f_a850f1538a738b74d58cb9bf_0000000067211,6,134.71567,118.567345
5dc8cea7659e181adb076a3f_a850f1538a738b74d58cb9bf_0000000069596,6,134.71567,118.567345
5dc8cea7659e181adb076a3f_a850f1538a738b74d58cb9bf_0000000074986,6,129.0,114.5
5dc8cea7659e181adb076a3f_a850f1538a738b74d58cb9bf_0000000077793,6,129.0,114.5
5dc8cea7659e181adb076a3f_a850f1538a738b74d58cb9bf_0000000080020,6,129.0,114.5
5dc8cea7659e181adb076a3f_a850f1538a738b74d58cb9bf_0000000086221,6,122.0,112.5
5dc8cea7659e181adb076a3f_a850f1538a738b74d58cb9bf_0000000088552,6,122.0,112.5
5dc8cea7659e181adb076a3f_a850f1538a738b74d58cb9bf_0000000090826,6,122.0,112.5
5dc8cea7659e181adb076a3f_a8cf094dbb3c22d02d10e21d_0000000000010,2,215.32349,83.39728000000001
5dc8cea7659e181adb076a3f_a8cf094dbb3c22d02d10e21d_0000000009580,2,208.19934,94.35565
5dc8cea7659e181adb076a3f_a8cf094dbb3c22d02d10e21d_0000000012847,2,207.32175,101.70635
5dc8cea7659e181adb076a3f_a8cf094dbb3c22d02d10e21d_0000000022597,2,201.2266,105.05157
5dc8cea7659e181adb076a3f_a8cf094dbb3c22d02d10e21d_0000000033626,2,194.41054,111.92925
5dc8cea7659e181adb076a3f_a8cf094dbb3c22d02d10e21d_0000000039075,2,186.17047,114.918175
5dc8cea7659e181adb076a3f_a8cf094dbb3c22d02d10e21d_0000000043681,2,186.17047,114.918175
5dc8cea7659e181adb076a3f_a8cf094dbb3c22d02d10e21d_0000000047254,2,189.29184,114.20727
5dc8cea7659e181adb076a3f_a8cf094dbb3c22d02d10e21d_0000000054043,2,196.01869,107.77527
5dc8cea7659e181adb076a3f_a8cf094dbb3c22d02d10e21d_0000000061231,2,201.2266,105.05157
5dc8cea7659e181adb076a3f_a8cf094dbb3c22d02d10e21d_0000000069173,2,203.75024,97.6159
5dc8cea7659e181adb076a3f_a8cf094dbb3c22d02d10e21d_0000000075628,2,207.32175,101.70635
5dc8cea7659e181adb076a3f_a8cf094dbb3c22d02d10e21d_0000000084244,2,212.00494,104.58513
5dc8cea7659e181adb076a3f_a8cf094dbb3c22d02d10e21d_0000000088329,2,209.72166,108.74317
5dc8cea7659e181adb076a3f_a8cf094dbb3c22d02d10e21d_0000000096396,2,201.2266,105.05157
5dc8cea7659e181adb076a3f_a8cf094dbb3c22d02d10e21d_0000000107017,2,212.00494,104.58513
5dc8cea7659e181adb076a3f_a8cf094dbb3c22d02d10e21d_0000000113647,2,210.54234,111.388824
5dc8cea7659e181adb076a3f_a8cf094dbb3c22d02d10e21d_0000000125628,2,201.2266,105.05157
5dc8cea7659e181adb076a3f_ad97a5e58725339a560c381e_0000000000008,1,212.44238,130.51213
5dc8cea7659e181adb076a3f_ad97a5e58725339a560c381e_0000000003758,1,213.35382,133.59569
5dc8cea7659e181adb076a3f_ad97a5e58725339a560c381e_0000000016326,1,200.91881,129.75186000000002
5dc8cea7659e181adb076a3f_ad97a5e58725339a560c381e_0000000018520,1,199.99728,126.51392
5dc8cea7659e181adb076a3f_ad97a5e58725339a560c381e_0000000023591,1,196.26228,129.30264
5dc8cea7659e181adb076a3f_ad97a5e58725339a560c381e_0000000029833,1,190.97096,134.8922
5dc8cea7659e181adb076a3f_ad97a5e58725339a560c381e_0000000033911,1,194.30405,138.05092
5dc8cea7659e181adb076a3f_ad97a5e58725339a560c381e_0000000040453,1,192.03429,143.21417
5dc8cea7659e181adb076a3f_ad97a5e58725339a560c381e_0000000044214,1,188.95528,143.42494
5dc8cea7659e181adb076a3f_ad97a5e58725339a560c381e_0000000050726,1,194.30405,138.05092
5dc8cea7659e181adb076a3f_ad97a5e58725339a560c381e_0000000054784,1,190.97096,134.8922
5dc8cea7659e181adb076a3f_ad97a5e58725339a560c381e_0000000063102,1,192.03429,143.21417
5dc8cea7659e181adb076a3f_ad97a5e58725339a560c381e_0000000067334,1,194.30405,138.05092
5dc8cea7659e181adb076a3f_ad97a5e58725339a560c381e_0000000071992,1,194.30405,138.05092
5dc8cea7659e181adb076a3f_ad97a5e58725339a560c381e_0000000079180,1,196.26228,129.30264
5dc8cea7659e181adb076a3f_ad97a5e58725339a560c381e_0000000082018,1,199.99728,126.51392
5dc8cea7659e181adb076a3f_ad97a5e58725339a560c381e_0000000084461,1,199.99728,126.51392
5dc8cea7659e181adb076a3f_ae2dc138bd8552bf6c785377_0000000000009,-1,175.94006000000002,82.79033000000001
5dc8cea7659e181adb076a3f_ae2dc138bd8552bf6c785377_0000000003603,-1,178.13257,82.594574
5dc8cea7659e181adb076a3f_ae2dc138bd8552bf6c785377_0000000016046,-1,178.68088,72.812035
5dc8cea7659e181adb076a3f_ae2dc138bd8552bf6c785377_0000000024506,-1,181.11786,74.621475
5dc8cea7659e181adb076a3f_ae2dc138bd8552bf6c785377_0000000028699,-1,184.62991,74.42607
5dc8cea7659e181adb076a3f_ae2dc138bd8552bf6c785377_0000000031766,-1,187.3167,77.7614
5dc8cea7659e181adb076a3f_ae2dc138bd8552bf6c785377_0000000039794,-1,182.05168,82.98474
5dc8cea7659e181adb076a3f_ae2dc138bd8552bf6c785377_0000000043140,-1,182.05168,82.98474
5dc8cea7659e181adb076a3f_ae2dc138bd8552bf6c785377_0000000047205,-1,182.33672,90.882286
5dc8cea7659e181adb076a3f_ae2dc138bd8552bf6c785377_0000000054742,-1,182.05168,82.98474
5dc8cea7659e181adb076a3f_ae2dc138bd8552bf6c785377_0000000063924,-1,181.11786,74.621475
5dc8cea7659e181adb076a3f_b3ddea2aa88e2015223b75a8_0000000000006,6,109.20926,101.372574
5dc8cea7659e181adb076a3f_b3ddea2aa88e2015223b75a8_0000000003098,6,109.20926,101.372574
5dc8cea7659e181adb076a3f_b3ddea2aa88e2015223b75a8_0000000006335,6,100.858,99.84522
5dc8cea7659e181adb076a3f_b3ddea2aa88e2015223b75a8_0000000009235,6,100.858,99.84522
5dc8cea7659e181adb076a3f_b3ddea2aa88e2015223b75a8_0000000012360,6,97.52522,98.02087
5dc8cea7659e181adb076a3f_b3ddea2aa88e2015223b75a8_0000000016017,6,100.858,99.84522
5dc8cea7659e181adb076a3f_b3ddea2aa88e2015223b75a8_0000000018361,6,100.858,99.84522
5dc8cea7659e181adb076a3f_b3ddea2aa88e2015223b75a8_0000000021481,6,109.20926,101.372574
5dc8cea7659e181adb076a3f_b3ddea2aa88e2015223b75a8_0000000026979,6,100.858,99.84522
5dc8cea7659e181adb076a3f_b3ddea2aa88e2015223b75a8_0000000029436,6,100.858,99.84522
5dc8cea7659e181adb076a3f_b3ddea2aa88e2015223b75a8_0000000031661,6,97.52522,98.02087
5dc8cea7659e181adb076a3f_b3ddea2aa88e2015223b75a8_0000000042788,6,103.67964,89.68855
5dc8cea7659e181adb076a3f_b3ddea2aa88e2015223b75a8_0000000048446,6,107.03678,88.62053
5dc8cea7659e181adb076a3f_b3ddea2aa88e2015223b75a8_0000000050736,6,107.03678,88.62053
5dc8cea7659e181adb076a3f_b3ddea2aa88e2015223b75a8_0000000054329,6,107.03678,88.62053
5dc8cea7659e181adb076a3f_b3ddea2aa88e2015223b75a8_0000000058123,6,109.67049,97.37711
5dc8cea7659e181adb076a3f_b3ddea2aa88e2015223b75a8_0000000061963,6,117.17671,99.23578
5dc8cea7659e181adb076a3f_b3ddea2aa88e2015223b75a8_0000000066213,6,117.17671,99.23578
5dc8cea7659e181adb076a3f_b3ddea2aa88e2015223b75a8_0000000071651,6,117.17671,99.23578
5dc8cea7659e181adb076a3f_b3ddea2aa88e2015223b75a8_0000000076361,6,109.67049,97.37711
5dc8cea7659e181adb076a3f_b3ddea2aa88e2015223b75a8_0000000079472,6,109.67049,97.37711
5dc8cea7659e181adb076a3f_b3ddea2aa88e2015223b75a8_0000000082822,6,103.67964,89.68855
5dc8cea7659e181adb076a3f_b3ddea2aa88e2015223b75a8_0000000086421,6,103.67964,89.68855
5dc8cea7659e181adb076a3f_b3ddea2aa88e2015223b75a8_0000000094943,6,96.911835,88.832306
5dc8cea7659e181adb076a3f_b3ddea2aa88e2015223b75a8_0000000097715,6,96.911835,88.832306
5dc8cea7659e181adb076a3f_b3ddea2aa88e2015223b75a8_0000000107711,6,107.03678,88.62053
5dc8cea7659e181adb076a3f_b3ddea2aa88e2015223b75a8_0000000110574,6,103.67964,89.68855
5dc8cea7659e181adb076a3f_b3ddea2aa88e2015223b75a8_0000000118894,6,96.911835,88.832306
5dc8cea7659e181adb076a3f_b406c5c925f3b64d8972b2c0_0000000000011,2,212.22878,34.87736
5dc8cea7659e181adb076a3f_b406c5c925f3b64d8972b2c0_0000000003205,2,212.22878,34.87736
5dc8cea7659e181adb076a3f_b406c5c925f3b64d8972b2c0_0000000005768,2,212.75531,32.81821
5dc8cea7659e181adb076a3f_b406c5c925f3b64d8972b2c0_0000000008965,2,215.39023,31.719603000000003
5dc8cea7659e181adb076a3f_b406c5c925f3b64d8972b2c0_0000000014905,2,217.50285,36.751675
5dc8cea7659e181adb076a3f_b406c5c925f3b64d8972b2c0_0000000022919,2,223.96098,45.057457
5dc8cea7659e181adb076a3f_b406c5c925f3b64d8972b2c0_0000000027645,2,221.80844,50.761097
5dc8cea7659e181adb076a3f_b406c5c925f3b64d8972b2c0_0000000033857,2,222.37029,60.385307
5dc8cea7659e181adb076a3f_b406c5c925f3b64d8972b2c0_0000000036763,2,222.37029,60.385307
5dc8cea7659e181adb076a3f_b406c5c925f3b64d8972b2c0_0000000041045,2,219.56017000000003,66.52317
5dc8cea7659e181adb076a3f_b406c5c925f3b64d8972b2c0_0000000047380,2,220.98033,74.58429
5dc8cea7659e181adb076a3f_b406c5c925f3b64d8972b2c0_0000000055182,2,223.31573,84.79828
5dc8cea7659e181adb076a3f_b406c5c925f3b64d8972b2c0_0000000065271,2,216.88892,96.48105
5dc8cea7659e181adb076a3f_bc253f69b5d49855785d94da_0000000000012,3,80.97728000000001,96.34012
5dc8cea7659e181adb076a3f_bc253f69b5d49855785d94da_0000000002273,3,80.97728000000001,96.34012
5dc8cea7659e181adb076a3f_bc253f69b5d49855785d94da_0000000011586,3,66.05787,106.30929
5dc8cea7659e181adb076a3f_bc253f69b5d49855785d94da_0000000019413,3,61.426390000000005,114.145256
5dc8cea7659e181adb076a3f_bc253f69b5d49855785d94da_0000000023093,3,58.88585,114.46893
5dc8cea7659e181adb076a3f_bc253f69b5d49855785d94da_0000000027832,3,54.202297,113.10845
5dc8cea7659e181adb076a3f_bc253f69b5d49855785d94da_0000000034238,3,47.11393,107.48441
5dc8cea7659e181adb076a3f_bc253f69b5d49855785d94da_0000000036629,3,47.11393,107.48441
5dc8cea7659e181adb076a3f_bc253f69b5d49855785d94da_0000000045056,3,54.202297,113.10845
5dc8cea7659e181adb076a3f_bc253f69b5d49855785d94da_0000000051924,3,66.29132,117.38254
5dc8cea7659e181adb076a3f_bc253f69b5d49855785d94da_0000000058407,3,73.3957,121.25058
5dc8cea7659e181adb076a3f_bc253f69b5d49855785d94da_0000000060949,3,73.3957,121.25058
5dc8cea7659e181adb076a3f_bc253f69b5d49855785d94da_0000000064154,3,76.563774,122.82834
5dc8cea7659e181adb076a3f_bc253f69b5d49855785d94da_0000000066796,3,76.82469,126.293594
5dc8cea7659e181adb076a3f_bc253f69b5d49855785d94da_0000000071179,3,82.4783,128.87535
5dc8cea7659e181adb076a3f_bc253f69b5d49855785d94da_0000000076408,3,87.672844,132.75449
5dc8cea7659e181adb076a3f_bc253f69b5d49855785d94da_0000000079573,3,91.839165,134.19768
5dc8cea7659e181adb076a3f_bc253f69b5d49855785d94da_0000000083302,3,95.489105,137.2882
5dc8cea7659e181adb076a3f_bc253f69b5d49855785d94da_0000000086947,3,99.87588,139.05621000000002
5dc8cea7659e181adb076a3f_bc253f69b5d49855785d94da_0000000090953,3,103.3503,141.75554
5dc8cea7659e181adb076a3f_bc253f69b5d49855785d94da_0000000092854,3,103.3503,141.75554
5dc8cea7659e181adb076a3f_bc253f69b5d49855785d94da_0000000096754,3,109.428406,144.94773999999998
5dc8cea7659e181adb076a3f_bc253f69b5d49855785d94da_0000000101376,3,115.121025,148.44759
5dc8cea7659e181adb076a3f_bc253f69b5d49855785d94da_0000000105760,3,120.21485,151.58153
5dc8cea7659e181adb076a3f_bf132134be51ec4891e9e16c_0000000000009,2,172.63437,114.80568
5dc8cea7659e181adb076a3f_bf132134be51ec4891e9e16c_0000000003926,2,177.98256,112.01401
5dc8cea7659e181adb076a3f_bf132134be51ec4891e9e16c_0000000007183,2,178.48949,110.808266
5dc8cea7659e181adb076a3f_bf132134be51ec4891e9e16c_0000000015996,2,176.36647,97.54904
5dc8cea7659e181adb076a3f_bf132134be51ec4891e9e16c_0000000018253,2,176.36647,97.54904
5dc8cea7659e181adb076a3f_bf132134be51ec4891e9e16c_0000000022981,2,176.16406,92.043724
5dc8cea7659e181adb076a3f_bf132134be51ec4891e9e16c_0000000028237,2,173.28871,94.94541
5dc8cea7659e181adb076a3f_bf132134be51ec4891e9e16c_0000000030634,2,170.50453000000002,95.16737
5dc8cea7659e181adb076a3f_bf132134be51ec4891e9e16c_0000000035375,2,173.28871,94.94541
5dc8cea7659e181adb076a3f_bf132134be51ec4891e9e16c_0000000039307,2,176.36647,97.54904
5dc8cea7659e181adb076a3f_bf132134be51ec4891e9e16c_0000000041880,2,175.15694,99.58338
5dc8cea7659e181adb076a3f_bf132134be51ec4891e9e16c_0000000048752,2,176.16406,92.043724
5dc8cea7659e181adb076a3f_bf132134be51ec4891e9e16c_0000000055739,2,170.50453000000002,95.16737
5dc8cea7659e181adb076a3f_bf132134be51ec4891e9e16c_0000000059596,2,173.28871,94.94541
5dc8cea7659e181adb076a3f_bf132134be51ec4891e9e16c_0000000063138,2,175.15694,99.58338
5dc8cea7659e181adb076a3f_bf132134be51ec4891e9e16c_0000000072691,2,177.98256,112.01401
5dc8cea7659e181adb076a3f_bf132134be51ec4891e9e16c_0000000080903,2,169.3318,112.23778
5dc8cea7659e181adb076a3f_bf132134be51ec4891e9e16c_0000000086930,2,172.63437,114.80568
5dc8cea7659e181adb076a3f_bf132134be51ec4891e9e16c_0000000089575,2,174.43114,113.748436
5dc8cea7659e181adb076a3f_bf4fb3d50ba5202800859799_0000000000012,-1,187.00629,103.164345
5dc8cea7659e181adb076a3f_bf4fb3d50ba5202800859799_0000000003127,-1,189.64339,110.40855
5dc8cea7659e181adb076a3f_bf4fb3d50ba5202800859799_0000000008875,-1,189.32642,115.27049
5dc8cea7659e181adb076a3f_bf4fb3d50ba5202800859799_0000000013676,-1,191.56801,119.94181
5dc8cea7659e181adb076a3f_bf4fb3d50ba5202800859799_0000000017284,-1,192.97656,125.993546
5dc8cea7659e181adb076a3f_bf4fb3d50ba5202800859799_0000000020490,-1,192.97656,125.993546
5dc8cea7659e181adb076a3f_bf4fb3d50ba5202800859799_0000000023272,-1,197.47903,129.04733000000002
5dc8cea7659e181adb076a3f_bf4fb3d50ba5202800859799_0000000026699,-1,194.06601,134.18986999999998
5dc8cea7659e181adb076a3f_bf4fb3d50ba5202800859799_0000000033523,-1,199.12265,142.33255
5dc8cea7659e181adb076a3f_bf4fb3d50ba5202800859799_0000000037807,-1,196.76294,147.66046
5dc8cea7659e181adb076a3f_bf4fb3d50ba5202800859799_0000000045504,-1,200.24167,138.43047
5dc8cea7659e181adb076a3f_bf4fb3d50ba5202800859799_0000000051279,-1,199.12265,142.33255
5dc8cea7659e181adb076a3f_bf4fb3d50ba5202800859799_0000000064347,-1,200.24167,138.43047
5dc8cea7659e181adb076a3f_bf4fb3d50ba5202800859799_0000000074245,-1,203.76318,148.08196999999998
5dc8cea7659e181adb076a3f_c2ae6f835a79f6fd53600449_0000000000006,5,56.4515,74.00773000000001
5dc8cea7659e181adb076a3f_c2ae6f835a79f6fd53600449_0000000002819,5,54.429590000000005,70.72610999999999
5dc8cea7659e181adb076a3f_c2ae6f835a79f6fd53600449_0000000009337,5,47.917316,64.36231
5dc8cea7659e181adb076a3f_c2ae6f835a79f6fd53600449_0000000013640,5,42.722115,61.49958
5dc8cea7659e181adb076a3f_c2ae6f835a79f6fd53600449_0000000016919,5,43.309402,65.162285
5dc8cea7659e181adb076a3f_c2ae6f835a79f6fd53600449_0000000023726,5,36.03301,63.99864
5dc8cea7659e181adb076a3f_c2ae6f835a79f6fd53600449_0000000027726,5,30.887436,66.14404
5dc8cea7659e181adb076a3f_c2ae6f835a79f6fd53600449_0000000034259,5,25.873278,67.83749399999999
5dc8cea7659e181adb076a3f_c2ae6f835a79f6fd53600449_0000000040142,5,30.379004,77.3069
5dc8cea7659e181adb076a3f_c2ae6f835a79f6fd53600449_0000000045847,5,37.873028000000005,78.41787
5dc8cea7659e181adb076a3f_c2ae6f835a79f6fd53600449_0000000052886,5,46.539288,77.99784
5dc8cea7659e181adb076a3f_c2ae6f835a79f6fd53600449_0000000057849,5,52.673313,79.86995
5dc8cea7659e181adb076a3f_c2ae6f835a79f6fd53600449_0000000064013,5,56.4515,74.00773000000001
5dc8cea7659e181adb076a3f_c2ae6f835a79f6fd53600449_0000000067554,5,51.28068,77.47278
5dc8cea7659e181adb076a3f_c2ae6f835a79f6fd53600449_0000000072424,5,52.673313,79.86995
5dc8cea7659e181adb076a3f_c2ae6f835a79f6fd53600449_0000000077281,5,52.673313,79.86995
5dc8cea7659e181adb076a3f_c385db2d2886056b8c42a9e6_0000000000011,5,81.77333,86.05013000000001
5dc8cea7659e181adb076a3f_c385db2d2886056b8c42a9e6_0000000006485,5,71.027695,80.862175
5dc8cea7659e181adb076a3f_c385db2d2886056b8c42a9e6_0000000008801,5,71.027695,80.862175
5dc8cea7659e181adb076a3f_c385db2d2886056b8c42a9e6_0000000012142,5,71.027695,80.862175
5dc8cea7659e181adb076a3f_c385db2d2886056b8c42a9e6_0000000015984,5,71.027695,80.862175
5dc8cea7659e181adb076a3f_c385db2d2886056b8c42a9e6_0000000023224,5,63.218754,76.81685
5dc8cea7659e181adb076a3f_c385db2d2886056b8c42a9e6_0000000026874,5,56.4515,74.00773000000001
5dc8cea7659e181adb076a3f_c385db2d2886056b8c42a9e6_0000000030346,5,54.429590000000005,70.72610999999999
5dc8cea7659e181adb076a3f_c385db2d2886056b8c42a9e6_0000000035842,5,56.4515,74.00773000000001
5dc8cea7659e181adb076a3f_c385db2d2886056b8c42a9e6_0000000041527,5,63.218754,76.81685
5dc8cea7659e181adb076a3f_c385db2d2886056b8c42a9e6_0000000046723,5,71.027695,80.862175
5dc8cea7659e181adb076a3f_c385db2d2886056b8c42a9e6_0000000053418,5,65.83284,75.51772
5dc8cea7659e181adb076a3f_c385db2d2886056b8c42a9e6_0000000061330,5,56.4515,74.00773000000001
5dc8cea7659e181adb076a3f_c385db2d2886056b8c42a9e6_0000000065135,5,50.817066,70.73176600000001
5dc8cea7659e181adb076a3f_c385db2d2886056b8c42a9e6_0000000070416,5,51.28068,77.47278
5dc8cea7659e181adb076a3f_c694a61c01738864eacd4d5e_0000000000010,0,180.93246,116.696526
5dc8cea7659e181adb076a3f_c694a61c01738864eacd4d5e_0000000002509,0,180.93246,116.696526
5dc8cea7659e181adb076a3f_c694a61c01738864eacd4d5e_0000000006243,0,180.93246,116.696526
5dc8cea7659e181adb076a3f_c694a61c01738864eacd4d5e_0000000013269,0,190.73344,120.66667
5dc8cea7659e181adb076a3f_c694a61c01738864eacd4d5e_0000000021082,0,197.4628,116.25212
5dc8cea7659e181adb076a3f_c694a61c01738864eacd4d5e_0000000026197,0,202.72137,112.21202
5dc8cea7659e181adb076a3f_c694a61c01738864eacd4d5e_0000000031463,0,210.625,107.742195
5dc8cea7659e181adb076a3f_c694a61c01738864eacd4d5e_0000000040417,0,220.03226,98.8584
5dc8cea7659e181adb076a3f_c694a61c01738864eacd4d5e_0000000049457,0,227.02744,88.48846
5dc8cea7659e181adb076a3f_c694a61c01738864eacd4d5e_0000000052409,0,229.01845,89.73796999999999
5dc8cea7659e181adb076a3f_c694a61c01738864eacd4d5e_0000000061814,0,231.4167,78.92618
5dc8cea7659e181adb076a3f_c694a61c01738864eacd4d5e_0000000065028,0,233.64798,79.6684
5dc8cea7659e181adb076a3f_c694a61c01738864eacd4d5e_0000000066843,0,235.41579,79.558075
5dc8cea7659e181adb076a3f_c694a61c01738864eacd4d5e_0000000068740,0,237.0536,79.77681
5dc8cea7659e181adb076a3f_c694a61c01738864eacd4d5e_0000000076790,0,238.77312,71.08623
5dc8cea7659e181adb076a3f_c694a61c01738864eacd4d5e_0000000084880,0,240.80258,60.79234
5dc8cea7659e181adb076a3f_c694a61c01738864eacd4d5e_0000000092958,0,237.63754,47.518223
5dc8cea7659e181adb076a3f_c694a61c01738864eacd4d5e_0000000100739,0,239.59857,38.700886
5dc8cea7659e181adb076a3f_cd695bf43420d73e23df3d5a_0000000000008,4,233.3355,119.73979
5dc8cea7659e181adb076a3f_cd695bf43420d73e23df3d5a_0000000002881,4,233.3355,119.73979
5dc8cea7659e181adb076a3f_cd695bf43420d73e23df3d5a_0000000008037,4,228.30846,115.46473
5dc8cea7659e181adb076a3f_cd695bf43420d73e23df3d5a_0000000010822,4,228.30846,115.46473
5dc8cea7659e181adb076a3f_cd695bf43420d73e23df3d5a_0000000016221,4,236.6039,106.79388
5dc8cea7659e181adb076a3f_cd695bf43420d73e23df3d5a_0000000018752,4,236.6039,106.79388
5dc8cea7659e181adb076a3f_cd695bf43420d73e23df3d5a_0000000025918,4,239.58179,97.70041
5dc8cea7659e181adb076a3f_cd695bf43420d73e23df3d5a_0000000029052,4,243.97444,85.73079
5dc8cea7659e181adb076a3f_cd695bf43420d73e23df3d5a_0000000035639,4,243.97444,85.73079
5dc8cea7659e181adb076a3f_cd695bf43420d73e23df3d5a_0000000038497,4,243.97444,85.73079
5dc8cea7659e181adb076a3f_cd695bf43420d73e23df3d5a_0000000048247,4,243.97444,85.73079
5dc8cea7659e181adb076a3f_cd695bf43420d73e23df3d5a_0000000058216,4,239.58179,97.70041
5dc8cea7659e181adb076a3f_cd695bf43420d73e23df3d5a_0000000065998,4,236.6039,106.79388
5dc8cea7659e181adb076a3f_cd695bf43420d73e23df3d5a_0000000073859,4,233.3355,119.73979
5dc8cea7659e181adb076a3f_e5c6641300c3ace88914ec7f_0000000000008,0,231.01585,46.02138
5dc8cea7659e181adb076a3f_e5c6641300c3ace88914ec7f_0000000002953,0,231.01585,46.02138
5dc8cea7659e181adb076a3f_e5c6641300c3ace88914ec7f_0000000005945,0,231.01585,46.02138
5dc8cea7659e181adb076a3f_e5c6641300c3ace88914ec7f_0000000008649,0,232.88986,46.715244
5dc8cea7659e181adb076a3f_e5c6641300c3ace88914ec7f_0000000012335,0,237.63754,47.518223
5dc8cea7659e181adb076a3f_e5c6641300c3ace88914ec7f_0000000028742,0,238.107,58.33497
5dc8cea7659e181adb076a3f_e5c6641300c3ace88914ec7f_0000000033819,0,232.7239,60.067333
5dc8cea7659e181adb076a3f_e5c6641300c3ace88914ec7f_0000000043089,0,228.04355,69.55494
5dc8cea7659e181adb076a3f_e5c6641300c3ace88914ec7f_0000000051761,0,236.04657000000003,72.628334
5dc8cea7659e181adb076a3f_e5c6641300c3ace88914ec7f_0000000054617,0,238.77312,71.08623
5dc8cea7659e181adb076a3f_e5c6641300c3ace88914ec7f_0000000061318,0,228.04355,69.55494
5dc8cea7659e181adb076a3f_e5c6641300c3ace88914ec7f_0000000067728,0,236.04657000000003,72.628334
5dc8cea7659e181adb076a3f_e5c6641300c3ace88914ec7f_0000000075965,0,238.77312,71.08623
5dc8cea7659e181adb076a3f_e5c6641300c3ace88914ec7f_0000000079423,0,243.36784,73.57952
5dc8cea7659e181adb076a3f_e5c6641300c3ace88914ec7f_0000000081796,0,247.8929,76.91275999999999
5dc8cea7659e181adb076a3f_e5c6641300c3ace88914ec7f_0000000089684,0,253.0,78.5
5dc8cea7659e181adb076a3f_e5c6641300c3ace88914ec7f_0000000093126,0,253.5,75.5
5dc8cea7659e181adb076a3f_e83a1c294b5d138339149fcb_0000000000010,-1,180.35391,81.89371
5dc8cea7659e181adb076a3f_e83a1c294b5d138339149fcb_0000000002132,-1,177.20723999999998,78.636635
5dc8cea7659e181adb076a3f_e83a1c294b5d138339149fcb_0000000004323,-1,177.20723999999998,78.636635
5dc8cea7659e181adb076a3f_e83a1c294b5d138339149fcb_0000000006666,-1,177.20723999999998,78.636635
5dc8cea7659e181adb076a3f_e83a1c294b5d138339149fcb_0000000009452,-1,173.11972,79.812935
5dc8cea7659e181adb076a3f_e83a1c294b5d138339149fcb_0000000017116,-1,175.94006000000002,82.79033000000001
5dc8cea7659e181adb076a3f_e83a1c294b5d138339149fcb_0000000021626,-1,179.66523999999998,91.448074
5dc8cea7659e181adb076a3f_e83a1c294b5d138339149fcb_0000000024162,-1,179.66523999999998,91.448074
5dc8cea7659e181adb076a3f_e83a1c294b5d138339149fcb_0000000029220,-1,178.13257,82.594574
5dc8cea7659e181adb076a3f_e83a1c294b5d138339149fcb_0000000035179,-1,177.20723999999998,78.636635
5dc8cea7659e181adb076a3f_e83a1c294b5d138339149fcb_0000000042263,-1,177.80788,70.58256
5dc8cea7659e181adb076a3f_e83a1c294b5d138339149fcb_0000000044266,-1,177.80788,70.58256
5dc8cea7659e181adb076a3f_e83a1c294b5d138339149fcb_0000000051147,-1,177.20723999999998,78.636635
5dc8cea7659e181adb076a3f_e83a1c294b5d138339149fcb_0000000053390,-1,180.35391,81.89371
5dc8cea7659e181adb076a3f_e83a1c294b5d138339149fcb_0000000059967,-1,178.68088,72.812035
5dc8cea7659e181adb076a3f_e83a1c294b5d138339149fcb_0000000062706,-1,181.11786,74.621475
5dc8cea7659e181adb076a3f_e83a1c294b5d138339149fcb_0000000069860,-1,185.08286,79.7782
5dc8cea7659e181adb076a3f_e83a1c294b5d138339149fcb_0000000078816,-1,184.62991,74.42607
5dc8cea7659e181adb076a3f_e83a1c294b5d138339149fcb_0000000081600,-1,184.62991,74.42607
5dc8cea7659e181adb076a3f_e83a1c294b5d138339149fcb_0000000086748,-1,184.62991,74.42607
5dc8cea7659e181adb076a3f_e83a1c294b5d138339149fcb_0000000091762,-1,184.62991,74.42607
5dc8cea7659e181adb076a3f_e83a1c294b5d138339149fcb_0000000100835,-1,182.05168,82.98474
5dc8cea7659e181adb076a3f_e83a1c294b5d138339149fcb_0000000103974,-1,182.05168,82.98474
5dc8cea7659e181adb076a3f_e83a1c294b5d138339149fcb_0000000106375,-1,180.35391,81.89371
5dc8cea7659e181adb076a3f_e83a1c294b5d138339149fcb_0000000109440,-1,178.13257,82.594574
5dc8cea7659e181adb076a3f_e83a1c294b5d138339149fcb_0000000118200,-1,178.68088,72.812035
5dc8cea7659e181adb076a3f_e83a1c294b5d138339149fcb_0000000121450,-1,178.68088,72.812035
5dc8cea7659e181adb076a3f_e83a1c294b5d138339149fcb_0000000130413,-1,178.13257,82.594574
5dc8cea7659e181adb076a3f_e83a1c294b5d138339149fcb_0000000134126,-1,175.94006000000002,82.79033000000001
5dc8cea7659e181adb076a3f_e83a1c294b5d138339149fcb_0000000142810,-1,176.33493,68.97348000000001
5dc8cea7659e181adb076a3f_e83a1c294b5d138339149fcb_0000000147149,-1,175.04549,67.65810400000001
5dc8cea7659e181adb076a3f_e83a1c294b5d138339149fcb_0000000153724,-1,177.80788,70.58256
5dc8cea7659e181adb076a3f_e83a1c294b5d138339149fcb_0000000163298,-1,181.11786,74.621475
5dc8cea7659e181adb076a3f_e83a1c294b5d138339149fcb_0000000168414,-1,177.20723999999998,78.636635
5dc8cea7659e181adb076a3f_e83a1c294b5d138339149fcb_0000000177548,-1,182.05168,82.98474
5dc8cea7659e181adb076a3f_e83a1c294b5d138339149fcb_0000000181673,-1,178.13257,82.594574
5dc8cea7659e181adb076a3f_e83a1c294b5d138339149fcb_0000000184177,-1,175.94006000000002,82.79033000000001
5dc8cea7659e181adb076a3f_e83a1c294b5d138339149fcb_0000000195142,-1,179.66523999999998,91.448074
5dc8cea7659e181adb076a3f_e83a1c294b5d138339149fcb_0000000204367,-1,182.33672,90.882286
5dc8cea7659e181adb076a3f_e83a1c294b5d138339149fcb_0000000207372,-1,184.33789,90.71577
5dc8cea7659e181adb076a3f_ee40c6e25fe024d5da451909_0000000000008,6,203.53165,143.51396
5dc8cea7659e181adb076a3f_ee40c6e25fe024d5da451909_0000000005992,6,200.41064,136.42131
5dc8cea7659e181adb076a3f_ee40c6e25fe024d5da451909_0000000009744,6,199.35341,134.51713999999998
5dc8cea7659e181adb076a3f_ee40c6e25fe024d5da451909_0000000015514,6,200.41064,136.42131
5dc8cea7659e181adb076a3f_ee40c6e25fe024d5da451909_0000000019077,6,201.46214,138.49919
5dc8cea7659e181adb076a3f_ee40c6e25fe024d5da451909_0000000026937,6,201.46214,138.49919
5dc8cea7659e181adb076a3f_ee40c6e25fe024d5da451909_0000000034178,6,200.41064,136.42131
5dc8cea7659e181adb076a3f_ee40c6e25fe024d5da451909_0000000038964,6,199.35341,134.51713999999998
5dc8cea7659e181adb076a3f_ee40c6e25fe024d5da451909_0000000045238,6,200.53874,128.08545
5dc8cea7659e181adb076a3f_ee40c6e25fe024d5da451909_0000000053837,6,211.91716,125.397606
5dc8cea7659e181adb076a3f_ee40c6e25fe024d5da451909_0000000056023,6,211.91716,125.397606
5dc8cea7659e181adb076a3f_ee40c6e25fe024d5da451909_0000000066190,6,210.18173,137.91167
5dc8cea7659e181adb076a3f_ee40c6e25fe024d5da451909_0000000069870,6,200.41064,136.42131
5dc8cea7659e181adb076a3f_ee40c6e25fe024d5da451909_0000000075906,6,199.35341,134.51713999999998
5dc8cea7659e181adb076a3f_ee40c6e25fe024d5da451909_0000000086824,6,211.91716,125.397606
5dc8cea7659e181adb076a3f_ee40c6e25fe024d5da451909_0000000098117,6,210.18173,137.91167
5dc8cea7659e181adb076a3f_ee40c6e25fe024d5da451909_0000000104671,6,201.46214,138.49919
5dc8cea7659e181adb076a3f_ee40c6e25fe024d5da451909_0000000111691,6,199.35341,134.51713999999998
5dc8cea7659e181adb076a3f_ee40c6e25fe024d5da451909_0000000118734,6,200.53874,128.08545
5dc8cea7659e181adb076a3f_ee40c6e25fe024d5da451909_0000000124781,6,211.91716,125.397606
5dc8cea7659e181adb076a3f_ee40c6e25fe024d5da451909_0000000134344,6,215.9378,126.93172
5dc8cea7659e181adb076a3f_ee40c6e25fe024d5da451909_0000000137836,6,217.989,127.37666000000002
5dc8cea7659e181adb076a3f_ee40c6e25fe024d5da451909_0000000139756,6,219.99373,127.99113
5dc8cea7659e181adb076a3f_ee40c6e25fe024d5da451909_0000000142429,6,219.99373,127.99113
5dc8cea7659e181adb076a3f_ee40c6e25fe024d5da451909_0000000151276,6,216.19319,139.89328
5dc8cea7659e181adb076a3f_ee40c6e25fe024d5da451909_0000000153337,6,214.27127,139.35823
5dc8cea7659e181adb076a3f_ee40c6e25fe024d5da451909_0000000155023,6,212.42126,138.66296
5dc8cea7659e181adb076a3f_ee40c6e25fe024d5da451909_0000000157351,6,210.18173,137.91167
5dc8cea7659e181adb076a3f_ee40c6e25fe024d5da451909_0000000166855,6,211.91716,125.397606
5dc8cea7659e181adb076a3f_ee40c6e25fe024d5da451909_0000000169672,6,213.52357,125.909775
5dc8cea7659e181adb076a3f_ee40c6e25fe024d5da451909_0000000179634,6,219.99373,127.99113
5dc8cea7659e181adb076a3f_f9f99869dad1b2021ec7a7e2_0000000000009,4,146.91988,113.92813
5dc8cea7659e181adb076a3f_f9f99869dad1b2021ec7a7e2_0000000002395,4,144.22522,116.92045
5dc8cea7659e181adb076a3f_f9f99869dad1b2021ec7a7e2_0000000011341,4,136.36111,117.00211000000002
5dc8cea7659e181adb076a3f_f9f99869dad1b2021ec7a7e2_0000000019395,4,136.65704,128.57443
5dc8cea7659e181adb076a3f_f9f99869dad1b2021ec7a7e2_0000000023319,4,132.07947,129.9182
5dc8cea7659e181adb076a3f_f9f99869dad1b2021ec7a7e2_0000000034713,4,136.36111,117.00211000000002
5dc8cea7659e181adb076a3f_f9f99869dad1b2021ec7a7e2_0000000040709,4,137.2131,113.19859
5dc8cea7659e181adb076a3f_f9f99869dad1b2021ec7a7e2_0000000047143,4,129.85002,115.295654
5dc8cea7659e181adb076a3f_f9f99869dad1b2021ec7a7e2_0000000050826,4,126.666084,112.079216
5dc8cea7659e181adb076a3f_f9f99869dad1b2021ec7a7e2_0000000053964,4,122.071396,111.80243
5dc8cea7659e181adb076a3f_f9f99869dad1b2021ec7a7e2_0000000059206,4,116.717,106.976555
5dc8cea7659e181adb076a3f_f9f99869dad1b2021ec7a7e2_0000000063874,4,109.9769,105.77179
5dc8cea7659e181adb076a3f_f9f99869dad1b2021ec7a7e2_0000000066315,4,108.62149,102.0953
5dc8cea7659e181adb076a3f_f9f99869dad1b2021ec7a7e2_0000000071296,4,101.38185,99.456535
5dc8cea7659e181adb076a3f_f9f99869dad1b2021ec7a7e2_0000000074699,4,99.34811,94.501595
5dc8cea7659e181adb076a3f_f9f99869dad1b2021ec7a7e2_0000000077540,4,95.03718,94.56341
5dc8cea7659e181adb076a3f_f9f99869dad1b2021ec7a7e2_0000000083108,4,89.294945,88.95022
5dc8cea7659e181adb076a3f_f9f99869dad1b2021ec7a7e2_0000000086126,4,89.294945,88.95022
5dc8cea7659e181adb076a3f_f9f99869dad1b2021ec7a7e2_0000000092879,4,78.22288,82.30249
5dc8cea7659e181adb076a3f_f9f99869dad1b2021ec7a7e2_0000000095489,4,78.22288,82.30249
5dc8cea7659e181adb076a3f_f9f99869dad1b2021ec7a7e2_0000000100574,4,69.94484,78.67809
5dc8cea7659e181adb076a3f_f9f99869dad1b2021ec7a7e2_0000000103643,4,69.94484,78.67809
5dc8cea7659e181adb076a3f_f9f99869dad1b2021ec7a7e2_0000000109760,4,63.77764499999999,75.98529
5dc8cea7659e181adb076a3f_f9f99869dad1b2021ec7a7e2_0000000115838,4,60.94559,74.40563
5dc8cea7659e181adb076a3f_f9f99869dad1b2021ec7a7e2_0000000123093,4,63.77764499999999,75.98529
5dc8cea7659e181adb076a3f_fd4eee038c0ad7f0179e337e_0000000000009,3,148.28033,114.13241
5dc8cea7659e181adb076a3f_fd4eee038c0ad7f0179e337e_0000000002918,3,152.21829,120.13513
5dc8cea7659e181adb076a3f_fd4eee038c0ad7f0179e337e_0000000008688,3,154.86586,123.109604
5dc8cea7659e181adb076a3f_fd4eee038c0ad7f0179e337e_0000000017326,3,157.53024,121.10699
5dc8cea7659e181adb076a3f_fd4eee038c0ad7f0179e337e_0000000033508,3,163.65768,113.92914
5dc8cea7659e181adb076a3f_fd4eee038c0ad7f0179e337e_0000000039479,3,170.22653,112.27623
5dc8cea7659e181adb076a3f_fd4eee038c0ad7f0179e337e_0000000046704,3,177.84264,110.990585
5dc8cea7659e181adb076a3f_fd4eee038c0ad7f0179e337e_0000000053429,3,185.49396,114.838295
5dc8cea7659e181adb076a3f_fd4eee038c0ad7f0179e337e_0000000059812,3,191.5414,121.33346
5dc8cea7659e181adb076a3f_fd4eee038c0ad7f0179e337e_0000000064072,3,190.15625,126.834305
5dc8cea7659e181adb076a3f_fd4eee038c0ad7f0179e337e_0000000072575,3,183.36148,136.58228
5dc8cea7659e181adb076a3f_fd4eee038c0ad7f0179e337e_0000000079723,3,176.84378,141.05159
5dc8cea7659e181adb076a3f_fd4eee038c0ad7f0179e337e_0000000086719,3,164.60918,140.27844
5dc8cea7659e181adb076a3f_fd4eee038c0ad7f0179e337e_0000000092671,3,164.60918,140.27844
5dc8cea7659e181adb076a3f_fd4eee038c0ad7f0179e337e_0000000099801,3,158.61656000000002,133.45657
5dc8cea7659e181adb076a3f_fd64de8c4a2fc5ebb0e9f412_0000000000010,5,205.59604,98.605774
5dc8cea7659e181adb076a3f_fd64de8c4a2fc5ebb0e9f412_0000000009624,5,210.30719,87.294106
5dc8cea7659e181adb076a3f_fd64de8c4a2fc5ebb0e9f412_0000000016952,5,216.2312,76.15634
5dc8cea7659e181adb076a3f_fd64de8c4a2fc5ebb0e9f412_0000000023496,5,220.20837000000003,68.505684
5dc8cea7659e181adb076a3f_fd64de8c4a2fc5ebb0e9f412_0000000029334,5,223.90022,68.31267
5dc8cea7659e181adb076a3f_fd64de8c4a2fc5ebb0e9f412_0000000038827,5,231.30852,70.785515
5dc8cea7659e181adb076a3f_fd64de8c4a2fc5ebb0e9f412_0000000042860,5,231.30852,70.785515
5dc8cea7659e181adb076a3f_fd64de8c4a2fc5ebb0e9f412_0000000052129,5,223.90022,68.31267
5dc8cea7659e181adb076a3f_fd64de8c4a2fc5ebb0e9f412_0000000056408,5,223.90022,68.31267
5dc8cea7659e181adb076a3f_fd64de8c4a2fc5ebb0e9f412_0000000063548,5,217.09872,74.681145
5dc8cea7659e181adb076a3f_fd64de8c4a2fc5ebb0e9f412_0000000070280,5,213.06917,84.36326
5dc8cea7659e181adb076a3f_fd64de8c4a2fc5ebb0e9f412_0000000074886,5,211.58824,87.911896
5dc8cea7659e181adb076a3f_fd64de8c4a2fc5ebb0e9f412_0000000082589,5,205.59604,98.605774
5dc8cea7659e181adb076a3f_fd64de8c4a2fc5ebb0e9f412_0000000085758,5,205.59604,98.605774
5dc8cea7659e181adb076a3f_fd64de8c4a2fc5ebb0e9f412_0000000090895,5,201.81969,104.93627
5dc8cea7659e181adb076a3f_fd64de8c4a2fc5ebb0e9f412_0000000096899,5,195.82588,109.711815
5dc8cea7659e181adb076a3f_fd64de8c4a2fc5ebb0e9f412_0000000100447,5,192.55313,111.863014
